26.905097222222224 7.0
26.905097222222224 7.0
26.91269642857143 6.0
26.937696428571428 5.0
26.937696428571428 5.0
27.165668650793652 5.0
27.249085317460317 5.0
27.249085317460317 5.0
27.249085317460317 5.0
27.501291666666667 4.0
27.501291666666667 4.0
27.501291666666667 4.0
27.501291666666667 4.0
27.501291666666667 4.0
27.501291666666667 4.0
27.501291666666667 4.0
27.501291666666667 4.0
27.501291666666667 4.0
27.501291666666667 4.0
27.845755952380955 3.0
27.845755952380955 3.0
27.845755952380955 3.0
27.845755952380955 3.0
27.845755952380955 3.0
27.845755952380955 3.0
27.845755952380955 3.0
27.845755952380955 3.0
27.845755952380955 3.0
27.845755952380955 3.0
28.650613095238093 2.0
28.650613095238093 2.0
28.650613095238093 2.0
28.650613095238093 2.0
28.650613095238093 2.0
28.650613095238093 2.0
29.186386904761907 2.0