31.897881682644844 4.0
31.897881682644844 4.0
31.897881682644844 4.0
31.897881682644844 4.0
31.897881682644844 4.0
31.897881682644844 4.0
31.89815946042262 4.0
31.90807399033715 3.0
31.90807399033715 3.0
31.90807399033715 3.0
31.90807399033715 3.0
31.90807399033715 3.0
31.90807399033715 3.0
31.90807399033715 3.0
31.90807399033715 3.0
31.90807399033715 3.0
31.90807399033715 3.0
31.90807399033715 3.0
31.909462879226037 3.0
31.932359704622865 2.0
31.932359704622865 2.0
31.932359704622865 2.0
31.932359704622865 2.0
31.932359704622865 2.0
31.932359704622865 2.0
31.932359704622865 2.0