31.21140396825397 0.06087939453125 130.77337731933596 
32.56172142857143 0.05432919921874999 125.70520621744792 
30.595523015873013 0.05819755859375 182.58634924316408 
31.005451154401154 0.060383984375 137.05449853515626 
30.88916587301587 0.06310185546875 125.77439184570312 
30.330658369408365 0.060564501953125 210.58389318847657 
30.58821688311688 0.06349130859375 134.881904296875 
29.381012121212123 0.0785873046875 151.34481250000002 
29.072050216450215 0.084876025390625 160.77047509765623 
30.036941125541126 0.06866835937499999 135.72432666015624 
28.55011082251082 0.094004345703125 239.24958235677082 
30.813441125541125 0.06203979492187499 133.7763017578125 
30.369816883116883 0.06462978515625001 134.752654296875 
30.185650216450217 0.067368701171875 133.3926123046875 
29.356764502164502 0.08145454101562499 148.58466650390625 
30.309041125541125 0.064623193359375 139.7823401692708 
33.47642380952381 0.06299287109375 114.42193733723958 
32.00586608946608 0.06544160156249999 116.59688134765625 
31.899080375180368 0.06572050781250001 115.95663248697917 
32.851014718614714 0.063008642578125 114.87954313151042 
30.713236435786435 0.063303125 132.30847591145834 
30.249188816738815 0.06498857421875 134.34063606770835 
31.196944372294368 0.06135673828125 126.45951350911457 
31.634898556998554 0.0672001953125 118.04975374348959 
31.39624199134199 0.05997519531249999 130.04434932454427 
30.379716594516598 0.06337216796874999 136.49337744140624 
31.644287445887443 0.06388491210937501 120.73185408528646 
29.678867388167383 0.07165795898437499 148.13429020182292 
31.34965649350649 0.061847607421875 120.84226021321615 
29.929200721500724 0.06656904296875 154.095708984375 
30.10403665223665 0.06829692382812501 133.27000447591146 
30.4249031024531 0.06404814453125 132.70313037109372 
30.817285281385285 0.060912109374999995 129.5381024576823 
29.639496176046176 0.068373095703125 155.66461112467448 
30.106381890331885 0.06812197265625 137.50159122721357 
29.932438816738816 0.06708408203124999 138.2982497558594 
30.049581673881676 0.065849267578125 138.57603149414064 
30.215202886002885 0.06425532226562498 140.06494201660155 
31.22578427128427 0.0610169921875 129.0538037109375 
29.9023176046176 0.0691505859375 138.3986044108073 
29.603912842712838 0.071924853515625 149.2968096110026 
29.762284054834055 0.06873369140625 140.1408290201823 
29.709589610389614 0.07273623046875 140.31968994140624 
29.620996176046173 0.068761474609375 164.89220926920575 
29.686262049062048 0.0719345703125 140.524861328125 
29.901869985569984 0.06949482421875 135.16522115071615 
30.967723953823953 0.067412548828125 120.7966014811198 
29.75686738816739 0.070192529296875 139.16225187174481 
32.55488282828283 0.049545751953124995 129.82960563151042 
31.015173737373733 0.056481494140625 143.51702054850261 
31.465173737373735 0.053401123046875006 159.68821728515624 
30.757729292929287 0.057206542968749996 165.67370658365886 
30.36372424242424 0.06125361328124999 161.30223103841143 
31.341120202020203 0.05482705078124999 131.47009358723957 
31.708602020202015 0.054538037109375 126.66405261230469 
30.187416161616166 0.064298681640625 144.2929413248698 
31.522352525252526 0.053471044921874995 143.36381461588542 
30.860608080808078 0.057138476562499985 149.69072432454425 
30.56226565656566 0.05976328125 143.22313167317708 
32.13030202020202 0.051094677734374996 130.6699990641276 
30.84122929292929 0.05544306640625 160.1938652750651 
31.49035252525253 0.05384521484375 139.79794006347655 
31.138938383838386 0.05512412109375 151.14172371419272 
30.36483232323232 0.06041215820312501 144.47323107910157 
30.16902727272727 0.06666357421874998 136.9142656656901 
30.34128282828283 0.06146987304687499 150.6829442138672 
30.55190808080808 0.058588671875 155.9429521891276 
31.083071717171723 0.05877958984374999 132.2591476236979 
31.472716161616162 0.054167431640625 136.8372606608073 
31.530882828282827 0.055694238281249996 122.70706424967446 
32.20656464646465 0.051003759765625 136.49766739908853 
31.251507070707074 0.055756005859375 148.86864689127603 
30.457062626262623 0.05846152343749999 182.77997188313802 
30.26922424242424 0.06229501953125 146.3996201985677 
30.581987878787878 0.06390356445312499 136.02169128417967 
30.605098989898988 0.05737670898437499 138.21771451822917 
29.798068686868692 0.06746083984375 159.07340653483072 
31.291764646464642 0.057015966796875 131.84348885091146 
29.317156637806637 0.07036782226562499 163.47009700520834 
31.942388816738816 0.053052294921875 151.38047509765624 
31.296444372294374 0.055237939453124996 143.46136678059895 
30.152869769119764 0.061740576171874985 158.34462145996093 
29.233156637806637 0.07059028320312499 168.6223984375 
29.72304754689755 0.066825634765625 161.94000887044268 
30.279142784992782 0.060692871093749996 162.63228129069012 
28.750172222222222 0.08005043945312501 182.3784940592448 
29.824025324675326 0.06673037109374999 154.8392267659505 
31.072014213564213 0.05647690429687499 145.04661710611978 
28.838998051948053 0.08014287109375001 162.26390417480468 
29.17956471861472 0.07182724609374999 162.53597892252603 
30.989125324675324 0.05686191406249999 151.9402674967448 
30.463325324675324 0.06291904296874999 141.89523673502606 
28.597266305916307 0.08136220703125 211.53977559407548 
30.528558658008656 0.060243408203124994 152.588568359375 
29.67329805194805 0.067482373046875 155.2321962076823 
29.554703102453104 0.067436767578125 168.7267303466797 
29.488858658008656 0.070249365234375 156.52828584798178 
29.765333261183258 0.06479277343749999 167.22585888671875 
29.38908088023088 0.06851835937499999 173.73476981608073 
28.677953607503603 0.08020712890625 176.1502140299479 
29.817734415584418 0.0678052734375 144.54767122395833 
29.11079805194805 0.073047216796875 158.8800524902344 
29.882134415584414 0.06721391601562499 143.13791455078126 
28.95039805194805 0.0755205078125 164.6055196940104 
29.34512027417027 0.06812119140625 179.13266764322913 
30.070298051948047 0.064996728515625 141.86949861653648 
29.88518722943723 0.06237377929687499 194.41112841796877 
29.023314213564213 0.07248920898437498 166.14892687988282 
29.73338852813853 0.06777778320312498 147.71310697428385 
28.868347113997114 0.07796152343749999 166.8636016438802 
29.074899062049056 0.071972900390625 205.29124910481772 
30.12368246753247 0.061407421875 185.83615755208336 
29.231847546897548 0.0692287109375 182.56050093587237 
28.894555194805193 0.07353291015625 185.09151936848957 
28.743653607503607 0.0762748046875 206.92750520833334 
29.162025324675323 0.06995991210937498 177.16922058105467 
29.08879805194805 0.073509423828125 158.75642240397136 
30.358888816738812 0.060048681640625 162.11628580729166 
29.849007142857143 0.067051953125 150.9312997233073 
29.999266305916304 0.06244428710937499 162.71690787760417 
29.94485360750361 0.066184326171875 150.7245352783203 
29.57298852813853 0.069299462890625 153.32536079915366 
29.63402532467532 0.06933022460937499 149.43833894856772 
28.927004689754686 0.07176718750000001 217.05522680664063 
29.295164718614714 0.07135751953125 153.33236181640626 
30.198571356421354 0.06115859375 178.00905411783853 
29.374647546897545 0.06732294921874998 198.37005407714844 
29.47464552669552 0.0697130859375 165.7424071044922 
29.4902031024531 0.06615537109374998 195.62251932779947 
29.24456774891775 0.072610546875 154.0424490559896 
28.792777417027413 0.07434560546874999 191.94840462239586 
29.407664718614715 0.07113798828125 152.76723396809896 
28.698886507936503 0.07818691406249999 186.29356119791666 
29.247264718614716 0.072260986328125 154.89936897786458 
29.69975865800866 0.064991162109375 177.8457225748698 
29.669187229437235 0.06361088867187499 202.56643603515624 
32.39374660894661 0.06509999999999999 115.8438123372396 
32.61674660894661 0.059207080078125 117.4975948079427 
32.60326327561327 0.06713544921875 114.20104353841145 
32.72045115440115 0.058213476562500005 121.9237264404297 
32.663889466089465 0.06202446289062499 116.97676354980469 
31.103994733044733 0.07034233398437499 117.553296875 
30.741194733044725 0.06253071289062499 133.1627255045573 
30.54477337662338 0.080920458984375 122.76624450683593 
29.1567943001443 0.08252197265625 148.12864200846354 
29.366612193362194 0.079071484375 150.55985176595053 
30.106876551226545 0.06766220703124999 130.61019287109374 
30.792299494949493 0.06480048828125 122.06397285970051 
30.288068614718615 0.075411474609375 123.45000126139323 
30.8295448051948 0.076122607421875 121.27077429199218 
29.698182395382393 0.071384716796875 146.55963602701823 
30.70887525252525 0.063651904296875 122.50175817871093 
32.17742734487734 0.060773486328125 117.56337276204425 
29.741876551226547 0.072626513671875 134.02280822753906 
29.68354711399711 0.06722456054687499 163.63519323730466 
29.483966017316014 0.078989208984375 132.95369486490887 
29.609194588744586 0.078307275390625 133.88361584472656 
29.027418686868682 0.085254248046875 150.53898144531252 
29.45690858585858 0.0731521484375 133.93200097656248 
30.537837590187586 0.06298115234375 141.021928914388 
30.324147979797978 0.0709048828125 123.0094774576823 
30.101900360750356 0.07131601562499998 124.96368823242187 
30.195100360750356 0.06349091796874999 146.79236584472656 
29.75504538239538 0.071318701171875 130.6588516031901 
30.007371789321784 0.068401123046875 137.2558875732422 
30.48904321789322 0.07020839843749999 123.72102978515626 
31.49155663780664 0.05840693359375 123.00758483886719 
30.207267027417025 0.065284423828125 124.16422619628905 
30.13854321789321 0.065653369140625 138.31500817871094 
29.848897474747474 0.06771142578125 139.30594384765624 
29.71899191919191 0.07080708007812499 140.80137158203124 
30.57431464646464 0.06420361328125 129.52224511718748 
29.626162265512264 0.074131689453125 131.98211584472656 
29.28686601731601 0.085765966796875 136.31085506184894 
29.429032395382393 0.08071777343749999 147.6605869140625 
29.53912763347763 0.0697703125 155.14382153320312 
29.945900360750358 0.06408505859375 147.11373889160154 
30.31190858585858 0.06488178710937499 131.1307646891276 
