31.605569336219336 0.049356787109375 94.31205541992188 
32.124966161616165 0.047335400390625 92.76762622070311 
32.12895822510822 0.04658808593749999 93.11983723958332 
32.924930447330446 0.044663964843749994 93.6366700032552 
32.27518044733044 0.04547739257812499 95.28114754231768 
33.108597113997114 0.044239306640625 93.9939248046875 
32.380355050505045 0.046145654296875 92.94210587565104 
32.340263780663776 0.044577978515625 94.1974904785156 
32.52606933621934 0.04532958984374999 92.8188486735026 
32.024486002886 0.045541845703125 101.54658459472657 
31.797180447330444 0.046155419921874996 105.86955782063802 
31.446736002886006 0.047492968749999996 105.80150728352864 
31.73472012987013 0.04860473632812499 94.09072180175781 
31.88806933621933 0.048073437499999996 93.29703690592447 
31.781930447330446 0.045551611328125 107.18442358398437 
31.812736002886 0.047335400390625 94.82086897786456 
32.02679913419913 0.04598427734374999 94.51797448730468 
31.45885108225108 0.047782470703124996 98.18044458007812 
32.00057727272727 0.04675390625 95.27405940755207 
31.775930447330442 0.04510786132812499 112.81715209960937 
30.224280158730163 0.05295834960937498 111.85527221679686 
30.055313492063497 0.05395312499999999 114.05689249674478 
28.585899206349207 0.066180712890625 213.9934318847656 
29.333682539682545 0.057964160156249986 182.34201859537757 
29.374282539682543 0.060296093749999995 137.58573124186196 
29.639515873015874 0.057230322265624994 135.3107275390625 
29.607682539682543 0.05927993164062499 130.41919014485677 
28.79843253968254 0.064613134765625 184.71836319986977 
30.075515873015874 0.05328115234374999 128.01377209472656 
29.267682539682543 0.06030473632812499 154.04764383951823 
29.79751587301588 0.05496586914062499 154.5846249186198 
29.664932539682546 0.055317626953125 179.5143713785807 
29.437782539682544 0.057221337890624994 192.33347546386716 
29.534365873015876 0.056457421875 170.15231652832028 
29.367115873015873 0.05946264648437499 154.3681768798828 
29.449988095238094 0.05604648437499999 203.85241377766928 
29.015449206349206 0.06246855468749999 155.2730830891927 
28.97686587301587 0.062195703125 191.51827579752603 
29.826015873015876 0.053649511718749994 165.4569311523437 
29.904732539682545 0.05650634765624999 126.87781742350259 
29.205765873015874 0.0597169921875 175.3222102050781 
30.44757142857143 0.051124609375 119.30316072591145 
29.91609920634921 0.05453798828125 128.08661661783853 
29.474115873015876 0.05759931640624998 150.690326171875 
30.978845165945167 0.049070556640625 106.83871325683594 
31.183345165945166 0.046752539062499994 121.27670544433593 
30.717834054834054 0.050302392578124994 108.5247803955078 
30.554849206349203 0.050860595703125 109.30989807128907 
31.298138095238095 0.046142919921875 114.71308264160156 
31.523321356421356 0.046366259765625 105.82081750488281 
31.940669841269838 0.044583203125 103.5805185546875 
30.230960317460315 0.052199023437500006 123.1995419921875 
32.132669841269845 0.04375737304687499 107.8845029296875 
31.267511832611834 0.046681982421875 108.0009793701172 
31.388178499278503 0.045790283203125004 113.29582336425781 
31.598678499278503 0.04516953125 113.98681884765625 
31.107749206349204 0.048159716796874995 106.47441247558592 
31.205734054834053 0.04755458984375 106.45599816894531 
30.81668253968254 0.04929819335937499 108.25340881347657 
31.809336507936504 0.045070654296875 105.04403417968749 
30.00671024531024 0.05504028320312499 124.89700903320312 
30.261038455988455 0.050756298828125 123.09006652832032 
30.60596226551227 0.048927441406249994 122.41934729003906 
31.28796226551227 0.04615742187499999 108.57238354492188 
30.725406709956705 0.04803095703125 115.81237109375 
29.995538455988452 0.052328124999999996 146.6870457763672 
31.236517821067817 0.046457763671875 111.82311291503906 
31.44785115440116 0.045357861328125 111.53150146484374 
30.26030815295815 0.051889697265625 120.55201501464843 
30.53078448773449 0.05134443359374999 107.9505422363281 
29.681694660894664 0.056798583984375005 144.1318389892578 
30.116986868686872 0.052997363281249994 122.8553780517578 
30.115677344877348 0.051449511718749986 137.3787392578125 
30.99347020202021 0.047721044921875004 107.4846279296875 
31.217351154401157 0.046361718749999996 119.6073720703125 
30.315121789321793 0.051180419921875 111.2359053955078 
30.384867821067818 0.052246044921875 108.43624450683593 
31.00743845598846 0.047044042968750005 113.15652111816408 
31.1342955988456 0.046826367187499995 107.95005041503907 
31.523598629148626 0.04541035156249999 107.65691540527344 
30.34206226551227 0.050529003906249995 121.03204638671875 
30.3955455988456 0.049617138671874984 137.46757653808595 
32.1557955988456 0.0442548828125 102.96049715169272 
30.93296226551227 0.047435693359375 120.63416687011718 
30.212201154401154 0.05255771484375 116.60772424316406 
30.499271789321792 0.04931865234375 124.00206005859376 
29.93234401154401 0.05260810546875 139.9020762939453 
30.64140670995671 0.048483691406249994 123.203912109375 
30.460303535353532 0.04971054687499999 118.41354370117188 
30.578504184704187 0.05033583984375 107.7146094970703 
30.561145598845595 0.04971855468749999 112.84167370605468 
29.78687972582973 0.05590126953124999 142.75172912597657 
29.982974819624815 0.055060009765624994 122.71751135253905 
29.78683751803752 0.056558056640625 138.45224096679686 
30.83682337662338 0.048531103515625 107.9836846923828 
30.74543448773448 0.048750097656249984 113.33056445312499 
30.81474004329004 0.047710937499999995 113.70186083984375 
30.087043867243864 0.051922119140625 123.93847399902343 
31.054251154401154 0.048846679687499985 105.81680615234374 
30.45112178932179 0.050246630859375 113.46430444335937 
30.72442085137085 0.049434228515625 107.2289072265625 
30.36543845598846 0.04992470703124999 123.51221484375 
29.634889105339106 0.056207373046875 149.75346057128905 
29.946963059163064 0.05363193359375 131.70310046386717 
29.76490115440115 0.05581992187499999 174.28021919759115 
32.03221940836941 0.044327490234374996 103.04104748535156 
29.880041414141417 0.05432236328124999 158.9053576253255 
31.828686075036074 0.045913427734375 95.90403479003905 
31.181786075036076 0.048760302734375004 101.21028869628907 
30.994630519480516 0.049547802734375 101.7351612548828 
30.334725757575757 0.05039160156249999 141.21883947753906 
31.541352741702745 0.046931298828124995 101.32824865722657 
31.906463852813854 0.044502050781250004 129.441419921875 
30.855430519480514 0.050520458984375 106.21871362304688 
29.79987575757576 0.05628422851562499 137.12958923339843 
31.786019408369405 0.04465009765625 148.0538466796875 
32.42598131313132 0.044418017578124996 95.71116003417967 
32.12944797979798 0.043753955078125 124.6442686767578 
31.971463852813855 0.04425771484375 112.31994580078126 
31.70346385281385 0.045083544921874996 112.93736181640624 
30.690647186147185 0.051888916015624995 104.11752038574218 
32.13921940836941 0.04522744140624999 96.01754162597655 
31.475741630591628 0.047621826171875006 95.52893640136719 
31.65774163059163 0.046804443359374996 95.22515563964842 
32.36378131313131 0.043343798828124995 102.40206628417968 
31.68474163059163 0.046085693359375 106.03804626464841 
31.150230519480516 0.04918471679687499 96.23403576660156 
29.808875757575755 0.05517998046875 150.69789013671874 
30.868297186147185 0.04832998046875 113.45049621582031 
31.23079718614719 0.04678740234375 113.15756115722654 
31.262630519480517 0.048212060546875 96.5027764892578 
31.291297186147187 0.047760986328125005 101.49975842285156 
29.989984848484845 0.05347998046875 139.3737137451172 
29.555703535353537 0.0575716796875 165.60795104980468 
32.003773737373734 0.044559033203124994 110.42149011230468 
31.734417316017314 0.045004882812499994 116.21624462890624 
