31.914925757575755 0.052036962890625 150.67129158528644 
32.13587727272728 0.052391064453125 150.51198111979167 
31.913768181818185 0.05272255859374999 149.38118408203127 
31.82883484848485 0.05285361328124999 151.14170174153645 
31.977968181818188 0.05167724609375 154.6980011393229 
33.52056414141415 0.049224609375000006 146.99359928385417 
32.70137727272728 0.050103955078125 137.3312609049479 
32.655468181818186 0.050406005859375005 152.67676786295573 
32.92882171717172 0.049684960937499995 152.86262357584636 
31.528377705627708 0.05521645507812499 164.10698885091148 
33.42637727272728 0.048563330078125 162.81537943522136 
31.65756818181818 0.05438349609375 180.1195350748698 
31.56323484848485 0.054786425781249995 163.59297713216148 
31.68840151515152 0.05394492187499999 170.3565789388021 
31.77632575757576 0.053082275390625 155.21744197591147 
32.49187727272728 0.050551220703125 137.29236979166666 
32.154877272727276 0.050551220703125 137.63390299479167 
33.27437727272727 0.049304736328125 139.05024723307292 
32.77025505050506 0.050945947265625 135.85147884114585 
31.687768181818182 0.05414091796875 154.61076684570313 
32.05947727272727 0.0532029296875 141.2544599202474 
32.44667727272727 0.051152783203125 131.481802734375 
31.854598629148633 0.06028935546874999 146.57109521484375 
31.66831984126984 0.06361660156249999 143.11893098958333 
32.320781529581524 0.057075683593749996 136.96299934895833 
32.35446984126984 0.05827998046875 136.16550284830728 
32.2537652958153 0.0588482421875 135.66250634765623 
31.806569841269837 0.06099628906250001 145.9051973470052 
30.30207171717171 0.071036669921875 200.08930196126303 
30.30877518037518 0.07160546875 184.1676833902995 
30.614441847041846 0.07014599609375 167.68098685709634 
30.68252626262626 0.064686376953125 175.45738610839845 
31.78968282828283 0.05451918945312499 149.455021484375 
30.88714314574314 0.06185678710937499 162.3125400797526 
31.565819624819625 0.061635400390625004 151.16718530273437 
31.440952669552672 0.057144580078124986 160.241196085612 
31.317920923520923 0.057522558593749995 163.00463452148438 
30.84596565656565 0.06680546874999999 162.20623645019532 
31.18106378066378 0.059213330078124994 171.00130493164062 
31.34990505050505 0.058217431640625004 152.3709422607422 
30.49045266955267 0.06848374023437499 197.41204178873699 
31.24230981240981 0.05796674804687499 164.7805926513672 
31.02120375180375 0.06026845703125 164.96334501139324 
31.046809812409812 0.059950732421875 178.87775061035157 
31.15980981240981 0.06424624023437499 154.23159533691407 
30.306881240981237 0.070762060546875 213.4772693277995 
31.097143145743146 0.06120522460937499 157.22177185058592 
30.78464314574314 0.06263676757812499 190.89144299316408 
31.170537085137084 0.05998608398437499 159.79907873535154 
30.43427518037518 0.069163818359375 179.767260538737 
30.594143145743146 0.067762451171875 186.15774198404947 
31.29714314574315 0.05846542968749999 154.81378942871092 
31.6124101010101 0.056104345703125 149.500431640625 
31.51790505050505 0.05741123046875 151.24963562011717 
30.721714574314575 0.06900458984374999 166.92424857584635 
30.970809812409815 0.059950732421875 183.84506766764324 
31.854920923520922 0.05331899414062499 148.26072485351563 
30.661738383838383 0.0645458984375 207.03016857910154 
30.87764314574314 0.06091225585937499 168.19528356933594 
30.542643145743142 0.065221923828125 197.22076200358075 
31.033298989898995 0.06116538085937499 159.17047692871094 
30.408186002886005 0.069782421875 223.55589603678385 
31.23880981240981 0.05682978515625 178.11732206217448 
30.592881240981242 0.069182177734375 172.6821739501953 
30.779786002886002 0.061045068359374996 192.80746415201824 
32.583601803751804 0.06052700195312499 128.64615226236978 
33.38697958152958 0.057529150390625 121.94933968098958 
33.87533513708514 0.05542397460937499 123.35325040690104 
33.3040018037518 0.056867529296875 124.6591554361979 
33.03642604617605 0.056826318359374996 131.18200915527342 
33.69777958152958 0.055957177734374995 122.07834171549479 
33.61377958152958 0.056578662109375 123.74052140299477 
33.00357049062049 0.057853662109375 127.74475378417968 
33.152390692640694 0.055742675781249994 127.27641068522135 
33.096501803751806 0.05739467773437499 127.81105900065103 
32.84325735930736 0.05878891601562499 126.67576684570312 
33.40127958152958 0.05512119140625 125.30730839029947 
32.7757018037518 0.05985390625 125.19455733235677 
32.48253513708514 0.058574414062499996 129.37266947428384 
32.35341089466089 0.05998139648437499 134.39047977701824 
33.3820018037518 0.055576953125 125.9520146891276 
33.46031291486292 0.056964404296875 121.20916353352864 
