31.415503174603174 0.04546796874999999 141.27176745605468 
32.27908888888889 0.04451762695312499 94.63555834960937 
32.12391464646465 0.04708256835937499 93.36079838053385 
31.85242222222222 0.044416406250000005 113.00140698242187 
31.83897777777778 0.045426806640625 102.51636718749998 
32.48429848484849 0.04580244140624999 93.51711608886718 
31.53555353535354 0.0449107421875 111.47834948730468 
30.927553535353535 0.047835546874999996 112.14778820800781 
31.152886868686874 0.04856118164062499 97.00233093261718 
32.628076262626266 0.04526923828125 93.55949597167968 
30.932186868686866 0.052927294921875 94.51678104654948 
32.826788383838384 0.04820771484374999 91.59829597981769 
31.55002777777778 0.04911386718749999 93.52835123697915 
30.74144242424243 0.049102246093749996 109.92859655761717 
32.13779343434343 0.049331298828124995 92.20667220052083 
30.7974702020202 0.050240380859374996 105.99964982096354 
30.542886868686868 0.049613330078125 113.770357421875 
32.21864444444444 0.04451762695312499 99.52869860839843 
32.59298737373738 0.04640332031249999 92.79926338704428 
30.99624797979798 0.051245849609375 95.55962422688802 
30.326164646464647 0.050232275390625 131.1686494140625 
31.613884343434346 0.051632519531250004 92.16629919433595 
32.302593434343436 0.052483447265625 89.1740439046224 
31.649755555555558 0.0481798828125 94.03190942382813 
32.501421717171716 0.04828330078124999 91.90261165364583 
31.678826262626263 0.044762207031249994 106.3954171142578 
31.16555353535354 0.04781884765624999 104.53842016601563 
31.449533333333335 0.04606435546875 106.73669165039061 
32.08749292929293 0.04491132812499999 104.85808203124999 
32.13799797979798 0.044666162109375 99.70871362304686 
32.255492929292934 0.044291845703125 104.75512731933591 
32.48333131313131 0.043907177734375004 105.28075012207032 
30.895997979797976 0.048327099609374986 106.76095556640625 
31.89264444444445 0.045266796874999994 99.71645898437498 
31.20860909090909 0.046017431640624995 120.08968676757813 
32.045088888888884 0.043936376953125 110.57506518554686 
31.18999797979798 0.04669726562499999 111.69037573242187 
31.972442424242427 0.04438002929687499 106.20185620117186 
31.248886868686867 0.04646425781250001 106.69178930664062 
31.06805353535354 0.046899853515625 119.99561682128906 
31.341997979797984 0.04596484374999999 111.52622644042968 
30.98688686868687 0.04778408203125 106.75925854492186 
31.657270707070712 0.04721665039062499 93.95283288574218 
30.71999797979798 0.04880712890625 113.4100164794922 
32.312148989898986 0.05135185546874999 89.40620930989583 
31.11355353535354 0.047076562499999995 107.5749473876953 
31.374331313131314 0.04801674804687499 95.92520983886718 
31.23733888888889 0.0509373046875 93.5320155843099 
31.548644444444445 0.04541376953125 106.52864538574217 
30.500406998557 0.04879375 115.26060949707032 
29.720256998556998 0.052895654296875 145.94314453124997 
30.720614141414146 0.051753027343749994 97.16366564941407 
29.814971284271277 0.0528900390625 137.24024194335936 
29.657756998556998 0.055802978515625 124.40964819335937 
30.184756998556995 0.05225712890624999 109.88916467285156 
31.41574393939394 0.044979150390624986 135.53925085449217 
30.60378795093795 0.04815361328124999 152.07179614257814 
30.645764141414137 0.048210546874999996 131.65536291503906 
30.256656998557002 0.05038515624999999 122.36531433105469 
30.669756998556995 0.05197070312499999 97.44873596191407 
30.394406998556995 0.049404492187499996 122.39360705566406 
29.901906998556996 0.05203579101562499 145.1806110839844 
30.99815303030303 0.046473486328124994 137.12707507324217 
30.431764141414142 0.049145117187500004 136.35796984863282 
31.368855050505044 0.0465046875 96.99472180175782 
29.747756998556998 0.055098876953124994 122.99581298828126 
30.179406998556995 0.0498224609375 145.05568420410157 
30.300728427128423 0.050065624999999996 132.31899658203125 
31.039014141414135 0.048137060546875 97.45059704589843 
30.80911414141414 0.04911665039062499 108.70295935058593 
29.479756998556994 0.056372900390625 145.41204467773437 
30.011756998556994 0.052514892578125 121.83976708984376 
29.596256998556992 0.053766357421874994 144.8603076171875 
31.430573665223665 0.04546645507812499 109.34890905761719 
31.07628795093795 0.04629228515625 114.868732421875 
31.274664574314574 0.04550371093749999 136.1297982177734 
31.110478427128427 0.04937177734374999 96.96149072265624 
30.178523232323233 0.0514125 122.40113183593749 
30.79961414141414 0.050139404296874995 97.55521350097658 
30.324764141414143 0.04938203125 144.54514807128908 
31.314486363636362 0.047398046874999995 96.79394519042967 
30.105228427128424 0.05067001953125 136.85055517578124 
30.697621284271282 0.04801806640624999 114.61963647460936 
30.856764141414143 0.048058886718749985 108.83047424316406 
29.838256998557 0.053601513671875003 122.25826049804688 
30.602864141414138 0.04973291015625 108.55692590332032 
30.013614141414138 0.05180761718749999 137.16117126464843 
30.051621284271278 0.050943212890625 145.63895495605468 
30.965906998556992 0.04718398437499999 109.59288146972655 
31.233906998556996 0.04635815429687499 108.97546545410157 
29.448256998557 0.05574848632812499 162.479169921875 
30.889906998557 0.04718398437499999 114.51428186035156 
30.79126414141414 0.047441650390625 136.00448352050782 
30.304256998556994 0.05126054687499999 109.56698181152343 
29.594256998556993 0.054696240234375 165.27623974609375 
30.424756998556994 0.05067451171874999 109.11929333496094 
29.622756998556998 0.05508393554687499 129.59188623046876 
31.670458225108224 0.044568994140625 108.3756533203125 
29.707256998556996 0.054501708984374994 131.1137883300781 
29.386645670995666 0.05586665039062499 157.06128417968748 
30.017895670995667 0.051541503906249994 152.6676456298828 
29.38844567099567 0.05687646484374999 151.55667907714843 
29.196912337662333 0.058311376953125 153.95115148925782 
29.024912337662336 0.059354882812499996 176.68806408691407 
30.13464567099567 0.052133496093749995 127.79140368652342 
30.004495670995667 0.05317548828125 125.42199572753907 
29.360852813852816 0.057247998046875 132.98198193359377 
29.89892597402597 0.0525611328125 154.90722326660156 
29.107048701298698 0.058380078125 159.40929760742188 
28.29215476190476 0.07062060546875 160.4800528564453 
29.061464285714287 0.06024570312499999 133.64334130859373 
29.588821428571432 0.054979931640625 147.35069458007814 
28.717812770562773 0.060805517578124996 182.03762890625 
28.301130952380955 0.066377783203125 183.96715991210937 
29.25582142857143 0.056429296875 156.08825427246094 
28.71338095238096 0.06230200195312499 179.11821972656253 
29.051243650793648 0.067189111328125 132.46903283691404 
29.3997380952381 0.057823291015624986 131.9701278076172 
28.902130952380958 0.05850590820312499 193.14367285156248 
29.37972142857143 0.05534843749999999 163.15499108886718 
29.453614285714284 0.054261669921875 176.77045922851562 
28.567464285714287 0.06332075195312499 185.6315478515625 
28.568297619047627 0.063288525390625 166.4969461669922 
30.022114285714288 0.05112441406249999 167.59349780273436 
30.051471428571432 0.05222861328124999 129.09105249023438 
28.784910317460323 0.0685951171875 140.68585668945312 
28.60174365079365 0.068918212890625 145.76268615722654 
28.921464285714293 0.059588867187499985 164.88897607421876 
29.305710317460317 0.05966425781249999 133.19312719726562 
28.734797619047622 0.06442890624999999 147.11902075195312 
29.70503095238095 0.05456020507812499 124.18271093749999 
29.036630952380957 0.05678178710937499 179.24873986816408 
28.911130952380955 0.06191787109374999 154.39226794433594 
28.546450000000004 0.067209521484375 160.96596166992188 
29.74088095238096 0.053434326171875005 145.73081774902343 
29.049964285714285 0.05783935546874999 159.8226766357422 
30.212614285714288 0.05103193359375 125.93408532714844 
29.51429761904762 0.055869189453124996 128.13300476074218 
29.65511428571429 0.05305957031249999 176.7391032714844 
30.087336507936506 0.051147949218749995 144.69950732421876 
29.402964285714287 0.056049755859375 148.58154541015625 
29.26615476190476 0.057223974609375 140.7953790283203 
29.246280952380953 0.055717236328124996 177.05405957031252 
30.694447619047622 0.048689794921875 124.24806665039063 
29.771364285714284 0.052796533203124996 165.39073474121093 
29.658047619047622 0.05538930664062499 121.56686682128905 
28.38463095238096 0.063966015625 186.43763732910156 
29.109964285714288 0.059573583984374984 154.49674279785157 
32.808580808080805 0.044008154296875 94.04410314941406 
31.203847474747473 0.05237294921875 93.38476940917968 
32.70235858585858 0.044008154296875 98.74860668945314 
32.134712121212125 0.04488041992187499 105.1826534423828 
31.648958585858587 0.049390625 92.60914571126303 
32.068025252525246 0.04552861328124999 93.65306628417969 
30.835574747474748 0.05382568359375 94.51614440917969 
31.992025252525256 0.04552861328124999 98.57446667480468 
30.990756565656564 0.05274584960937499 94.02724108886719 
32.002958585858586 0.047462841796874995 92.53907100423177 
31.6571404040404 0.048004638671874995 93.14406127929686 
31.334958585858587 0.05127788085937499 93.12154724121095 
30.76461767676768 0.05264174804687499 97.01448828125 
30.982534343434345 0.050045898437499986 99.24404772949218 
31.361847474747474 0.04967299804687499 93.34093029785157 
32.99702525252525 0.044946923828125 92.45063671874999 
30.74764545454546 0.051385595703124995 105.98740295410155 
30.474839898989902 0.05280073242187499 109.09191784667969 
30.856062121212123 0.051628857421874993 97.53122900390625 
30.75397878787879 0.050331738281249996 107.89664941406248 
32.24395858585858 0.046797216796875 92.55521944173177 
30.555951010101012 0.05577641601562499 97.897232421875 
32.34302893217893 0.043650048828124996 107.46335526529947 
30.751855916305917 0.05057534179687499 104.4211329752604 
31.63526702741703 0.04636542968749999 105.10497436523438 
29.96870591630592 0.055806249999999995 116.98741739908853 
29.52943210678211 0.059306835937499996 127.7869064127604 
29.908186075036074 0.05773769531249999 115.25923404947915 
30.66653924963925 0.05151962890624999 99.68364444986977 
30.10529682539683 0.05413515625 115.86210021972656 
30.33903924963925 0.05490571289062499 105.09499963378906 
32.023441630591634 0.045035986328124986 96.57077172851562 
31.653267027417034 0.04615620117187499 97.4533720703125 
30.929989249639252 0.04955546875 103.6398497721354 
30.05495591630592 0.056559912109375 107.62655729166667 
30.477039249639247 0.05309404296874999 104.41113830566405 
31.08698924963925 0.04755673828124998 109.22656054687499 
30.623991630591632 0.052089062499999984 103.49073905436198 
32.297594300144304 0.048147314453125 92.42361694335938 
32.592120418470415 0.046303271484375 93.36451241048177 
31.85260930735931 0.05002358398437499 92.53744661458333 
32.81431883116883 0.0453322265625 93.42484497070312 
