28.45275966810967 0.08139067382812501 266.4862170003255 
33.906583766233766 0.049000537109375 109.4231445719401 
28.580380447330448 0.079887255859375 251.64648531087238 
29.62312806637807 0.0632240234375 212.50030725097653 
29.724670923520925 0.062450927734375 232.00542529296874 
28.534880447330448 0.080296923828125 231.10087141927085 
28.936989971139973 0.073505029296875 208.4777878417969 
29.42885663780664 0.066310791015625 241.47456054687498 
34.48063715728716 0.048221533203125 109.88880839029947 
29.409389971139973 0.06673369140625 224.4479456787109 
28.954609018759015 0.076330126953125 194.24408374023437 
29.26623917748918 0.06922236328124999 201.7613505859375 
33.19428080808081 0.04872182617187501 124.00224861653646 
34.18647049062049 0.047798388671875004 113.38926989746093 
28.959725901875903 0.07757851562500001 193.60543098958337 
29.018073953823954 0.07252333984374999 226.80521850585936 
29.20850425685426 0.06834775390624999 220.06684155273436 
29.076413780663785 0.07063530273437499 222.13863305664063 
33.55413614718614 0.050300585937499996 110.7717704264323 
33.30727424242425 0.048369287109375006 119.2465183919271 
34.09604191919192 0.047583349609375 113.65013122558592 
29.241104256854257 0.067641650390625 205.91986706542968 
34.640851443001445 0.047417431640625 110.31612906901043 
31.791534559884564 0.052296777343749996 127.4206396484375 
29.4624613997114 0.066106103515625 182.33598181152342 
30.24043759018759 0.05968193359374999 175.58603051757814 
30.908746681096677 0.054781250000000004 171.43671362304687 
33.945803823953824 0.04827109375 111.99727380371093 
28.571745382395378 0.08072709960937498 226.74523323567703 
34.39413715728716 0.046785986328125 110.74649784342448 
29.040247113997115 0.07132641601562499 205.27776513671873 
33.688925036075034 0.045915478515625 136.42768318684895 
29.38704062049062 0.06983935546875002 173.9798096516927 
32.05187424242425 0.05254755859375 122.1162381998698 
33.26539588744589 0.051667382812499996 112.45939855957032 
33.83102604617605 0.047798388671875004 115.12145007324219 
29.790801226551224 0.06212290039062499 203.62527734374999 
34.44867503607503 0.046235498046875 114.64464876302084 
29.10498997113997 0.07075698242187499 207.24745385742187 
33.65674826839827 0.04920327148437499 114.3080624593099 
29.293104256854253 0.06735654296874999 185.5831810302734 
34.011480591630594 0.045738916015625 132.73492146809897 
31.83307049062049 0.052814257812499994 126.95554386393229 
34.33647049062049 0.04742548828125 113.0255545654297 
29.94742633477633 0.062319189453124986 198.44593054199217 
32.62497049062049 0.049727734375 131.38478279622396 
33.36691392496393 0.050153027343750003 112.32965079752604 
32.916208585858584 0.049284033203124994 123.05643823242187 
29.426604256854258 0.06713212890625 181.461625 
33.399308585858584 0.0475318359375 123.82728727213541 
29.211723304473303 0.070335595703125 205.11638049316403 
32.99937424242424 0.050115869140625 115.53837353515625 
30.2404310966811 0.058660693359374995 196.5666085205078 
28.954816810966808 0.0774560546875 193.66403784179687 
34.27681392496393 0.04588671875 125.87652909342447 
34.064914935064934 0.0469828125 114.37178796386718 
34.00425836940837 0.046383300781250004 115.25115368652342 
28.976340620490618 0.07308598632812499 207.58777502441404 
30.636201226551226 0.06013745117187499 136.6492194417318 
29.55613455988456 0.065546728515625 184.2865314534505 
34.28735937950938 0.0469828125 113.10025231933594 
33.088879365079364 0.05029062499999999 112.84751883951822 
32.80597027417028 0.050315771484374994 114.63439652506511 
32.140521500721505 0.05389931640624999 116.90727091471354 
30.72068174603174 0.06302236328125 130.05242321777345 
32.21037027417027 0.05152109375 121.53460371907552 
30.254187085137083 0.063437841796875 136.2417196451823 
29.844453751803748 0.07090429687500001 139.2347812093099 
32.64287936507936 0.0518830078125 114.83396805826821 
32.69649552669553 0.050906005859374985 114.83750846354167 
29.770391702741705 0.08067861328124999 145.10784415690105 
32.561995526695526 0.05144770507812499 115.00526981608071 
32.42787936507936 0.053038134765624995 116.01679606119791 
31.76184819624819 0.05356015625 127.20881351725258 
30.43637063492063 0.06361259765625 136.16067240397135 
30.65542518037518 0.058993115234375 135.40507120768228 
32.119879365079356 0.052956591796874994 120.50222058105467 
35.374839105339106 0.04487412109374999 132.7638233235677 
34.96131926406927 0.046204980468750004 116.84989359537761 
34.13750411255412 0.0462986328125 121.49561690266927 
33.906173304473306 0.04577182617187501 139.75628535970054 
33.43422633477633 0.048367578125000005 120.37087443033855 
35.31355339105339 0.044874121093750004 133.1320840657552 
32.831393001443004 0.048676855468749995 127.14503483072916 
34.65790815295815 0.046141455078125004 117.2085498453776 
34.508943001443 0.04541831054687499 136.88760091145832 
33.722893001443 0.046301464843749994 118.19949723307292 
33.294893001443 0.048367578125000005 121.06378483072916 
32.91261522366522 0.04779462890624999 124.69061539713542 
33.210574819624824 0.04852041015625 123.88338346354166 
32.59886522366522 0.049415332031249995 138.00991682942708 
32.773976334776336 0.04820654296875 137.32687776692708 
33.528226334776335 0.046450732421875 125.30335734049478 
33.60378189033189 0.04689169921875 118.29909928385418 
34.599643001443 0.04510434570312499 128.5328583984375 
32.72975808080808 0.04822998046874999 145.0907823079427 
33.103393001443 0.04769267578125 125.79452799479166 
34.46448593073593 0.046068408203124994 124.76791853841146 
34.26550663780664 0.045135351562499995 138.47088716634113 
33.49429704184704 0.04748535156249999 118.55024747721355 
33.18622633477633 0.04705659179687499 124.3740060221354 
33.03528189033189 0.047348779296875 129.4968184814453 
34.39881926406927 0.046068408203124994 125.10689034016926 
33.13905966810967 0.047266259765625 126.2869786376953 
33.259393001442994 0.0466107421875 124.16524723307292 
32.675393001443 0.049758789062499996 128.6588155924479 
32.654865223665226 0.04879677734374999 137.42647981770833 
33.590408152958155 0.047337109375 118.77319376627604 
32.54628189033189 0.04960537109375 140.18239086914065 
30.534797041847042 0.062112646484375 136.32651184082033 
33.12822878787879 0.04879399414062499 119.4295420328776 
31.836192712842706 0.05233925781249999 123.69356652832032 
32.6566108946609 0.049816699218749996 119.53377298990885 
31.506768470418475 0.05227177734374999 138.2264987792969 
31.366752236652236 0.05307939453125 140.91855712890623 
32.44576847041847 0.050870703125 117.21627046712238 
32.52861089466089 0.049816699218749996 120.68101973470051 
32.301835137085135 0.050317089843749996 122.81280541992187 
32.148768470418474 0.05001801757812499 132.5966853027344 
31.477526046176045 0.05264790039062499 130.54074658203123 
31.241602236652234 0.053354345703125 139.26739721679687 
29.29695937950938 0.07701440429687499 157.64888610839841 
30.361939898989903 0.06301752929687499 137.72868103027344 
33.048101803751806 0.048992333984375 121.37406563313803 
32.05916847041847 0.05065615234375 126.96010144042968 
31.120859379509383 0.05369067382812499 159.35403686523438 
29.11193816738817 0.08495541992187498 159.90293029785155 
31.13065937950938 0.054329687499999994 135.84015405273436 
33.13716645021645 0.049148437499999996 114.47896813964843 
31.172859379509383 0.05399750976562499 139.60159521484374 
32.113168470418465 0.05053017578124999 133.0748572998047 
31.899859379509376 0.05150327148437499 127.80949877929687 
29.742501803751807 0.07319750976562499 145.87237988281248 
32.41303513708513 0.049816699218749996 121.94715502929687 
33.00316645021645 0.049244238281250005 113.85902811686198 
32.22389112554113 0.051257031249999994 116.02515950520834 
31.398859379509386 0.05325483398437499 134.11551009114584 
31.17110937950938 0.053573876953124995 146.86649780273436 
31.91785937950938 0.05215605468749999 127.40608650716146 
32.74116847041847 0.048913085937499996 135.52048071289062 
31.66089112554113 0.05191249999999999 152.73155883789062 
32.91041089466089 0.049366455078125 116.41112032063802 
32.789006565656564 0.04936645507812499 121.31563326009115 
30.328459379509386 0.061232373046875 142.55041674804687 
31.96900223665224 0.051082519531249995 128.0323889160156 
31.6979018037518 0.051709130859374994 127.6349823811849 
32.77527323232324 0.049526611328125 120.06342704264323 
29.71279271284271 0.07121274414062499 149.9314735107422 
32.68176414141414 0.04964833984375 128.45967289225263 
32.47959271284272 0.050451074218749996 115.61206876627604 
31.414602236652236 0.052430810546875 134.9510810546875 
33.24501089466089 0.04857597656249999 116.07751143391927 
32.01434422799422 0.05133784179687499 127.65805798339844 
31.323859379509383 0.053341650390624995 139.76313134765624 
32.89607323232323 0.0497828125 115.56577775065104 
28.73389985569986 0.08739663085937499 176.54341625976562 
29.867314646464646 0.064191552734375 148.85605305989583 
28.929951154401156 0.07326743164062499 237.72053076171875 
28.968334487734488 0.074672607421875 200.60569873046876 
29.419886868686866 0.06666000976562499 204.52227400716146 
29.7014202020202 0.06263891601562499 150.68769209798177 
28.541171284271282 0.08341879882812502 207.80023478190105 
31.949519408369405 0.053331396484374995 123.17352685546875 
29.554150505050508 0.06581811523437499 187.08013972981772 
28.622756998557 0.08511733398437499 190.46029435221354 
29.56746385281385 0.06340556640625 172.9820138753255 
29.008445598845597 0.074179833984375 189.53429988606769 
30.8455702020202 0.05689047851562499 130.753774210612 
29.03176782106782 0.072437841796875 185.5973603515625 
30.54505274170274 0.057955126953125 138.93860400390622 
29.98923051948052 0.06128178710937499 154.51188289388023 
30.475531313131313 0.059061669921875 138.42000972493489 
28.93468787878788 0.0819482421875 174.73197961425782 
30.70123686868687 0.058153564453124994 132.60278503417967 
31.991573953823956 0.05048149414062499 161.43069885253905 
32.09358607503607 0.050559326171874995 128.29106726074218 
28.6247329004329 0.08069521484374999 211.20017667643228 
29.050228427128427 0.07517250976562499 182.42476456705725 
28.867896392496394 0.07937822265625 176.98876306152343 
30.144197979797983 0.061749853515625 150.6243720703125 
28.838360173160172 0.07592294921875 223.70161555989586 
29.95414797979798 0.06214194335937499 170.85386287434898 
29.186374170274167 0.071675732421875 173.54136140950519 
30.008302741702746 0.059812597656249994 162.86941206868488 
29.95185274170274 0.060503417968749994 178.20086397298178 
31.137614646464645 0.0554162109375 130.12407267252604 
29.064934487734487 0.073644775390625 178.11807031249998 
29.90735923520923 0.06250209960937499 169.90652193196615 
29.468167821067823 0.0682021484375 163.32338618977863 
31.83046486291486 0.05376904296875 120.52389599609373 
29.391903030303027 0.0693865234375 158.29160412597656 
30.26851940836941 0.05924038085937499 159.9565163574219 
30.860154329004327 0.05490883789062499 148.00695080566408 
29.099310678210678 0.07733720703125 165.35834887695313 
29.209331601731602 0.0706236328125 173.8116572265625 
29.662875252525254 0.06729248046874999 156.2704364827474 
29.58175512265512 0.068713427734375 152.02465974934896 
30.38414163059163 0.05725341796874999 139.79764990234375 
29.628031313131313 0.064857421875 171.64403462727864 
29.030323665223662 0.07843413085937499 167.0058732910156 
30.964681313131315 0.05666801757812499 130.42484794108074 
30.57505274170275 0.05748325195312499 138.75247119140624 
29.133096392496395 0.070417333984375 184.07313533528645 
31.04001464646464 0.056385644531249994 130.0416422526042 
30.33708131313131 0.05932514648437499 143.63908402506507 
29.66891226551226 0.064664111328125 152.68533333333332 
31.88841940836941 0.051032031250000005 128.93189819335936 
29.24100115440115 0.070330712890625 164.71310107421874 
31.39324797979798 0.05372119140624999 129.0069249267578 
29.531945598845596 0.0696890625 156.9678506673177 
31.43397395382395 0.05275043945312499 128.5932883300781 
28.793963059163058 0.08092783203125001 195.02648144531253 
29.340985281385283 0.0699568359375 154.03257873535156 
32.202186075036074 0.05281943359375 122.05354349772136 
29.44488686868687 0.06627836914062499 205.20283162434896 
31.179002741702742 0.05359741210937499 133.02822851562502 
29.116078932178933 0.07116674804687499 193.51905928548177 
31.316452741702744 0.05334462890625 146.58049743652344 
30.321281313131312 0.058758300781249995 145.53394885253905 
29.578897979797986 0.06573295898437499 172.4605098470052 
29.109594011544008 0.076561767578125 177.59141866048176 
30.195031313131313 0.059888916015625 143.98065437825522 
29.655397979797982 0.065282958984375 171.4682266438802 
30.379381313131315 0.058328271484374986 143.96331795247397 
30.105531313131316 0.060969287109375 150.76095080566404 
29.159667243867244 0.07679375000000001 168.05594844563802 
30.66642417027417 0.05525834960937499 132.85144409179688 
29.175303535353535 0.07267792968749999 180.2729803466797 
28.52997734487734 0.082367919921875 208.59948616536462 
28.909612265512266 0.075466552734375 194.5240137532552 
29.06446782106782 0.07617128906249998 180.85518798828122 
30.923487662337667 0.054743017578125 147.64206494140626 
29.610040836940833 0.066966748046875 167.63808577473958 
31.230585064935067 0.053975439453125 132.449210164388 
28.906410101010106 0.07579375 213.99225024414062 
29.411707503607502 0.069158544921875 157.58994783528644 
29.159697979797983 0.07604248046875 175.86048864746095 
29.535628282828284 0.065208349609375 206.29656209309894 
32.45410930735931 0.04961147460937499 146.49165193684894 
29.499445598845597 0.06753334960937499 168.65865388997395 
29.01467893217893 0.073047607421875 218.16270735677085 
30.20948131313131 0.060766455078124997 143.7063280843099 
29.197453535353535 0.07295678710937499 159.5245734863281 
30.61948131313131 0.057025146484375 138.6509943440755 
30.171981313131308 0.06067622070312499 144.3295565999349 
30.99930728715729 0.054687841796875 137.91929907226563 
29.1765696969697 0.074353125 160.84048059082033 
29.478790836940835 0.067865576171875 172.84402034505212 
29.25628686868687 0.06921547851562498 205.28959008789064 
31.266281313131312 0.05482119140625 129.45377270507814 
28.838340981240982 0.076255419921875 198.38023404947916 
32.769798196248196 0.04934091796875 126.71051289876301 
31.099169408369406 0.054835595703125 132.83958557128906 
28.66297994227994 0.077509375 237.55371752929688 
29.043270274170272 0.0782427734375 174.1974063720703 
29.006517243867247 0.0789314453125 169.65070153808594 
29.335684487734483 0.07248881835937498 164.31758447265625 
31.311741630591634 0.05420131835937499 130.28157853190106 
28.90023795093795 0.07887587890624999 179.14996744791665 
28.89454033189033 0.08248515625 160.92276090494792 
28.719290331890328 0.0826921875 184.17502392578126 
30.099669408369408 0.059856201171875 159.61322924804688 
28.987644011544013 0.07733334960937499 180.39583862304687 
29.200735281385278 0.071429931640625 174.45483715820313 
29.976364646464646 0.06254423828125 147.28060603841146 
32.48027597402597 0.049345263671875 157.75825325520833 
28.823821789321787 0.082785107421875 176.928770711263 
31.492385064935064 0.054072363281249994 118.248948445638 
27.74146861471862 0.09968203124999998 268.99270788574216 
31.522385064935065 0.053870947265625 120.58335701497396 
27.97060194805195 0.09260244140625 255.79446374511718 
31.2322487012987 0.055490429687499995 128.65641389973956 
27.915140043290045 0.095076904296875 230.53776928710937 
28.065241341991346 0.096272021484375 224.40839290364582 
31.366248701298705 0.054187304687499986 128.24074983723955 
27.805135281385287 0.0956775390625 249.22521569824218 
31.303218398268395 0.05516396484374999 128.57671016438803 
31.04832445887446 0.05723642578124998 129.91470145670573 
28.144268614718616 0.08808359374999998 254.58553698730466 
27.95980194805195 0.09331411132812498 233.7315936279297 
28.213735281385283 0.08740073242187499 240.6964031982422 
28.02830670995671 0.090903759765625 249.58966642252602 
28.251068614718612 0.08629692382812498 235.69805289713543 
30.78963571428571 0.05726713867187499 131.2155472005208 
28.44650194805195 0.08911718749999999 198.44209163411458 
29.99080670995671 0.0635443359375 142.4040057779948 
30.906082034632032 0.057522314453125 129.93947798665363 
28.100074675324674 0.096163720703125 213.16559753417968 
28.964318614718607 0.076280859375 194.43422603352863 
28.594932251082252 0.08068876953124998 216.6752432861328 
29.931473376623376 0.064813671875 142.9885489095052 
30.683405266955265 0.05974853515625 132.63436808268227 
28.462601948051947 0.08222431640624998 223.07452970377602 
30.1789183982684 0.06396787109374999 134.50640787760418 
29.97156428571428 0.064423291015625 141.08648799641927 
28.180435281385286 0.08720009765624999 244.25140413411458 
30.746374963924968 0.060194140625 131.70268872070312 
28.048851948051947 0.09025244140624998 234.66703006998696 
28.437235281385277 0.08271889648437498 217.55079410807292 
28.701335281385276 0.08327763671874999 189.57661775716144 
28.026106709956707 0.09238623046874998 228.32441967773434 
28.374135281385282 0.085885693359375 209.1386358235677 
28.61603528138528 0.08108383789062498 215.20402506510416 
28.277518614718616 0.085335009765625 246.1607159830729 
28.307337301587303 0.08839140624999998 210.2427491861979 
30.17436082251082 0.06270795898437499 141.9017587076823 
28.074046392496392 0.08972211914062499 235.1862081298828 
28.287465584415582 0.09175668945312498 212.7632454427083 
29.104130952380952 0.077037939453125 172.13037263997393 
28.55690194805195 0.0847728515625 202.74605110677084 
28.630798917748912 0.082922900390625 205.09496004231767 
28.71323528138528 0.08482709960937498 186.4628086751302 
30.617615367965367 0.06070097656249999 131.85127994791668 
28.94091305916306 0.078054345703125 191.1828674316406 
29.294903679653675 0.07244570312499998 164.60815547688802 
28.348735281385284 0.08419873046874998 229.24047318522133 
27.98480194805195 0.09260957031249997 233.21963118489583 
28.04113528138528 0.09322924804687499 226.21840319824219 
28.501793362193368 0.0814107421875 221.2065139567057 
28.99206428571428 0.07864794921874999 176.37361848958332 
28.46398528138528 0.08182778320312499 211.99468786621094 
28.27575194805195 0.08601166992187499 232.0901691080729 
28.651385281385277 0.080082958984375 208.31588057454425 
28.327135281385285 0.08993134765625 197.2503866780599 
28.575335281385282 0.084433935546875 197.9338604329427 
28.19776861471862 0.087885302734375 227.59990071614584 
28.160601948051948 0.08811718749999997 242.59520930989584 
28.356513059163063 0.0838751953125 225.13509908040365 
28.686336868686865 0.07846171874999999 210.20612190755207 
28.216832251082256 0.09262812499999999 215.91110107421872 
28.670447619047614 0.079871923828125 206.7706439208984 
27.97856861471862 0.091405224609375 242.36961413574218 
28.256135281385284 0.09202944335937499 197.82445385742187 
28.24863225108225 0.09575468749999999 214.64373567708333 
28.753735281385286 0.079785400390625 195.19813338216144 
28.281735281385284 0.08675776367187499 219.54939510091145 
28.042235281385278 0.090635107421875 245.75321830240887 
28.226435281385278 0.08823735351562499 220.47798225911458 
28.269992857142856 0.08653603515625 229.50777876790363 
28.65146861471861 0.081596728515625 195.52477400716145 
28.384876695526696 0.08311171875 228.4780790608724 
28.145601948051947 0.08754453125 245.0949807942708 
28.417635281385277 0.08688457031249998 203.62930509440105 
28.658335281385277 0.0839458984375 190.20516560872395 
30.10402142857143 0.06245478515624999 152.8985528971354 
29.401665584415582 0.069344189453125 180.29891959635415 
28.19476861471862 0.08760317382812499 233.88830228678384 
28.590001948051945 0.08365703125 196.53908675130208 
28.65563528138528 0.08139458007812499 200.14611869303383 
28.529101948051945 0.08727563476562498 191.45710799153647 
28.807801948051953 0.079636865234375 184.8929219563802 
28.258961255411254 0.09126313476562499 217.69742451985678 
28.238525757575758 0.086972802734375 224.09387561035157 
28.91800194805195 0.07491660156249999 212.9582667643229 
28.828979725829726 0.0778224609375 191.66491162109372 
28.40321861471861 0.083581005859375 223.58635880533853 
28.95720670995671 0.07877890625 184.7253517659505 
28.315935281385286 0.08553940429687498 233.7371150716146 
28.165446392496396 0.08926630859375 230.2732216389974 
28.749335281385278 0.077705224609375 214.32339762369793 
28.220208730158735 0.089325390625 223.23329089355468 
28.779468614718613 0.07690791015625 207.43985884602864 
28.784980952380952 0.07956171875 201.44192175292966 
28.588079725829726 0.07921372070312499 223.70282755533853 
28.253001948051946 0.08788095703124998 218.17644079589843 
28.865089826839824 0.07932592773437501 184.9993087565104 
28.351735281385285 0.0849224609375 226.4005329182943 
28.326985786435788 0.090717041015625 203.43149430338542 
28.39551861471862 0.08739150390625 201.00337268066406 
28.073435281385287 0.09144155273437499 230.94192220052082 
28.286364069264067 0.086402294921875 225.7552618408203 
28.482670634920638 0.08179233398437499 217.94522208658853 
28.487835281385284 0.08540424804687499 197.09809944661458 
34.92923888888889 0.047703076171875 98.72244494628906 
36.32715779220779 0.04525546875 114.0243555908203 
34.65015505050505 0.04524536132812499 118.33346219889322 
36.201148701298706 0.045862060546875 107.31314440917969 
34.63996111111111 0.050020214843749994 103.04122054036458 
32.743352020202025 0.05777812499999999 109.88046484374999 
33.318518686868686 0.05040185546875 105.18952079264321 
33.63826111111111 0.05113388671875001 99.93383841959636 
34.69596111111112 0.048584667968749995 98.87444873046874 
33.55829646464646 0.050185888671875 104.77300236002603 
32.48718535353535 0.06123681640625 110.84614522298176 
33.07529646464647 0.0546064453125 113.74589278157552 
33.90920555555556 0.049322021484375 103.499397664388 
34.42370858585859 0.046668212890625005 110.8126142578125 
32.54518535353536 0.061020849609375 110.57332344563801 
34.68746111111111 0.047686962890625 99.44171858723958 
34.114627777777784 0.048584667968749995 103.87468400065103 
34.04662777777778 0.048584667968749995 108.20741125488279 
34.54955634920635 0.0485720703125 103.35864029947915 
33.61396111111112 0.05296162109375 103.78237341308593 
33.62607222222223 0.050642724609374995 103.49792183430989 
33.29485202020202 0.05457856445312499 104.64705037434896 
34.215627777777776 0.048584667968749995 103.12587418619789 
34.11671868686869 0.048584667968749995 103.50489147949217 
29.832045454545455 0.072537890625 144.44608068847657 
29.744275757575757 0.06780947265624998 145.462110555013 
29.462197835497836 0.08136572265624999 153.7195205078125 
32.23434603174603 0.056386181640625 114.42666870117188 
29.533340692640692 0.07203173828125 152.2891864827474 
29.6026645021645 0.07700834960937498 146.92889009602865 
32.99443888888889 0.05556435546874999 108.46496756998697 
32.14884956709957 0.061564062499999996 111.32691345214845 
31.612222222222222 0.06679516601562499 115.98223217773437 
31.216666233766233 0.05733178710937499 121.11124414062499 
32.603092424242426 0.058117333984375 110.87607043457031 
31.811755122655118 0.058603369140624986 113.13161332194011 
29.66036147186147 0.08434130859375 145.7356922200521 
30.082275757575758 0.070220751953125 136.7256826985677 
31.79854242424242 0.061873681640625 116.75594034830729 
30.92909797979798 0.060675244140624994 125.6124139811198 
31.028297979797976 0.062418994140624996 122.28857023111979 
32.76530555555556 0.056083007812499995 106.81421805826821 
30.60409797979798 0.06372421874999999 125.76571504720052 
29.453659884559883 0.08230683593749999 149.28931986490886 
31.145272222222225 0.06614291992187499 117.18623864746093 
30.481633333333335 0.066216455078125 133.30833235677085 
29.876675757575754 0.06540322265625 144.59062618001303 
29.849370995671 0.07658666992187499 136.82424178059898 
30.218675757575756 0.0635173828125 141.81290987141927 
29.844197835497834 0.0788615234375 141.93709033203123 
31.892314646464648 0.06219853515624999 110.33209082031249 
30.838164646464644 0.064307666015625 124.06874007161458 
32.33363845598845 0.059477783203124995 111.25048856608072 
32.3840126984127 0.05550434570312499 112.35160656738282 
31.85934797979798 0.0570107421875 116.39150236002604 
29.318197835497834 0.08152753906249999 155.55372460937502 
31.550764646464646 0.060446142578124994 117.57141707356772 
32.17380555555555 0.06590458984375 110.1193125 
32.738938888888896 0.057420947265624994 111.14437784830729 
30.5088619047619 0.08146005859375 126.85622505696614 
31.633522222222222 0.06573754882812499 112.42125154622394 
31.528866233766234 0.05810058593749999 118.23647473144531 
31.092964646464647 0.058028564453125 119.27432889811197 
31.449805555555553 0.06046284179687501 117.66938618977863 
31.83310555555555 0.058555175781249996 116.89517362467447 
30.33623131313131 0.078553955078125 130.7908894856771 
31.057764646464644 0.06492602539062499 121.67019262695311 
31.56124603174603 0.06720273437499999 116.82624605305989 
30.16809797979798 0.06666108398437501 139.26301310221356 
32.184512698412696 0.06176684570312499 111.1275087890625 
30.379031313131314 0.06648828125 127.2393212483724 
30.91429797979798 0.065460009765625 118.38832267252603 
29.787364502164504 0.07848862304687498 143.24061177571616 
30.73989797979798 0.062407470703124995 126.50985278320313 
31.679149567099568 0.06335922851562499 117.07839493815104 
