27.691067893217888 0.10872656249999998 285.7528270670573 
27.676658802308804 0.10206201171875001 316.312776163737 
27.675957575757575 0.1072181640625 303.4769940592448 
27.886384632034627 0.10507241210937501 267.1126149088542 
27.875025036075034 0.09854501953124999 306.4244492594401 
27.72361161616162 0.107029638671875 286.5406134033203 
28.097445238095236 0.09511948242187501 259.4613964029948 
28.270749711399713 0.09748916015624999 237.69931290690104 
27.770111616161618 0.10022197265625002 274.9850067545573 
27.94716471861471 0.0986861328125 291.69931254069013 
28.90944696969697 0.08260283203125 212.71846549479164 
28.090557503607503 0.09115976562499999 298.5643428141276 
28.3049297979798 0.08930581054687499 264.58877872721354 
27.89363225108225 0.099605517578125 289.8777817789713 
28.500519408369406 0.08789814453125 236.0094540201823 
28.57239011544011 0.08698251953125 233.76364493815106 
27.875290115440112 0.105377880859375 274.0633544108073 
27.98520685425685 0.09776953124999999 273.95657767740886 
27.89270757575758 0.09268164062499999 300.43038724772134 
27.987025036075032 0.101126171875 255.95901603190106 
28.00794971139971 0.09476977539062498 260.4955005289713 
28.29382503607503 0.08994814453124998 248.48511857096355 
28.875348845598847 0.08197397460937499 219.24700919596353 
28.379025036075035 0.08800292968749998 239.55303702799478 
28.07168939393939 0.09813330078124999 251.81440616861977 
28.132167893217893 0.09442978515624997 243.9425087076823 
28.19120685425685 0.09302109375 241.85827823893231 
28.539473520923522 0.09005322265625 222.82866886393228 
28.050390115440113 0.100685498046875 254.4571161295573 
28.293231096681094 0.09374853515625 227.8431171061198 
28.364269480519482 0.08638154296874999 257.19987247721355 
28.355493290043288 0.092091845703125 241.53999210611983 
28.435525468975467 0.08684155273437501 241.0295604654948 
27.80417828282828 0.09994257812499999 297.92576273600264 
28.205625036075034 0.09907548828125 238.96176188151043 
28.037050432900433 0.09248779296874998 284.1984150797526 
28.262424170274166 0.08851464843749998 296.6735903727213 
27.836921139971135 0.09942783203124998 297.14889359537756 
27.917207575757576 0.10178232421874998 241.25847648111983 
28.163497186147183 0.09355996093749999 258.8693295084636 
28.915288239538242 0.08218652343749999 214.94150065104168 
28.787647258297255 0.08487988281249999 220.62665665690105 
32.92408809523809 0.055031152343749994 116.4341259765625 
30.45356507936508 0.06419370117187499 154.8275976969401 
31.86011587301587 0.05904072265625 121.9272109781901 
29.919998701298695 0.08227270507812501 161.53328202311195 
30.105438095238092 0.06837460937499999 165.84107694498698 
30.43405339105339 0.06530336914062501 155.3218680013021 
33.0366380952381 0.053389746093749996 114.96746997070312 
30.090604761904757 0.0675349609375 166.44505017089844 
31.792321428571423 0.059114306640625 127.99837479654948 
31.228227417027416 0.05738974609374999 139.34112772623698 
31.737443650793647 0.063361181640625 128.53860880533853 
30.664942857142854 0.06555351562499999 150.58559012858075 
30.678803174603175 0.063575830078125 138.2426122639974 
31.30108253968254 0.06120068359375 131.11190197753908 
30.91993650793651 0.060223095703125 149.25832881673176 
30.520039682539686 0.0694826171875 148.41771647135417 
31.650804761904766 0.059866357421875 130.1408398030599 
30.40490476190476 0.06984912109375 152.10494608561197 
30.196362337662336 0.077098974609375 153.63983951822917 
30.266638095238093 0.07055791015624999 157.42386071777344 
29.83777142857143 0.08049560546875 167.42216849772134 
30.058787301587305 0.070213720703125 162.1601924235026 
31.356004761904764 0.060782958984375 130.71391947428384 
29.698571428571427 0.08338408203124999 168.50212259928384 
29.611071428571428 0.08386484375 176.02812748209635 
31.69993968253968 0.0576615234375 129.94891080729167 
30.5738253968254 0.06623125 148.39149702962237 
30.16644365079365 0.07124443359375 160.74524198404947 
29.622038095238096 0.08403349609375 169.5326298421224 
32.66592857142857 0.058647705078124994 115.73975630696614 
30.962580952380954 0.0620576171875 137.7563283284505 
33.51685873015873 0.05220390625 114.50018050130208 
30.060629004329 0.0728580078125 158.35752893066405 
29.744771428571426 0.08085322265624999 166.07937544759113 
29.481738095238093 0.08588974609375001 174.02645064290363 
31.060803174603176 0.060653320312499995 136.61391451009115 
32.927688095238096 0.05556020507812501 115.87054394531249 
29.860488095238093 0.0722625 167.19617712402345 
30.173571428571428 0.07753544921875 154.23784069824217 
30.336188095238093 0.068771533203125 158.5616713053385 
31.273847619047615 0.0584130859375 136.38018151855468 
34.08344004329004 0.050700878906249996 110.45235441080729 
34.46984004329004 0.04905200195312499 111.04181201171875 
33.48557337662337 0.054005126953125 111.51276200358073 
33.19996385281385 0.052828564453125 112.54830135091146 
34.147305050505054 0.0462646484375 116.7838933919271 
34.04593535353535 0.047403125 116.39566280110678 
33.54630505050505 0.047090478515625 117.65473457845053 
33.83473535353535 0.04659628906249999 126.37504040527344 
33.16262424242424 0.046979443359375 118.75903198242187 
32.845460606060605 0.047786279296875005 123.17916540527342 
31.894928860028863 0.053209033203125 134.85564343261717 
32.67995656565656 0.048536035156250004 119.59427087402344 
31.678747041847043 0.052196484375 144.41770690917969 
33.33133535353536 0.047090478515625 118.37736987304687 
31.418257431457427 0.05627529296875 138.65030090332033 
32.45755656565657 0.04967451171875 121.15108264160155 
29.997792063492067 0.07073056640625 162.4501101074219 
31.289054401154402 0.05937460937499999 133.10493676757812 
33.38297171717172 0.047526513671875 117.42862316894531 
32.333860606060604 0.049547607421875 137.37404040527343 
30.94544184704185 0.06162480468749999 146.43929724121094 
31.773070562770563 0.054787011718749994 133.39430395507813 
30.677913275613278 0.064683740234375 136.550087890625 
33.03963838383838 0.04810190429687499 118.66482434082032 
31.48697171717172 0.05542656249999999 131.86714892578124 
31.112398124098128 0.05518881835937501 169.12307189941407 
32.750102020202014 0.048539404296875 118.53259790039063 
33.05893535353535 0.048228955078124996 118.24557934570312 
32.294132323232326 0.050831884765624995 128.89327380371094 
32.91960202020202 0.048812548828124996 117.36906005859373 
30.325382972582975 0.062071630859375004 159.94803515625 
32.16305151515151 0.051224072265625004 127.26996313476562 
32.06941298701298 0.05183305664062499 129.7211788330078 
32.01626219336219 0.05348388671875 124.91011145019532 
33.94437171717172 0.04674384765625 117.38086702473959 
32.566960606060604 0.048813037109375 123.50934924316405 
32.24293535353535 0.051424462890624995 123.79994531249999 
30.365530158730156 0.066544091796875 155.29536120605468 
30.940585714285707 0.057996582031249994 148.85958642578126 
32.398317748917755 0.04941420898437499 156.05875280761717 
32.51711212121212 0.04836552734375 125.5588829345703 
31.836824242424246 0.054315234375 131.33553491210935 
31.24668167388167 0.0545685546875 148.85393969726562 
31.307651370851367 0.056795019531250004 141.120646484375 
33.86597171717172 0.0462646484375 126.00556396484376 
32.58310202020202 0.049814013671875 118.65939477539062 
32.277651082251076 0.05033608398437499 140.89461291503906 
32.00174704184704 0.05204140625 130.7967401123047 
34.125705050505054 0.04659628906249999 117.23100472005208 
32.10162727272727 0.051626220703125 124.6687862548828 
29.930095093795092 0.07119360351562501 167.81792346191406 
30.257590764790763 0.06487475585937501 161.1817491455078 
31.418237229437228 0.05335458984375 147.5650397949219 
31.345491197691196 0.053794677734375 164.99304724121095 
31.754445454545447 0.05068691406249999 143.9701033935547 
31.945460606060607 0.050553662109374994 142.49688049316404 
32.397460606060605 0.049652001953125 135.90054748535158 
31.81116695526696 0.05503535156249999 126.93756018066405 
32.814224242424245 0.048117919921874995 123.54864184570312 
30.12503448773449 0.062355224609374996 194.92442749023436 
31.59473939393939 0.05103066406250001 161.42013354492187 
32.504666955266956 0.04992612304687501 119.23652087402344 
30.28062106782107 0.062917333984375 160.18445056152342 
32.90222424242424 0.047366552734375 118.78901440429686 
33.36497171717171 0.04723803710937499 117.80459688313802 
30.76911240981241 0.0568623046875 186.39873901367187 
32.139651082251085 0.05156713867187499 127.69010339355468 
32.41590389610389 0.049979248046874994 129.7438388671875 
32.0035911976912 0.05500898437499999 127.78478320312499 
29.713276911976912 0.07125048828125 167.52493908691406 
30.057876911976916 0.067374365234375 167.00143127441407 
32.06501536796537 0.050732275390625 133.41912329101564 
28.732013636363636 0.07601669921874998 242.34593465169272 
30.773975685425686 0.0565185546875 172.76395690917968 
30.544753463203463 0.05798027343749999 152.3826239013672 
31.58695981240981 0.053597509765624995 135.10368139648438 
31.949343650793647 0.05361904296875 129.82221325683594 
32.34121536796537 0.049920703125 133.09024365234373 
28.299649999999996 0.08833334960937499 277.52468489583333 
32.00890425685425 0.05126992187499999 132.93932299804686 
30.665824891774893 0.05775449218749999 157.69615368652345 
31.068936002886 0.05504028320312499 171.13010144042966 
30.382324891774893 0.058963769531249995 160.23058662923177 
28.62643585858586 0.077218212890625 249.7916758626302 
28.345919841269836 0.088627587890625 254.62370296223958 
28.528116666666666 0.081450439453125 258.7910291341146 
30.512671212121212 0.05969023437499999 158.55103063964845 
30.390753463203463 0.058390429687499995 174.60582800292968 
30.315509307359306 0.05995175781249999 198.99401525878906 
29.82690901875902 0.06456059570312499 174.1619110107422 
31.915807287157286 0.0539517578125 132.73674560546874 
29.685348701298704 0.06402744140625 204.22057893880208 
28.999473953823955 0.072048583984375 215.72139705403646 
30.070647113997115 0.0631998046875 167.19024483235677 
28.755023737373737 0.0781462890625 231.8652630208333 
28.323707720057723 0.092340771484375 247.6608982747396 
28.43111666666666 0.083372119140625 278.98894270833335 
30.94115822510823 0.057154687499999995 149.79272302246093 
31.159682034632034 0.05492431640624999 148.91655346679687 
28.612172943722943 0.08978222656250001 217.15389339192708 
28.496316666666665 0.08111586914062502 282.1817011311849 
29.012307287157288 0.074549951171875 203.62138240559895 
28.972036363636366 0.0732345703125 262.50930147298175 
28.643513636363636 0.07966572265625001 239.24855330403648 
30.14171810966811 0.06230712890625 182.8536397705078 
28.649649999999998 0.0767625 244.12415425618488 
29.352569191919187 0.073746630859375 177.37517622884116 
28.402253174603175 0.087347509765625 247.9355486653646 
31.540904256854255 0.0531099609375 141.2605418701172 
30.986547113997112 0.05591572265624999 150.58198994954427 
29.24797395382395 0.07949892578125001 183.47202905273437 
28.657023737373738 0.08220029296874999 233.78392513020833 
31.899704256854253 0.05228413085937501 137.92493859863282 
29.673696464646465 0.06538344726562499 189.973563680013 
29.127023737373733 0.07784130859375 191.71084684244792 
28.936680303030304 0.080648681640625 212.14914550781253 
29.31484696969697 0.074317138671875 179.7381114095052 
29.201346969696964 0.071442431640625 200.93455664062503 
28.667569191919192 0.08455322265625 232.38873128255207 
28.404816666666665 0.0855138671875 269.63352559407554 
28.563123737373736 0.083821728515625 236.37439107259115 
28.515180303030302 0.08008232421875 275.9937576497396 
31.262591125541125 0.05691987304687499 142.06747155761718 
31.03782489177489 0.05547626953125 149.03345581054685 
28.978902525252526 0.075312060546875 213.78090169270834 
29.78930295815296 0.06480009765625 168.65610583496095 
28.684902525252525 0.08319975585937499 223.29137373860675 
29.951778715728715 0.07107998046875 166.3349151204427 
30.22292489177489 0.060106298828125 181.02918603515624 
28.55175173160173 0.079597998046875 285.07804817708336 
29.229170923520925 0.06754677734374999 228.4854637044271 
29.628712049062045 0.06837919921874999 170.1381328938802 
28.448965295815295 0.084820654296875 255.32262862141928 
29.17515 0.07369003906249999 197.72866573079426 
29.64950930735931 0.0657583984375 208.98865698242187 
29.02111681096681 0.08475874023437498 185.91186633300782 
28.82746818181818 0.07885073242187499 224.09243428548177 
28.481316666666668 0.08162578125 281.6634135335287 
30.721607720057722 0.058779833984374995 150.7841209716797 
28.293816666666668 0.0827076171875 282.06187398274744 
29.292309451659452 0.07830244140625 178.85017781575522 
29.45901536796537 0.06678139648437499 206.93135237630207 
30.174652164502163 0.06058320312499999 199.5293448486328 
29.087378715728715 0.07179086914062499 225.5076431477865 
29.530448701298706 0.066617578125 194.95713061523438 
28.59814062049062 0.08190073242187498 245.49247908528648 
29.613473953823956 0.06718559570312499 187.72251595052083 
28.7787284992785 0.087274609375 210.08838509114585 
30.446753463203464 0.058897363281250004 159.23066101074218 
31.205500216450215 0.05423266601562499 168.29340087890623 
28.487180303030303 0.08361826171875 269.05158528645836 
31.371348701298704 0.054764306640624996 143.90707397460938 
29.191913347763347 0.070665234375 218.9683142089844 
29.40797395382395 0.070335498046875 183.34957246907553 
28.421678282828285 0.08581591796874999 246.94110005696615 
31.192275685425685 0.0551361328125 146.9065245361328 
28.491071356421358 0.09027651367187499 226.26662080891924 
28.886013636363636 0.07560654296874998 220.12273055013023 
29.516175974025973 0.06800122070312499 191.3316024983724 
29.504929220779218 0.06768339843749999 205.93929321289062 
29.961086796536797 0.06241420898437499 185.0952227783203 
30.477077417027417 0.06102343749999999 157.1894190673828 
29.346604545454543 0.06878789062499999 211.6471689453125 
28.84083961038961 0.08527900390625 196.0949219563802 
28.981468181818183 0.07844057617187498 201.86923018391929 
30.220454906204903 0.06206269531249999 163.35155415852864 
32.300265367965366 0.050424462890624994 133.06884936523437 
28.466857070707068 0.08906884765624999 232.14932967122397 
29.756543939393943 0.065993212890625 187.73394995117187 
30.261247402597405 0.06051152343749999 166.58382849121094 
28.824902525252522 0.075722216796875 236.00410579427083 
29.557242640692643 0.06626093749999999 219.66358764648436 
29.905413347763346 0.072505517578125 166.71049670410156 
28.644857070707072 0.08626220703125 224.94334334309897 
28.849705555555552 0.075528759765625 227.36398474121094 
31.853158225108228 0.0519626953125 139.97262670898436 
29.225807287157284 0.06974013671875 228.1916775716146 
30.048004545454546 0.062617333984375 167.49282104492187 
29.429569191919196 0.07259228515624999 176.3697744954427 
32.32860122655122 0.05029501953124999 140.61289025878907 
31.394404256854255 0.053431689453125 164.0835144042969 
30.229318398268397 0.06236958007812499 161.98941206868489 
29.0725297979798 0.07274780273437499 205.89343013509114 
31.449047113997118 0.05342524414062499 141.59192895507812 
29.9940867965368 0.06173505859374999 199.32385473632814 
30.02025822510823 0.06088876953124999 207.34476770019532 
29.600175974025973 0.069156494140625 179.72299841308592 
29.058388095238094 0.073165087890625 211.34902795410153 
28.612180303030303 0.07831528320312499 259.518436726888 
30.15804033189033 0.0634939453125 163.07537121582033 
28.55536428571428 0.080360595703125 245.52103255208334 
31.576047113997117 0.05261977539062499 141.07364184570315 
29.45552676767677 0.06955927734375 190.4467149251302 
28.693497763347764 0.07715791015625 238.41069002278647 
33.68541277056277 0.052403857421875 106.71216748046875 
34.96374134199134 0.046161865234374995 144.7381560872396 
34.7988841991342 0.046081982421875 154.1241621907552 
32.65857467532467 0.05713984374999999 117.87687052408855 
33.14116861471861 0.05427973632812499 114.41076241048177 
32.16362417027417 0.070699609375 121.42127404785155 
34.44431277056277 0.04714262695312499 111.12521590169271 
34.12041277056277 0.04850434570312499 116.30112036132812 
33.15937467532467 0.050814355468749996 114.94463297526042 
33.61546356421356 0.04969926757812499 111.96395613606772 
32.731668326118324 0.05614746093749999 109.77804760742188 
33.510841341991345 0.052730029296874995 108.72984847005208 
33.539634992785 0.05262631835937499 106.95409375 
32.8774461038961 0.055924999999999996 109.53612133789062 
34.321484199134204 0.04618969726562499 144.2319791666667 
34.109241341991336 0.04890434570312499 111.7354932454427 
28.757271356421356 0.08131333007812501 221.71528385416667 
29.982613492063493 0.06346406249999999 181.91747880045574 
30.688125396825395 0.056948486328125 167.6086534830729 
29.897213492063493 0.06205107421874999 210.05563090006507 
31.032397619047618 0.055496337890625 151.46278938802084 
30.955826190476188 0.056367041015624994 151.66709554036458 
30.811203968253967 0.05684624023437499 152.45277433268228 
30.37426500721501 0.059775830078124995 187.92463639322915 
31.393403102453103 0.054174218749999996 150.17598465983073 
30.123170634920633 0.060863232421874996 217.95950065104165 
29.997813492063493 0.06443486328124999 177.02590189615884 
30.85395396825397 0.05608920898437499 151.81571842447917 
30.776236507936506 0.056719287109375 171.93631290690104 
31.330366666666663 0.0532107421875 165.01808748372395 
30.12962619047619 0.06710996093749999 165.2439971110026 
30.90511507936508 0.057700830078124994 150.96856388346353 
