35.07515158730158 0.056699072265625 165.04613659667967 
35.72631868686869 0.056086865234375 181.86635945638022 
35.32305959595959 0.05610546874999999 169.58668408203124 
33.48686991341991 0.06413955078125 217.4429309082031 
33.42757337662337 0.064465283203125 195.84564050292968 
34.88439292929293 0.056565576171874986 180.61414497884113 
31.126117027417028 0.09137875976562501 271.05477685546873 
35.61469783549784 0.06287099609374999 141.88330700683593 
31.101601875901885 0.095071728515625 252.82044466145834 
34.43451096681097 0.056993749999999996 160.23470438639322 
34.93125339105339 0.060882226562499996 151.01194689941406 
32.334829148629154 0.08726459960937501 174.0870283203125 
31.892707936507936 0.090922314453125 192.34209033203123 
34.90825339105339 0.06140576171875 151.0187128499349 
31.738889754689758 0.076680029296875 229.03434639485678 
31.326632178932183 0.083067431640625 263.38739709472657 
33.969177633477635 0.05734150390625001 179.2803524983724 
33.54545339105339 0.06260029296875 175.30044868977865 
32.51819884559884 0.074869287109375 185.027671875 
34.27732914862915 0.059065234375 170.0112657470703 
31.60529884559885 0.077495947265625 246.74156066894528 
31.80098066378066 0.07570869140625 216.1487528076172 
31.281177633477633 0.08170415039062501 263.9228179931641 
31.412835209235208 0.086778759765625 225.3004445800781 
31.962995815295812 0.072224609375 232.63872066243488 
34.07017763347763 0.05717861328125 179.03795894368488 
31.50029884559884 0.08032807617187501 218.73653857421874 
31.275935209235207 0.085119775390625 242.01840543619792 
32.71032914862915 0.06856513671875 181.94137756347655 
34.33625339105339 0.060393749999999996 154.49154748535156 
32.65728672438673 0.06802001953125 205.75811372884115 
33.31516248196248 0.0645333984375 188.21034338378905 
32.20598066378066 0.073977392578125 196.2866618245443 
33.38551096681097 0.06494013671875001 166.91615393066405 
32.01838975468976 0.08373764648437501 186.01651708984377 
32.28416248196248 0.071133203125 214.0952519124349 
31.98796551226551 0.079433935546875 190.948498046875 
31.632298845598847 0.07848305664062499 238.21173352050783 
31.63729884559885 0.078138916015625 221.87540055338542 
31.407935209235205 0.08284282226562499 241.68367301432292 
33.68367763347763 0.06184326171875 152.50854260253905 
32.2003443001443 0.07031484375 223.65824800618492 
32.88248066378067 0.06718955078125 192.0446378173828 
31.149177633477635 0.08354916992187501 244.447623046875 
32.531071572871575 0.07193100585937501 170.68565527343753 
33.80525339105339 0.05921552734375 156.8408927001953 
33.04047157287157 0.066831787109375 164.35599218750002 
33.63916248196248 0.06377333984375 172.60864855957033 
33.117404906204904 0.06531855468749999 203.10931636555992 
32.11766248196248 0.07319833984375 206.86783166503906 
33.14473823953824 0.066364501953125 158.87899772135415 
33.8403443001443 0.06085615234375 155.34979748535156 
32.100162481962485 0.07326298828125001 218.81264831542967 
32.812404906204904 0.06851259765625 199.4874923095703 
31.96063217893218 0.078553857421875 199.2208546549479 
36.51805656565657 0.054737109375 206.1031385498047 
33.432454978354976 0.064277001953125 201.0579996744792 
33.04531212121212 0.06534248046874999 207.58783512369791 
32.519181673881675 0.06906259765624999 218.38185909016926 
32.86522640692641 0.06788632812499999 229.61472106933593 
32.27442914862915 0.08019892578124999 189.76531359863282 
34.910402164502166 0.06100537109375 152.30150537109375 
35.262580014430014 0.057988623046875 146.3896826578776 
35.051913347763346 0.060980224609375 145.71573246256511 
31.87154386724387 0.0807958984375 207.04410709635417 
34.57865981240982 0.06715 151.59903275553387 
34.78871334776335 0.063565380859375 146.61634769694012 
32.5606012987013 0.070334521484375 177.08692179361978 
32.380689321789326 0.07186787109375001 198.83963712565105 
31.580709812409815 0.08262939453125 213.86022794596354 
32.907744155844156 0.068672802734375 156.95310441080727 
32.748402886002886 0.094365771484375 168.75989225260417 
31.734076695526696 0.08205400390625 194.33879825846356 
31.344805050505055 0.10085878906250001 240.2927853190104 
31.690264574314575 0.09330449218749999 185.08707755533857 
32.82430743145743 0.08619892578124999 170.28286954752605 
33.96281637806638 0.06351318359375 152.1335008951823 
32.122349422799424 0.08695546875 183.38071134440105 
33.282591702741705 0.06624072265625001 188.53589152018228 
31.88693124098124 0.09103222656250001 182.7884364420573 
31.42803124098124 0.08790585937499999 223.52800016276043 
32.067085353535354 0.075511376953125 191.0998671061198 
31.381614574314572 0.09706992187499999 239.0818946940104 
