29.688372582972587 0.08092958984374998 274.1791367594401 
29.199953751803754 0.092810205078125 252.40962532552084 
29.550213852813858 0.08488388671874998 260.60514412434895 
29.278213852813856 0.090743603515625 258.77189758300784 
29.557733694083694 0.083356591796875 249.62584842936198 
29.21395375180375 0.09194633789062501 252.07261018880206 
29.284160822510827 0.089477197265625 231.4776160888672 
29.62758253968254 0.08247529296874999 243.3022228190104 
29.374797186147187 0.08824814453125 221.5189501953125 
29.386658297258297 0.08743637695312499 245.30300496419272 
29.492213852813858 0.08525190429687499 236.39932153320314 
29.591364862914862 0.088809130859375 219.94944604492184 
29.589350216450217 0.08357226562499999 223.77626936848958 
29.29993174603175 0.08787363281249999 244.30848807779947 
29.718639610389616 0.08551811523437498 216.26671158854168 
29.556362842712847 0.086629443359375 225.0663926188151 
29.41727698412699 0.08621220703124999 228.4856916097005 
29.944832539682544 0.07754594726562498 215.42513920084633 
29.45709054834055 0.087301025390625 227.11780183919268 
29.763430158730156 0.079699658203125 213.99657177734377 
29.39951940836941 0.086488232421875 228.99514453125 
30.25841082251083 0.070823828125 227.01714392089843 
30.162736147186152 0.08098642578124998 192.96088118489584 
29.810537445887448 0.077825634765625 196.64268066406248 
36.05398318903319 0.047659912109375 140.28911934407552 
34.36798318903319 0.051409619140625 124.37873994954428 
30.410964718614718 0.07081303710937499 229.14664794921876 
30.459759090909092 0.068794091796875 207.8399841308594 
29.968210173160173 0.076892578125 197.18249808756508 
30.209382900432903 0.07464804687499998 190.94221846516928 
30.342036147186146 0.07792001953125 186.77282295735677 
30.430213636363636 0.070181103515625 202.61379956054688 
29.999266017316017 0.0732623046875 195.08525797526045 
30.722244805194805 0.065021630859375 187.3005457763672 
31.539316233766236 0.059575781249999994 162.9128750406901 
35.576649855699856 0.048407666015624996 139.29565010579427 
35.857649855699854 0.04827236328125 141.7366525065104 
35.39864985569986 0.04877397460937499 147.17909395345052 
35.10626601731602 0.04928857421875 133.8084816080729 
32.11550180375181 0.066368115234375 145.1935016682943 
33.16717409812409 0.058304443359375 132.14355635579426 
32.228599350649354 0.056776318359374994 151.21638395182293 
32.71700411255411 0.055668798828125 149.3304716796875 
33.784705411255416 0.0536236328125 130.48500036621093 
32.05923874458875 0.058958203125 158.3192854817708 
33.455432683982686 0.052787939453124995 132.91665250651042 
31.34693874458874 0.060636230468749996 186.12274658203125 
31.301238744588744 0.061392919921875004 165.35617712402342 
30.2351803030303 0.071325244140625 204.28316870117186 
31.09049935064935 0.063769140625 167.55404654947918 
30.370510173160174 0.07186220703124999 182.53030326334635 
30.29307077922078 0.07268154296875 194.06153454589844 
30.217737445887447 0.07396162109375 194.74968884277342 
34.89226601731602 0.049531396484375004 147.60862361653645 
31.913810461760463 0.05912441406249999 148.378232421875 
33.35259935064935 0.05276503906249999 134.4038390299479 
34.191932683982685 0.0516349609375 125.69362540690105 
31.571337445887444 0.05806474609375 168.95690950520833 
31.412810173160175 0.061954882812499994 163.4972060546875 
30.484811471861473 0.0714421875 189.83041243489583 
30.763421861471862 0.07192045898437499 174.59444514973958 
33.03193268398269 0.05264438476562499 138.01853564453126 
32.63211017316017 0.05393916015624999 156.63423372395832 
31.769510173160175 0.05787255859375 158.8000234375 
31.750426046176045 0.069081591796875 155.95632511393228 
33.569599350649355 0.051843408203125 131.16399283854167 
34.720993290043296 0.04991640625 135.71665075683595 
31.367472077922073 0.06114838867187499 171.0275299479167 
30.5072829004329 0.06727109374999998 183.33068811035156 
34.583872077922074 0.05047109375 143.71481347656248 
30.88989935064935 0.064111572265625 172.71970170084637 
31.629804112554112 0.06273427734374999 161.09302543131508 
34.415872077922074 0.05089306640625 130.27455668131512 
34.09931652236652 0.05134755859374999 136.41555013020832 
30.499544805194805 0.06999892578125 184.63715502929688 
34.448872077922076 0.050583789062499995 129.13081547037763 
31.665766017316013 0.0558794921875 160.35059212239582 
31.156299350649352 0.0637458984375 171.96061364746095 
32.659599350649344 0.053299267578125 156.18642240397133 
31.009327922077922 0.06414873046875 172.5617412516276 
31.21199935064935 0.06318359375 159.50869010416667 
31.23309935064935 0.0625427734375 167.73440270996093 
32.073170779220774 0.057488720703124996 152.00820084635419 
32.413776839826845 0.054948144531249986 154.0603829752604 
35.98187207792208 0.04794658203125 141.8321787109375 
33.00987712842713 0.054570947265624996 144.65012434895834 
32.43117077922078 0.05615297851562499 146.91469694010416 
32.84904956709957 0.054597070312499996 146.25363155110676 
33.223316522366524 0.052055419921875005 145.13092533365887 
32.52583744588744 0.0545177734375 153.55166328938802 
33.82450411255411 0.052148925781249994 127.76441394042969 
32.36659935064935 0.05650874023437499 141.90577689615884 
34.93864985569986 0.05021748046874999 127.43129484049479 
30.655544805194804 0.067492626953125 177.61057491048177 
31.171243506493507 0.06471450195312499 160.74266845703124 
30.533964718614715 0.07268330078125 178.6306354573568 
30.867559956709957 0.06662841796875 177.15341918945313 
31.9393448051948 0.05745708007812499 158.94795491536456 
30.477180303030305 0.069653466796875 203.34117228190104 
32.80470541125541 0.054063037109375 153.4777939453125 
31.32919329004329 0.062922216796875 163.91953157552084 
30.803016233766233 0.068412890625 175.83509444173177 
33.968528643578644 0.052424072265625 124.82073506673176 
35.914316522366526 0.048325732421875 135.1702841389974 
30.804137445887445 0.068085009765625 168.226404296875 
32.180266017316015 0.053965771484374994 154.6063782552083 
30.57966601731602 0.06938427734375 177.01683984375 
30.744543506493507 0.0666025390625 179.8854629313151 
32.35333744588745 0.05657797851562499 146.27329475911458 
33.89359935064935 0.05211000976562501 126.35896126302083 
35.07343268398269 0.048978173828125 137.54626074218748 
30.55096471861472 0.07126142578125 178.20939680989582 
34.531649855699854 0.05140039062499999 125.25615462239583 
31.483955916305916 0.0610970703125 176.53742708333334 
34.70799329004329 0.049617822265625 136.37999483235677 
35.49441753246753 0.04851728515625 144.0375446777344 
30.97038924963925 0.0673748046875 168.20699560546876 
34.63659935064935 0.050145312500000004 131.68883593750002 
35.01931652236652 0.04932578124999999 129.29735034179686 
35.49898318903319 0.04861396484374999 139.83834057617187 
32.793316233766234 0.05720693359375001 137.18979235839845 
30.481799350649354 0.068118212890625 192.50411185709635 
33.88395772005772 0.05594331054687499 127.02756571451822 
33.26109408369408 0.057184374999999996 132.1318690592448 
33.07836984126984 0.059066210937499995 134.26221647135415 
33.41918499278499 0.05592441406249999 127.7682013346354 
33.722957720057714 0.057496435546875 127.36958133951823 
30.758479797979795 0.079915478515625 175.41701078287764 
32.94380519480519 0.05775151367187499 136.61753637695313 
32.770471861471854 0.058808837890624986 141.67938151041668 
33.60668499278499 0.05506054687499999 127.5751737467448 
32.20190519480519 0.06432265625 145.72842407226562 
32.597860750360745 0.06351860351562498 138.4414629313151 
31.04457186147186 0.07411201171874998 167.20021700032552 
31.11219090909091 0.071625830078125 166.23494095865885 
28.768673304473303 0.10574082031249998 275.88042447916666 
28.893108369408363 0.10685190429687498 270.47113785807295 
32.59024011544012 0.06494560546875 138.3226815185547 
28.94649653679654 0.10295805664062499 303.00983536783855 
28.869173304473307 0.10455839843749999 275.48068326822914 
29.24449148629149 0.09679628906249998 246.09303214518226 
29.043251226551227 0.10139965820312499 262.60186051432294 
29.14617936507937 0.098635107421875 241.11252115885418 
28.797496536796533 0.10317563476562498 281.55506876627607 
29.18075050505051 0.09503320312499998 266.1445858968099 
29.809877777777775 0.09354545898437498 201.2392940266927 
29.1025733044733 0.0991109375 243.73461222330727 
32.58924011544011 0.063826904296875 141.5542198486328 
29.091673304473307 0.10252138671874998 259.2093815104167 
29.76597777777778 0.09253549804687498 210.64940779622395 
28.98717330447331 0.10584316406249998 268.97415494791665 
29.226602597402596 0.10202470703124998 232.797789469401 
28.966718759018757 0.10005200195312498 277.22536002604164 
28.797816161616154 0.105582958984375 275.6749169514974 
