30.10443838383838 0.057464208984374994 176.04221520996094 
30.047966161616163 0.059444677734375 158.5058203938802 
31.832202525252523 0.051331982421874985 94.47356473795571 
32.34826919191919 0.04771601562499999 94.5710109049479 
32.084702525252524 0.048631738281249996 94.5073691813151 
31.992602525252522 0.05019350585937499 94.58672587076822 
30.099825252525253 0.05872490234375 153.75665755208334 
30.22314271284271 0.055592041015625 148.04500386555992 
30.194691919191918 0.05951542968750001 134.61521162923177 
29.995727633477628 0.060355712890625 154.56093819173176 
30.09918737373737 0.06184462890625 136.50744999186196 
30.77046572871573 0.05020107421875 102.72557983398437 
31.299703823953823 0.04841064453125 95.84873600260417 
31.16286572871573 0.04799746093749999 101.1538399251302 
31.20431017316017 0.046886669921875 144.46114929199217 
30.800799062049062 0.048823437500000004 136.04994946289062 
32.27343715728716 0.0444431640625 99.89112447102865 
32.570865728715724 0.0455443359375 93.35274702962238 
31.96153239538239 0.04531650390625 99.3730694173177 
30.574965728715725 0.05107734375 107.73656758626302 
31.505865728715726 0.04634741210937499 122.63451692708333 
31.490465728715726 0.04772666015625 94.75565087890624 
31.94686572871573 0.04576235351562499 99.62765486653645 
32.04386572871573 0.04465087890624999 100.20669405110677 
31.272199062049058 0.0474798828125 100.5343116048177 
31.324865728715732 0.04726396484374999 107.75411067708333 
31.377865728715722 0.04634741210937501 136.28176367187498 
31.056243506493505 0.048087646484375 113.82878833007813 
31.92686572871573 0.04531650390624999 113.00148168945313 
30.99979906204906 0.048618359375 100.40252107747395 
32.864103823953826 0.044890771484374994 92.91257649739583 
31.144199062049054 0.047479882812500006 114.18155834960938 
31.108265728715732 0.04752900390624999 136.2660936279297 
30.301472077922075 0.052347119140624995 131.0335222981771 
30.66679906204906 0.049475 136.1734006347656 
31.05519906204906 0.0478759765625 122.9867950032552 
30.257599062049056 0.0510197265625 143.75329260253906 
31.071132395382392 0.049269921875 96.19807706705728 
32.56210382395382 0.04622832031249999 92.73457906087239 
30.79146572871573 0.048600732421875 144.0501165771484 
31.762865728715735 0.04658818359374999 94.88744140624999 
31.590643506493507 0.046883300781250005 96.97629654947917 
31.64503715728716 0.045581640625 113.41231372070312 
30.890465728715732 0.049135937500000004 101.02204939778645 
30.59891017316017 0.049794970703125004 122.06287451171875 
31.537865728715733 0.045967431640624994 135.93776757812498 
31.464854617604615 0.047060400390625 100.42985970052084 
30.722799062049063 0.049492431640624994 130.02942622884115 
30.596743506493507 0.050256982421875 108.24970174153646 
30.242910173160173 0.05331875 125.57195397949218 
31.543437157287155 0.045934619140625 114.05569213867187 
30.478710173160174 0.05105234374999999 143.34686755371092 
31.19686572871573 0.04726396484375 121.40135742187499 
31.312865728715725 0.04657412109375 114.78428124999999 
31.223199062049062 0.047064208984374994 135.78734643554688 
30.4102435064935 0.051546728515625 109.09221492513021 
31.85743715728716 0.046380468749999994 94.66155151367187 
33.38743715728716 0.04387070312499999 105.40956136067707 
30.95519906204906 0.04789003906250001 136.40476245117188 
30.949037157287158 0.04906220703124999 113.30347924804687 
32.97086572871572 0.04407841796874999 110.6071962890625 
31.457532395382394 0.04658818359374999 113.91115209960937 
31.205132395382396 0.048618359375 96.0746258951823 
30.737799062049064 0.049269921875 114.17321899414063 
31.627865728715722 0.04571259765624999 122.46940266927083 
31.939532395382393 0.04465087890625 113.12614428710935 
31.64365937950938 0.04593730468749999 101.0107852376302 
30.396472077922077 0.05108398437499999 122.08942443847656 
30.92446572871573 0.048402441406249996 121.26956689453124 
31.589437157287158 0.046606542968750005 99.77039998372396 
32.593103823953825 0.0444431640625 94.89457206217446 
31.714865728715733 0.045096728515625 114.04341406249999 
29.213398484848486 0.06746787109374999 217.6941679280599 
29.831716666666665 0.064227587890625 146.1961173095703 
30.052833549783546 0.057109082031249994 186.2460159505208 
29.64098939393939 0.0672236328125 153.35127209472654 
29.332934848484847 0.065456494140625 184.0317912597656 
29.419989393939396 0.06467280273437499 191.2406446126302 
29.987478571428575 0.0631345703125 144.93057153320314 
29.732171212121212 0.06643647460937499 147.8512579345703 
29.73389848484848 0.062141015625 161.01775781249998 
30.18489415584416 0.058108349609375 153.61406335449217 
30.010599783549782 0.05876791992187501 178.74632454427083 
30.194891847041845 0.056581982421874996 186.10698095703125 
29.463443939393937 0.0669189453125 157.2420549316406 
29.632789393939394 0.061900341796874994 185.3745573730469 
29.98883354978355 0.06183896484375 149.78788586425782 
29.561989393939392 0.064120751953125 158.60814978027344 
29.687099783549783 0.061155810546874995 200.37316927083333 
30.188767171717174 0.05695703125 154.43014086914062 
29.76687251082251 0.06504072265625 151.74199279785157 
29.777989393939396 0.062883642578125 150.45284216308596 
29.453917965367964 0.06279199218749999 193.09789961751304 
29.805298484848482 0.06088125 160.24457739257812 
29.872262121212117 0.059255468750000005 159.72120568847657 
29.493716666666668 0.06775947265625 153.7704259033203 
30.040262121212116 0.058266748046875 159.26318090820314 
29.853389393939395 0.05942270507812499 187.28487109374998 
29.746262121212123 0.06108906249999999 182.5048015950521 
30.09932705627705 0.059327880859374994 149.8098543701172 
30.225076406926405 0.060417236328124985 122.69972477213541 
30.109476406926404 0.065481787109375 119.80339025878907 
30.250898629148622 0.0638142578125 119.73367712402344 
29.841209740259742 0.06674765625 122.91624100748699 
30.052209740259745 0.06276601562499999 126.69579732259113 
29.998743073593072 0.06049892578124999 149.60894498697917 
30.06200974025974 0.06188803710937499 141.69555985514322 
30.381171645021645 0.058251269531250004 121.50145068359376 
29.9634575036075 0.06161372070312499 154.67591914876303 
