27.878285714285717 0.08602446289062499 266.723874633789 
28.211746031746028 0.080771142578125 239.93014001464843 
28.207385714285714 0.08114086914062499 262.54308166503904 
28.24585945165945 0.08508120117187498 200.79985518391928 
28.13710692640693 0.082636181640625 222.73988977050783 
28.180606926406924 0.08415883789062498 201.31164172363285 
27.796940259740264 0.086446533203125 238.63731457519532 
28.62623492063492 0.07543686523437501 208.0210917561849 
28.58199581529581 0.076229638671875 216.39726013183596 
28.075085714285716 0.08230649414062499 239.54724475097657 
28.275174603174605 0.080294384765625 235.81347082519528 
28.61507157287157 0.075791845703125 215.95987731933593 
28.307374603174605 0.08167700195312501 214.44920471191404 
28.029295815295814 0.08645024414062501 237.32226135253904 
28.32673823953824 0.080170654296875 235.0059196370443 
28.483495815295814 0.07500209960937498 232.25683357747397 
28.335874603174602 0.079581103515625 234.41378234863282 
28.463374603174604 0.076956689453125 230.4470058186849 
28.64335613275613 0.076568359375 203.23553267415363 
28.16449581529581 0.085209228515625 202.31812561035156 
28.43724603174603 0.077838037109375 239.25566345214844 
28.426041269841267 0.08179506835937499 200.0004901936849 
28.60822380952381 0.0749759765625 222.06602583821615 
28.714846031746035 0.073199365234375 231.45849841308595 
28.064940259740265 0.08246879882812501 237.04825598144532 
28.14795238095238 0.08170024414062499 236.4094757080078 
27.43099264069264 0.10226757812500001 282.34088012695315 
27.468103751803753 0.09918232421875 242.44653613281247 
28.06159011544012 0.09584169921874999 205.43846455891926 
27.641103751803755 0.094609326171875 233.14476416015629 
27.468103751803753 0.09959575195312499 240.17005810546874 
27.69798102453103 0.0936529296875 247.47024426269533 
27.69724466089466 0.09004111328124999 271.65721777343754 
28.59525526695527 0.075553564453125 219.53524324544273 
28.14796226551227 0.08957714843749999 200.5008983154297 
27.82248607503608 0.09086723632812499 206.80913171386717 
27.713445454545457 0.090433935546875 224.5586025390625 
28.198927994227997 0.08586704101562499 201.25069242350258 
28.106282756132757 0.08830791015625 205.42997139485678 
28.41074386724387 0.08417973632812499 198.39650736490884 
28.25182777777778 0.08749824218749999 190.57427062988282 
29.014921139971143 0.068670654296875 212.9336955973307 
28.361060028860024 0.079279248046875 227.26588525390628 
28.30473152958153 0.082133251953125 202.8335997314453 
28.120956998557002 0.09393403320312499 197.59056608072916 
27.88918881673882 0.09082470703125 221.60046716308594 
28.040258802308802 0.08627084960937498 220.05121569824217 
27.936726479076484 0.090605908203125 221.5652293701172 
28.38676313131313 0.08470048828125 199.00381042480467 
27.991844660894664 0.088993408203125 205.4748516845703 
30.1633955988456 0.05853041992187499 171.27830940755206 
27.963837085137087 0.090338134765625 207.52012666829427 
28.190139898989898 0.08866464843750001 190.4012374267578 
27.87154545454546 0.088950732421875 223.541947265625 
28.11698910533911 0.083004052734375 203.14962162272136 
28.2966398989899 0.08496254882812498 198.35109269205728 
28.47703383838384 0.078231396484375 199.5915293375651 
28.26004790764791 0.08285131835937501 207.09410131835938 
27.461631529581528 0.10911083984375 278.2353305664062 
28.30757005772006 0.09032680664062501 188.89498319498693 
28.660240331890336 0.07571499023437499 193.6523222249349 
29.247806998557003 0.06753305664062499 185.84443973795572 
29.354306998557004 0.065511181640625 180.0921142171224 
29.190240331890337 0.06959819335937499 168.02779935709634 
28.54948275613276 0.07736884765624999 209.92834342447912 
28.89734033189034 0.07639702148437498 166.91724483235674 
28.818545093795095 0.072645166015625 204.46308821614582 
28.507216089466098 0.07648911132812498 223.1448564860026 
28.53824033189034 0.08262182617187501 183.53161006673176 
28.07454985569986 0.08838149414062499 218.9155061035156 
28.53104033189033 0.077017431640625 210.65872835286456 
31.930182034632036 0.05579990234375 107.54782328287762 
31.135015367965362 0.0650890625 108.3600252685547 
32.65856731601732 0.045144189453125004 111.04726208496093 
28.284194083694082 0.1062212890625 186.44890779622398 
28.299633477633478 0.10397294921875 190.1257466634115 
28.10763650793651 0.084463525390625 234.95224995930988 
30.11754624819625 0.05923867187499999 133.46573889160157 
28.310300144300143 0.09009858398437501 182.8970705159505 
31.325545887445887 0.05209453124999999 117.85965148925783 
29.872259451659453 0.060046240234375006 137.0432159830729 
31.47837828282828 0.0505232421875 143.13838623046877 
31.262922727272727 0.051033203125 118.2821297607422 
31.565441919191915 0.050000537109375 115.60271594238283 
29.97681204906205 0.062363964843749994 135.8748028564453 
28.2800126984127 0.10601855468749999 187.6885607503255 
31.925553030303032 0.047995556640625 108.68032507324219 
28.686494083694082 0.07572573242187501 186.02311922200522 
30.05507005772006 0.059799804687500006 134.62889807128906 
28.378415295815298 0.08135473632812501 204.5239071858724 
32.003433116883116 0.047615673828124996 113.14682861328126 
29.85463715728716 0.061441406250000004 142.46066601562498 
29.5921652958153 0.0639951171875 146.47965576171873 
32.06970454545454 0.047284619140625 108.54685461425782 
32.17041883116883 0.047399707031249995 108.04275659179689 
28.377003174603175 0.080546826171875 210.62738484700523 
30.999025901875903 0.053239794921875 128.07036767578126 
29.357263780663786 0.06515385742187499 177.87749951171875 
31.881621212121214 0.049117187500000006 112.30413330078125 
29.518273520923522 0.06344340820312501 163.50431799316405 
29.565804689754685 0.06458740234375 139.77685766601564 
29.783650144300147 0.060686474609375 161.21226513671874 
31.03063585858586 0.051835205078125 126.75336499023437 
31.09335353535353 0.05411225585937499 119.19382666015625 
31.790760101010104 0.0484421875 115.02184240722657 
29.021969841269843 0.07335039062500001 166.80167468261718 
31.208565295815298 0.051371240234375 147.76656604003907 
28.21573650793651 0.082176611328125 228.3200185139974 
29.246841053391055 0.070087646484375 144.96781799316406 
30.089454473304478 0.059151367187500005 159.52670642089842 
32.47420303030303 0.046739697265625 104.0790947265625 
29.458053174603172 0.06420185546875 167.60557043457032 
29.411070057720057 0.067769921875 149.13261657714844 
28.49683347763348 0.08589580078124999 189.10076387532553 
30.004766810966814 0.060493701171875004 131.70255102539062 
29.733231096681102 0.062533056640625 137.5506173095703 
32.418385497835494 0.046278369140625 112.17601330566404 
29.34342070707071 0.066196484375 155.47142370605468 
31.551287157287156 0.050671435546875004 136.40622802734373 
28.803025901875902 0.07964326171875 157.3227735595703 
30.251928066378067 0.05827187500000001 123.58964428710937 
32.34353636363637 0.046739697265625 105.94650219726563 
28.990642568542572 0.06977910156249999 180.22821801757811 
28.97348802308802 0.07442968750000001 164.76866662597655 
30.81732525252525 0.055075048828125 124.93105627441406 
28.681184992784992 0.07944970703125001 161.80373189290364 
31.454564141414142 0.050828515624999994 120.68167700195313 
31.377143434343434 0.050865771484374996 114.33042077636719 
28.42986984126984 0.07915595703125 197.49981270345057 
29.44759862914863 0.064890283203125 173.2128399658203 
30.520540836940835 0.056332226562500004 130.48346716308595 
30.388091702741704 0.055602587890625 151.85407336425783 
28.587424386724386 0.077327880859375 201.0910948486328 
29.20914256854257 0.0666458984375 200.29193225097654 
32.28939105339105 0.047104589843749996 104.09993017578125 
31.606989538239542 0.049354541015625 114.87068933105469 
30.234443217893222 0.057869873046875 149.6286728515625 
29.386873520923523 0.06557036132812501 169.14499108886722 
30.915945382395385 0.053469482421875 126.05497583007812 
28.840697113997113 0.072165234375 182.1627393798828 
29.31240772005772 0.06570771484375 169.94440319824216 
29.65329862914863 0.06440781250000001 140.70281811523438 
29.283621356421353 0.0685232421875 148.79139314778647 
30.770993001443003 0.055198876953124996 122.90486535644533 
30.68347222222222 0.0528298828125 129.19948669433595 
31.591762121212124 0.049950341796875 126.56027941894531 
28.672038023088025 0.07410878906250001 211.0216708984375 
28.253694083694082 0.0874763671875 199.53154524739583 
31.704036363636366 0.048903125000000006 114.0856082763672 
30.274612914862914 0.057554003906250005 150.03618139648438 
28.63052741702742 0.081921044921875 178.81055147298176 
29.814356998557 0.06297626953124999 136.3770242919922 
30.334000793650794 0.056170507812500006 132.32730932617187 
30.977253535353533 0.05493212890625 119.56401562500001 
29.635964430014432 0.06457333984375 138.56255151367188 
28.582294083694084 0.082512451171875 171.02882344563804 
30.672651010101006 0.054476025390625 153.5052198486328 
28.98014862914863 0.07707050781250001 153.97677172851562 
31.640022727272726 0.049045605468749996 115.09097595214843 
28.81239018759019 0.07317392578125 193.1682892659505 
28.41633347763348 0.084106884765625 198.60108406575523 
29.627948629148634 0.064252734375 143.91699963378906 
29.195931962481964 0.06813466796875 151.87873596191406 
32.551536363636366 0.046373388671874995 103.733732421875 
31.122572222222225 0.051662646484375 148.11952929687502 
29.084713997113994 0.072325927734375 158.48585375976563 
30.60138174603175 0.05548642578125 135.54719873046875 
28.599833477633478 0.082220166015625 188.22569991048175 
28.629409235209238 0.07476474609375 213.44103405761717 
28.36787287157287 0.08661484375 196.26392744954427 
29.07112741702742 0.06929345703125 194.25154895019534 
30.71843023088023 0.055982861328125 122.39503259277345 
30.534623953823957 0.056844384765625006 125.75762683105468 
30.894572871572873 0.054206103515625 120.09307214355469 
30.344802525252526 0.057792626953125 129.80838659667967 
30.417792784992788 0.05737109374999999 125.900634765625 
29.179750360750358 0.07076337890625 156.82351973470054 
32.19114025974025 0.04851826171875 106.77981958007811 
28.51392741702742 0.086003955078125 182.60822298177087 
30.467168470418468 0.057343652343749996 123.29510412597656 
29.393281962481964 0.066130712890625 150.78209204101563 
28.917475901875903 0.07222255859375 181.11556713867188 
29.090444083694084 0.07518798828125 157.7192947998047 
29.77805079365079 0.062072314453125 140.9526633300781 
29.0576613997114 0.06908173828125001 195.48958032226562 
31.678186363636364 0.048699072265625 120.19628771972656 
32.45508787878788 0.046207568359375 110.14940100097657 
31.160476767676773 0.052970703125000004 119.60476562499998 
28.98638650793651 0.068916064453125 205.74335888671874 
28.763063780663778 0.07879125976562501 160.02997155761722 
30.564104473304475 0.056621679687499996 121.76144909667968 
28.540348629148628 0.0783013671875 196.9359608154297 
28.69688802308802 0.07387993164062501 210.25435310872393 
28.912009235209233 0.070545703125 196.5323330078125 
30.17696847041847 0.060453124999999996 131.06140771484374 
29.050106204906207 0.07290625 166.15196337890626 
30.181486507936505 0.05809702148437499 129.5829737548828 
30.049559235209234 0.0589173828125 160.58805957031248 
30.471660533910537 0.056624755859375 130.23486474609376 
29.824340187590188 0.06202509765625001 140.07542309570314 
29.846799639249642 0.063607080078125 130.9316416015625 
30.181412914862914 0.05888466796874999 124.11558264160158 
29.374431962481964 0.06429462890625 174.9432897949219 
29.10047741702742 0.06787407226562502 173.83988525390623 
30.592684343434343 0.055149951171875 179.21292639160157 
29.13443196248197 0.06871000976562501 173.48324938964845 
30.94621212121212 0.053458691406249995 120.73702246093751 
32.31681493506493 0.046573876953125 107.39133447265624 
28.732819841269837 0.072106494140625 209.9514434814453 
28.397136507936512 0.07808178710937501 214.7071337483724 
32.20937121212121 0.047399707031249995 106.16943139648438 
29.747998629148633 0.060426171875 165.65767395019532 
28.41643650793651 0.086941064453125 176.5676641845703 
30.621331313131314 0.055820166015625006 125.92545703125 
29.1026759018759 0.06944970703125 171.13050268554687 
30.654507070707073 0.05800048828125 121.45410876464842 
29.05999105339106 0.07159301757812501 172.33342700195314 
29.297691702741705 0.067079736328125 169.94592834472655 
29.634431962481962 0.06170068359375 163.9853620605469 
29.704888239538242 0.06325122070312501 156.99993139648439 
29.714917460317462 0.06322060546875 144.74436462402343 
31.74057575757576 0.049115478515625005 113.17513757324218 
28.55073650793651 0.07628642578125 215.77086560058592 
31.00905988455989 0.05402265625 119.76305102539061 
31.751433982683984 0.048687158203125 114.85551074218749 
28.62233953823954 0.07767753906250001 199.43816072591147 
32.243108585858586 0.047104589843749996 105.73118103027343 
29.16200187590188 0.073016650390625 156.0261542561849 
28.643548629148633 0.078496484375 163.8183358154297 
32.04345909090909 0.047383984375 119.68813598632813 
29.491249062049064 0.062275683593750006 175.73166137695313 
30.29385101010101 0.057084619140625 157.0999229736328 
29.238710750360752 0.07138749999999999 151.09995849609376 
31.131719191919192 0.0522693359375 124.67156652832031 
28.389951659451658 0.08675146484375 194.57748604329427 
31.89892316017316 0.0483791015625 114.99088549804688 
28.452903174603176 0.07877607421875 190.0707111409505 
29.1502759018759 0.06970576171875 160.70798254394532 
28.37485165945166 0.078738671875 213.11893225097657 
31.222325757575753 0.05145048828125 121.1529649658203 
30.31049862914863 0.056939501953125 153.15511181640625 
31.91678282828282 0.04888408203125 112.95213366699218 
28.9315259018759 0.070077880859375 178.9490174560547 
28.869403174603175 0.073067529296875 176.1738907877604 
29.455365295815295 0.06719492187500001 146.63844189453124 
28.564538023088026 0.076549462890625 215.24174597167968 
29.505234992784995 0.065476708984375 142.80630981445313 
30.75672655122655 0.05610825195312501 120.10333850097656 
29.283998629148627 0.06886762695312501 146.65294445800782 
32.235386363636366 0.046573876953125 107.40440979003907 
28.159875901875903 0.09057124023437499 199.2648865559896 
29.18332113997114 0.066925244140625 209.31207922363282 
31.021608585858583 0.052490087890624995 121.2245157470703 
28.89790014430014 0.07715180664062501 156.59993037923178 
28.568621356421353 0.075362451171875 224.81313924153645 
30.854455050505052 0.05502685546875 122.03107714843749 
29.7606613997114 0.06023408203125001 164.79895666503907 
28.788809235209236 0.07333740234375 173.36586254882815 
29.184204689754687 0.07173115234375001 153.3127067871094 
28.390298124098123 0.093573681640625 179.16668835449218 
28.821471284271283 0.091476708984375 155.57356799316403 
29.14820447330447 0.07138789062499999 162.89623889160157 
30.815377633477627 0.0666916015625 118.47885685221354 
31.14819350649351 0.05506723632812499 117.78526525878905 
28.806266378066375 0.07681396484375 164.3209305419922 
29.217173448773448 0.077326513671875 147.21101135253906 
29.015197258297256 0.07226699218749999 174.67653381347657 
28.700894227994226 0.078458935546875 172.09491687011717 
30.43058701298701 0.06837275390625 122.59417260742187 
31.26992683982684 0.055871679687499995 116.55822611490885 
30.932954689754688 0.066098046875 116.87181876627602 
29.027242712842714 0.084162939453125 152.60193204752605 
28.406661760461756 0.08755009765624999 182.3131971435547 
28.782687157287157 0.075466748046875 185.7309005126953 
29.80252049062049 0.073389404296875 136.1117511393229 
28.76674271284271 0.077213232421875 180.09578283691405 
28.4685759018759 0.0907265625 174.59553161621096 
29.063034054834052 0.082192626953125 152.5419442952474 
28.704799711399705 0.074994140625 202.06677404785157 
29.15335598845599 0.072100390625 158.73613293457032 
31.065565728715725 0.055576367187499996 117.71267443847657 
28.775101298701294 0.07497373046875 203.37761560058593 
31.584821356421358 0.0574607421875 112.80235078938802 
28.71651240981241 0.080695654296875 159.79181774902344 
28.765266378066375 0.078000927734375 159.7499344482422 
29.152623520923516 0.07881655273437499 152.11625451660157 
28.653299711399708 0.076985791015625 202.73239465332028 
34.581042857142855 0.044367529296875 116.47298010253905 
27.700572005772003 0.08956064453124998 285.02242834472656 
33.146884126984126 0.045246240234375 93.84253784179687 
34.19224992784993 0.044580615234375 106.03264758300782 
33.494884126984125 0.044673779296874994 93.85600122070312 
27.946306854256854 0.085241064453125 251.34361120605467 
28.060279076479073 0.0840146484375 278.7243997802734 
27.965397763347763 0.08499531249999999 238.4161788736979 
32.802503174603174 0.04524624023437499 95.69296484374999 
33.00021746031745 0.045743945312500006 94.64703466796874 
33.29399523809524 0.044673779296874994 97.69278833007813 
32.94070634920635 0.04657553710937499 94.01836694335937 
32.710503174603176 0.04549677734374999 99.16992138671874 
33.424661904761905 0.044673779296874994 95.825380859375 
28.11598867243867 0.08322509765625 236.78923360188801 
28.372761399711397 0.07902558593749999 225.28333463541665 
33.235995238095235 0.04488974609374999 97.9276522216797 
31.49184126984127 0.049942626953125 143.25428479003904 
33.1528007936508 0.045128466796874996 98.31538647460937 
33.136439682539674 0.045743945312500006 94.40050854492188 
32.41381746031746 0.0520212890625 100.31353698730469 
32.61537301587301 0.0481453125 101.539025390625 
28.05382200577201 0.08403129882812499 235.36408740234373 
32.387836507936505 0.046378955078125 107.40736059570312 
32.55088412698412 0.04607666015625 106.16528845214845 
28.350738672438673 0.081716552734375 211.46941153971352 
28.25141998556998 0.08077197265625 231.2887596435547 
32.4916113997114 0.046449560546875 106.57081762695313 
32.67577301587302 0.04886489257812499 100.00076330566407 
32.03631746031746 0.047465673828124985 112.36325415039063 
32.220706349206345 0.051266259765625 103.86213366699218 
28.289445743145745 0.082503759765625 220.07397094726562 
32.55439206349206 0.04580366210937499 102.1362686767578 
28.68694776334776 0.07547016601562499 203.9536452636719 
32.6742113997114 0.04747197265624999 101.94086853027343 
28.547419985569988 0.076086572265625 229.54421484375 
33.436884126984125 0.04488974609374999 94.09086511230468 
31.674782828282822 0.0551189453125 110.95554736328126 
32.299635642135634 0.053284179687499995 102.43772485351562 
32.02825786435787 0.05392978515624999 108.04822998046875 
31.859900793650795 0.05354697265624999 111.57805017089844 
32.43453059163059 0.047004882812499996 104.55172570800781 
32.61203968253968 0.050660937499999996 100.23757104492188 
32.453873015873015 0.0481453125 103.27317419433592 
28.774079076479076 0.074288134765625 204.45746630859372 
32.43094473304473 0.050357861328124996 102.73176403808594 
27.496823448773448 0.115897265625 228.71489115397134 
27.589747691197694 0.11090913085937498 235.75485807291665 
27.753474963924965 0.10496147460937501 218.87047281901044 
27.809248773448772 0.109577978515625 208.2008251139323 
27.699913059163055 0.10693017578124998 220.87960026041668 
27.60845981240981 0.11486484375 229.90261918131512 
27.738384054834054 0.107672802734375 220.05576090494793 
27.668803968253965 0.102498388671875 221.83702180989582 
27.821058297258297 0.10289223632812497 219.1222323404948 
27.81908102453102 0.10075087890625 223.17862369791663 
