32.21841190476191 0.047409228515625 137.4800139567057 
32.546850000000006 0.047215380859374996 122.32580932617188 
32.80561190476191 0.046856005859374994 122.67718334960938 
32.0180880952381 0.04950009765624999 112.71709163411457 
32.00651666666667 0.04957958984375 114.83902119954428 
34.14605909090909 0.046711962890625 96.02401383463541 
33.00825353535354 0.04468349609374999 126.25229223632812 
33.76026111111111 0.04570571289062499 100.8810196940104 
33.976253535353536 0.04557749023437498 107.62903564453126 
33.26260454545454 0.047060400390625 106.26789514160156 
33.63419242424242 0.046779638671874985 105.57202099609374 
33.50741262626263 0.04756948242187499 98.62958081054687 
33.30992777777777 0.04804951171874999 98.28120918782552 
32.846503535353534 0.045848535156249995 128.73215393066405 
33.54839444444445 0.04690385742187499 104.52535294596355 
32.627936868686874 0.05023901367187499 103.95900850423176 
31.965027777777777 0.05239638671874999 109.79860778808592 
32.796853535353534 0.04579580078125001 131.48393872070312 
32.93800353535354 0.046910498046874985 108.00450126139322 
31.149742424242426 0.055933935546874994 116.96071980794271 
32.899603535353535 0.047474755859375 108.21265413411456 
32.64585353535354 0.04666650390625 131.250818359375 
32.687694444444446 0.04816655273437499 107.92415218098958 
32.22502777777778 0.05114746093749999 107.65605078124999 
32.72133686868687 0.04778764648437499 111.04868249511718 
32.744150000000005 0.047992919921875 108.14979435221355 
32.22382777777778 0.05106484375 112.54714929199218 
32.73948333333333 0.048395312499999996 106.59971451822916 
32.23444242424243 0.050962353515625 110.51093237304688 
33.01359444444445 0.04686518554687499 107.96990234375 
32.41942777777778 0.049732177734375 107.88386971028646 
35.501819336219334 0.04393623046875 110.76343054199218 
34.9701145021645 0.044687841796874996 96.30334761555989 
34.73394668109668 0.04349248046874999 113.95854630533853 
27.869097402597404 0.07665634765625 277.50600386555993 
27.728239826839825 0.07933486328125 269.44983862304684 
35.31359711399711 0.04393623046875 111.73471350097657 
33.61444466089466 0.0471638671875 96.9505467936198 
33.45087005772006 0.04748115234375 104.10649833170572 
28.060264069264072 0.07426845703124998 261.82256917317704 
27.939764069264076 0.07570595703124999 262.83210042317705 
35.393395093795085 0.04446943359374999 110.05954345703124 
32.65294466089466 0.047204833984375 112.27366548665366 
28.255930735930733 0.07224482421874999 239.99272941080727 
27.952930735930735 0.07659580078125 252.6897825520833 
27.963098412698415 0.07620996093749999 234.39145100911458 
27.883456709956707 0.079825 208.00935913085937 
28.584535497835496 0.07008408203125 171.2967108561198 
28.691700577200578 0.06695380859375 213.4171560872396 
30.193835209235207 0.055761181640625 134.7955401204427 
30.027812987012986 0.059387158203125 131.50576733398435 
28.11097619047619 0.07548769531249999 196.79807873535154 
34.088474098124095 0.043906054687499994 116.23377559407552 
28.890814285714285 0.0659435546875 170.0575310058594 
32.55143672438672 0.04729179687499999 114.23982303873699 
29.073002597402603 0.065729443359375 162.75834138997396 
31.422640764790764 0.049936865234374996 138.52429736328128 
33.877259812409804 0.044968115234374995 118.9424072672526 
31.75870425685425 0.04920498046874999 120.03690535481772 
33.76051248196248 0.04635952148437499 96.85266324869791 
30.546764502164496 0.054199267578124995 127.71066894531249 
34.81637092352092 0.04349248046874999 113.88470381673179 
28.375930735930737 0.07197548828124999 204.5622763671875 
33.960918542568535 0.043683300781250003 116.4697012125651 
28.142811255411257 0.07374013671874999 213.10375805664063 
27.899991341991345 0.077677783203125 255.76737353515625 
32.044379653679655 0.047522216796874996 123.70217728678385 
34.5201487012987 0.04378759765625 114.62334493001302 
29.093254545454545 0.06398505859374999 173.4709920247396 
34.44930981240981 0.04368330078124999 125.44604943847654 
31.963829653679653 0.04877412109374999 115.13552461751303 
27.983732683982684 0.07833271484375 202.51612215169268 
27.928578932178933 0.07665361328125 242.85490779622393 
28.43813809523809 0.0747658203125 172.76078483072916 
29.16516883116883 0.06639648437499998 153.32087076822916 
34.64497914862915 0.045221044921874995 106.0944835611979 
28.81665194805195 0.07147451171875 157.45586263020832 
29.47376406926407 0.060256445312500004 160.71222517903647 
28.023232683982684 0.07709560546875 201.9230977376302 
28.50720375180375 0.069220263671875 198.98936083984376 
33.39226183261183 0.046550341796875 105.781072265625 
28.242976190476192 0.07250097656249999 219.23231819661459 
29.774945454545456 0.057966259765625 184.12016357421876 
29.90035974025974 0.058336279296875 142.24069604492186 
30.51178672438672 0.05313168945312499 128.51503833007814 
28.993268831168834 0.06522490234374999 174.2421619466146 
30.135323232323234 0.05593745117187499 130.20815266927085 
30.258057431457427 0.055466064453124984 134.09885091145833 
30.028334343434345 0.057219677734375 140.31220263671872 
30.071854545454542 0.056154101562499996 137.6965456542969 
29.302319624819624 0.06312788085937499 155.54113557942708 
31.64904632034632 0.04932255859375 124.30631013997395 
33.508636724386726 0.044968115234374995 123.4884119059245 
33.3169487012987 0.046106591796875006 107.33598417154948 
28.13290865800866 0.07480615234375 211.9013778889974 
32.39960187590187 0.04671650390625 123.10429667154946 
33.19426183261183 0.046932421875 107.18519140625 
28.05688528138528 0.076355859375 206.81506127929686 
29.598785137085134 0.061812060546875006 148.23275325520837 
32.09512965367965 0.048435791015624986 120.4959402669271 
31.488760606060605 0.05019433593749999 122.89323649088544 
29.375776767676772 0.06376035156249998 145.70473030598959 
32.75972647907648 0.04743935546875 109.9217247314453 
29.444053823953823 0.0605658203125 165.89598494466145 
32.21487092352092 0.0477791015625 117.19712870279946 
30.307150505050505 0.05512060546874999 124.68913134765624 
30.36373116883117 0.05441254882812499 141.16926635742186 
29.59814978354978 0.061547753906249995 148.72858203125 
32.13510541125541 0.04793090820312501 122.38935815429687 
32.3214487012987 0.048908935546875 110.12610514322917 
33.34064783549783 0.04748115234375 105.39107735188801 
28.461711688311684 0.070812744140625 178.4363486328125 
33.560648701298696 0.04457587890625 119.65745039876302 
29.224635497835497 0.06478203125 151.97723299153645 
29.120045021645023 0.06327187499999999 198.298515625 
31.133474098124093 0.05124692382812499 119.23835970052083 
31.03494632034632 0.0516267578125 122.76964794921874 
30.72387012987013 0.052452880859374995 144.010306640625 
32.97161536796537 0.046445849609375006 111.46477990722656 
34.23082243867243 0.04538256835937499 108.35861828613282 
30.052536363636364 0.055376757812499997 138.05066861979165 
34.28434076479076 0.045826318359374986 96.67895585123698 
29.23411962481962 0.06202392578125 195.57556404622397 
31.091346320346318 0.05118408203125 126.68759887695312 
28.961735497835498 0.06564501953124999 164.21401220703126 
29.33724660894661 0.0628376953125 150.56811995442706 
31.3718645021645 0.05000151367187499 130.90603474934895 
33.0834487012987 0.0458619140625 108.02823783365884 
32.25051854256854 0.047675439453125 119.76140100097658 
30.774450216450212 0.05247153320312499 126.9067958984375 
32.49084076479077 0.04803066406249999 109.58172619628905 
31.200400216450216 0.052220996093749986 118.87043188476561 
30.906946320346314 0.051650683593749996 123.29669588216144 
30.618986724386723 0.05268793945312499 124.28265356445311 
31.27628672438672 0.05002705078125 130.5794921061198 
30.878568470418468 0.05330410156249999 122.60802099609374 
29.058997402597402 0.06687587890625 152.68665551757812 
34.60370425685425 0.043492480468750004 114.22690840657552 
30.117653391053388 0.058707080078124994 134.47366064453126 
29.180497113997113 0.062381005859375 188.27512890625002 
28.28030952380952 0.073043017578125 200.50532788085937 
29.94011298701299 0.057697607421875 142.22852522786457 
28.919902958152957 0.06556728515624999 184.7336219075521 
33.77070425685425 0.044968115234374995 118.98535705566405 
28.606344588744587 0.06988271484374999 177.12761938476564 
28.830085497835498 0.06712646484375 168.91005623372394 
29.352510966810964 0.06548740234375 139.75845906575518 
29.62635901875902 0.05913471679687499 159.28855078125002 
28.638602164502164 0.06890502929687499 176.5287373860677 
28.537819624819626 0.06882197265625 230.4096621907552 
29.409537518037517 0.06259628906249999 149.5193738606771 
28.23004502164502 0.07246728515624999 223.62634106445313 
30.32950894660895 0.054560107421875 141.45479882812498 
31.833940692640695 0.0506705078125 112.64941951497396 
28.975809523809527 0.06453818359374999 183.7478289388021 
29.123367243867243 0.06304511718749999 168.1313770345052 
30.597607431457426 0.05376650390625 125.38027132161459 
30.009558585858585 0.060376171874999995 137.3402932128906 
27.955726190476188 0.07635703124999998 203.73667464192707 
28.146430735930736 0.07346435546874999 228.48728059895834 
32.9278145021645 0.046854248046875 109.15578186035157 
27.803419047619045 0.07808671874999999 232.73564469401043 
34.16205981240981 0.044630957031249995 108.89357108561198 
28.3203354978355 0.07241440429687498 193.71854443359376 
28.41429502164502 0.0718595703125 181.2738477376302 
33.03648910533911 0.047356982421875 106.7875606689453 
31.596222438672438 0.050259228515625004 115.09377091471355 
33.2514487012987 0.04550253906249999 107.88813106282552 
29.452930447330445 0.06340229492187499 145.0625088704427 
32.4279891053391 0.04824726562499999 109.24116634114583 
30.272757431457425 0.05658754882812499 129.3782470703125 
32.2894284992785 0.047877734374999995 110.17139383951823 
33.00869790764791 0.046324267578124995 113.80426875813802 
30.612291774891773 0.052887890624999996 127.44685156249999 
33.906029653679646 0.045296093749999995 116.38491906738281 
30.84079177489177 0.051996875 127.29649267578124 
29.828638672438675 0.05789726562499999 160.36835701497398 
31.372059812409812 0.050508105468749995 118.71384651692708 
29.020319480519483 0.067768115234375 152.05475830078126 
31.636400216450212 0.049520361328125005 120.90100284830729 
32.18554069264069 0.0493783203125 113.20658406575521 
31.812248701298696 0.049456738281249996 118.52111018880208 
28.428364646464647 0.0711775390625 211.42188330078125 
29.62364949494949 0.060906298828125 154.17355908203126 
30.468853391053386 0.053657666015624994 128.8230703125 
28.099182683982686 0.0750515625 200.82413736979169 
28.078309523809523 0.075209619140625 202.1601533203125 
33.15767092352092 0.045709521484374994 117.60201607259114 
28.772187878787882 0.06660205078125 191.05094262695314 
28.840330735930735 0.065866796875 185.06595703124998 
33.959524458874455 0.045164160156249994 108.90362463378905 
28.162452380952377 0.07607705078124999 191.73193774414062 
30.428231168831168 0.053426806640625 128.91147485351564 
30.977164502164495 0.05120693359374999 124.16612158203125 
29.190292640692643 0.062333300781249996 159.823447265625 
29.83621356421356 0.05780825195312499 154.15853271484374 
29.734649494949494 0.059553759765625006 147.43900903320315 
31.87864632034632 0.04864057617187499 117.93422684733072 
29.24061053391053 0.06525175781249999 150.31351904296875 
28.28906277056277 0.07266787109374999 193.86793115234374 
30.238535209235206 0.056409814453125 129.4465469563802 
31.939390764790765 0.048516650390625 121.33883044433594 
31.77799632034632 0.04893876953125 123.79817521158854 
28.404409523809523 0.0731365234375 182.84233723958334 
31.845543145743147 0.04960322265625 112.76409350585939 
30.41755339105339 0.05386547851562501 136.76816748046875 
30.223835209235208 0.055466064453125005 134.3991035970052 
32.78522647907648 0.04742890624999999 110.6179315592448 
32.18627207792208 0.048323730468750006 121.57280586751301 
29.75664545454545 0.059700341796874994 143.29533618164064 
28.424330735930734 0.07010810546875 222.52156323242184 
28.834430735930738 0.067652783203125 158.84315193684895 
29.498793795093793 0.06273598632812499 146.1268087565104 
30.13170101010101 0.056870263671874983 134.2407217610677 
28.72174025974026 0.0676875 182.05352522786455 
32.82644076479077 0.04644584960937499 113.69715767415364 
30.096196248196247 0.058813427734375 135.48504557291665 
28.215997402597406 0.07260722656249999 228.5103341064453 
28.742224386724388 0.068047607421875 175.70254573567706 
32.88138520923521 0.04794829101562499 108.0892686767578 
28.456306926406924 0.07179765625 177.7464120279948 
34.432312481962484 0.045221044921874995 106.43668815104166 
28.048119047619046 0.07511181640624999 243.70384383138023 
29.70770692640692 0.061159765625 139.08693986002604 
32.45961536796537 0.048090478515625 107.98539208984374 
31.566896320346313 0.050071337890625005 115.82919791666667 
29.274940259740262 0.06457294921875 150.07068334960937 
31.047786724386725 0.050918066406250004 130.72985099283852 
28.499935497835494 0.07048623046875 190.02603271484375 
28.297809523809523 0.07229277343749999 199.79480415852865 
28.18537619047619 0.07353320312499999 201.49237939453124 
29.017039105339105 0.068622216796875 151.41618310546875 
28.22251904761905 0.07367587890624999 194.16808504231773 
34.5532240981241 0.04368330078124999 119.47632971191408 
28.442195815295815 0.070943212890625 178.28867553710938 
28.6613354978355 0.06732358398437499 190.90473494466147 
30.667253391053386 0.05371625976562499 123.10150805664061 
28.361002164502164 0.07116259765624999 220.80732820638022 
28.432930735930736 0.07064111328125 202.85842220052083 
29.688393939393936 0.060688232421874995 141.74562744140624 
28.292764069264067 0.07440810546875 190.45532153320312 
31.53573759018759 0.05105834960937499 114.07480786132813 
34.32502445887445 0.045382568359375 107.96756876627606 
29.749554545454544 0.060409765625 147.24090893554686 
30.836468542568547 0.051796923828124994 128.92953352864583 
30.099710966810967 0.054668945312499995 137.35021150716148 
30.01195339105339 0.057502978515625004 142.09502783203123 
29.52275974025974 0.059848486328125 165.67553377278648 
28.073482683982682 0.07733056640625 200.8192248535156 
31.546646320346323 0.049766308593749996 118.82835441080728 
29.650493939393936 0.06098471679687499 143.07925716145832 
29.912035209235206 0.056791455078125004 142.42729549153646 
27.992619047619044 0.07616484374999999 231.01950268554688 
31.056264502164503 0.051271728515625 123.4872293294271 
29.873910101010097 0.057738867187499994 142.90013989257812 
33.28700425685426 0.04535498046875 109.68400630696614 
30.38383066378066 0.055076171874999996 129.81004296875 
27.867690476190475 0.07916484374999999 222.7974296875 
31.910212987012983 0.048580908203124995 124.30829414876303 
30.6947645021645 0.05313168945312499 123.35200854492187 
32.85012647907647 0.046613525390624994 109.95678625488281 
29.545971212121213 0.06226249999999999 145.32322338867186 
29.285791053391055 0.0638494140625 146.40604459635415 
29.12846248196248 0.06664267578125 152.19739005533853 
31.874308946608945 0.049102539062500006 120.33569978841146 
28.261047619047623 0.07186816406249999 208.8723269856771 
29.008484126984126 0.0646904296875 174.5011114095052 
33.150726479076475 0.04683623046875 107.6248341064453 
31.068195815295812 0.051136767578125 127.72836503092446 
29.519712121212123 0.062245458984374995 149.50176326497396 
33.23650425685426 0.047291796875 106.94806026204428 
28.328530735930734 0.07202314453125 198.41283357747395 
30.985514502164495 0.052220996093749986 120.2871982421875 
30.266653391053392 0.054909521484374994 130.90481640625 
31.272097835497835 0.05038046875 123.36901407877605 
34.35808001443001 0.044630957031249995 108.24615893554687 
33.119004256854254 0.045714355468749995 109.82411307779947 
28.152411255411252 0.07435205078125 195.1013508300781 
30.418857431457425 0.05389965820312499 128.62474414062498 
29.727030447330446 0.061291357421875005 138.83483618164064 
29.8814847041847 0.05904033203125 139.4633475748698 
32.93731284271284 0.050251611328124994 103.81213537597657 
32.17059769119769 0.05593642578124999 107.22540360514321 
31.955838600288597 0.06548535156249999 110.93287353515623 
30.99402316017316 0.071178369140625 111.1348458251953 
30.960023160173165 0.06796777343749999 116.36455716959637 
31.6713183982684 0.062741650390625 113.62736450195312 
31.916672943722947 0.05819208984374999 112.08641198730469 
31.377833261183262 0.066805419921875 112.47524357096356 
33.04502193362194 0.0504462890625 101.31107971191406 
31.828635064935064 0.06538872070312499 111.72063513183592 
30.974435786435787 0.06780600585937499 115.55592647298178 
32.62657748917749 0.05650986328124999 104.18585913085937 
32.376597691197695 0.054208691406249995 106.65595536295572 
32.0876683982684 0.05762236328124999 106.64826981608073 
27.24610468975469 0.091476611328125 243.74238704427086 
27.24100945165945 0.09080014648437501 245.42565413411455 
27.404771356421357 0.08768637695312499 237.71670345052087 
27.635842784992782 0.082751220703125 226.06496012369792 
27.308468326118327 0.09112211914062501 243.70671223958334 
28.004488023088026 0.082318212890625 185.77725260416668 
27.43678217893218 0.08623105468749999 222.04418115234375 
28.65276075036075 0.069935546875 158.8413948160807 
27.337033261183265 0.08867451171875 224.42957572428386 
32.82232085137085 0.0453759765625 141.52086987304688 
27.49139834054834 0.08605234375 217.48134134928387 
32.782654184704185 0.04586464843749999 141.9878546142578 
27.48260468975469 0.08998671875 213.28552355957032 
27.66149357864358 0.08523017578125 203.98241874186198 
27.415877417027417 0.08666455078125 223.84029231770833 
30.800273088023086 0.0540474609375 119.45530391438803 
31.510477417027417 0.04946020507812499 135.36756587727865 
32.89820974025974 0.046261328125 122.18758862304688 
27.721021356421357 0.089258056640625 192.10323697916667 
27.75827893217893 0.087580419921875 196.88452640787762 
30.893387085137082 0.06746269531249999 118.29794893391926 
27.518795165945168 0.08405517578125 222.79894417317706 
28.401043578643577 0.073555859375 180.95898319498696 
31.79639660894661 0.048278662109374995 132.7846669514974 
27.58416024531024 0.09008056640625 205.93277665201822 
29.769588023088023 0.05879560546875 160.8456708577474 
29.108129148629146 0.06653481445312501 162.73659053548178 
28.16708722943723 0.0779267578125 183.72712333170574 
27.629309451659452 0.08703618164062502 203.66950789388022 
28.584749927849927 0.075297119140625 165.74490681966145 
31.371858946608945 0.053484619140624995 116.78030574544269 
27.548218326118327 0.090492626953125 207.02316255696616 
27.900293578643577 0.0770083984375 214.84699369303385 
27.847915512265512 0.081558935546875 191.29627888997396 
30.494832972582973 0.05589912109375 120.93711702473956 
31.2944145021645 0.065917724609375 116.37714595540365 
27.86935995670996 0.08062900390625 195.93765877278645 
28.363349134199133 0.07746909179687499 169.8701670735677 
32.71165418470419 0.046606445312499994 125.38707519531249 
28.936059451659453 0.06782412109375 157.9849258219401 
28.7581784992785 0.06882060546874999 172.76309895833333 
29.618323088023086 0.06133095703125 155.95194075520834 
28.57984913419913 0.071725537109375 177.29098470052082 
30.92621248196248 0.053934326171875 119.09741182454427 
27.94534408369408 0.08003779296875 189.86702156575518 
27.69525945165945 0.08466025390625001 200.842514851888 
32.754320851370856 0.046568212890625 123.01405627441406 
28.267298845598845 0.075625537109375 181.70666837565105 
29.236471861471863 0.06384780273437501 155.49617110188802 
29.622265512265514 0.06100869140625 148.2767560628255 
28.21472611832612 0.07841206054687501 175.58333064778645 
27.499493578643577 0.088176220703125 208.0488107096354 
27.682404689754684 0.08098740234374999 213.08849385579427 
28.184760750360752 0.07821396484375001 177.90854459635415 
27.814582178932177 0.07966489257812501 209.3608994547526 
29.14297994227994 0.06547490234375 160.1808807779948 
27.615938023088027 0.08284248046875 216.2478642985026 
28.29626183261183 0.07426943359375 182.76332185872397 
29.01827662337662 0.06672499999999999 159.92230607096354 
27.93523297258297 0.079525048828125 199.84437467447913 
28.60053167388168 0.071365087890625 164.9455821126302 
27.657223737373734 0.08826650390625 200.4851366373698 
27.78529357864358 0.08254658203125001 200.57736177571616 
27.94460165945166 0.078881640625 207.69145833333334 
32.977876406926406 0.046261328125 121.81714192708333 
32.19275735930736 0.048317626953125005 115.68851489257813 
28.56008217893218 0.07039374999999999 182.0957754720052 
27.86467741702742 0.07917783203124999 213.9074832356771 
31.194939754689752 0.050887060546874995 136.80460725911456 
29.727449855699856 0.064568408203125 138.5042335205078 
30.99111075036075 0.053649951171875 120.01415539550781 
28.88235165945166 0.07013232421875 155.07172342936198 
28.51951075036075 0.07287934570312499 171.9960361735026 
29.73009278499278 0.059216894531249994 155.77537369791668 
28.0485544011544 0.077951806640625 197.54246447753906 
27.694182178932177 0.08071767578125 210.27272224934893 
30.759636724386723 0.054944970703125005 118.92759261067708 
29.630194083694082 0.06073359374999999 154.75906018066405 
27.52785468975469 0.090785791015625 206.95651216634116 
28.555404689754692 0.0722259765625 174.3230069173177 
27.906344083694083 0.078141748046875 211.55049210611978 
30.51460642135642 0.0566310546875 119.94338069661458 
27.85842056277056 0.07928554687499999 211.934130086263 
28.576415512265516 0.069806982421875 192.0813320719401 
28.287294083694082 0.07611279296875 170.48598999023437 
28.464083261183262 0.07474208984375 171.56500008138022 
27.888799134199136 0.084465478515625 182.33862947591146 
28.033654689754695 0.081185888671875 185.37576558430987 
29.86576551226551 0.058670800781250004 147.12494453938803 
29.7959836940837 0.06258124999999999 135.8961982828776 
28.115238023088025 0.07740517578125 188.69570389811196 
27.772309451659453 0.08348095703125001 195.2485333251953 
27.58660468975469 0.08688867187499999 208.33217346191407 
27.664309451659452 0.08567138671875 203.78036482747396 
27.970582178932183 0.07868154296875 189.28662752278646 
27.606877417027416 0.08540888671875 208.54525854492186 
27.758309451659454 0.08366352539062501 191.32780961100258 
31.004636724386724 0.0542830078125 118.35972395833333 
29.002832178932177 0.066663671875 163.85718876139322 
27.585076911976913 0.08906298828124999 206.96259615071614 
31.213701659451658 0.05053496093749999 135.03405647786457 
28.168471067821066 0.07461230468749999 184.57645019531247 
31.200858946608946 0.053310498046875 118.23545003255207 
27.549579292929295 0.084144873046875 216.84257161458333 
27.76840468975469 0.0831025390625 198.17747220865886 
28.175338528138532 0.07723466796874999 181.98764904785156 
29.414654401154404 0.06737124023437499 139.26312654622396 
32.28111883116883 0.047370263671874996 143.6384656982422 
32.355765295815296 0.047309619140624995 133.83681359863283 
27.577020562770564 0.08440156250000001 210.96009822591145 
28.149753896103892 0.07580673828125001 193.10549540201825 
28.632193290043286 0.07082021484374999 171.0314112141927 
30.723970057720056 0.05191044921875 135.15067928059895 
31.158858946608948 0.05342294921875 116.94569051106771 
27.840976118326115 0.081158447265625 197.17764017740888 
31.02333297258297 0.0536564453125 119.90088330078125 
28.247021356421357 0.07940458984375001 172.72021732584636 
27.563198340548343 0.083169873046875 217.11825150553386 
27.853020562770563 0.081235595703125 190.19329471842445 
31.110636724386723 0.0536173828125 118.54092708333333 
30.04346789321789 0.060666455078125 128.37019807942707 
29.686795815295813 0.060914599609374995 150.7339140625 
31.060287518037516 0.05640869140625 118.10322530110676 
28.53487186147186 0.07080693359375 178.82634138997398 
29.804916305916304 0.058604101562500004 171.02898681640625 
27.863571356421353 0.07989194335937501 208.8914422200521 
28.550099134199137 0.072630126953125 170.29232283528646 
28.095094083694086 0.07873266601562498 182.72280232747394 
30.741065295815293 0.057283349609375006 119.12046858723959 
31.14186327561327 0.066196240234375 117.66503243001301 
27.936293578643575 0.084363330078125 188.35699568684896 
27.84254754689755 0.08106201171875 201.2390987141927 
27.705865007215007 0.08065898437499999 216.40521341959635 
31.1119044011544 0.05251865234375 119.24119738769531 
32.61254307359307 0.04642133789062499 133.45356958007812 
28.5910038961039 0.07389697265624999 169.76148836263022 
28.495955194805198 0.07441855468749999 170.7534729817708 
30.017723881673877 0.05894594726562501 141.82713016764325 
27.86646240981241 0.077839013671875 285.9607986246745 
28.145912409812407 0.073183056640625 250.6985506998698 
27.55958145743146 0.083947998046875 278.6007719726563 
27.387024314574322 0.08749174804687498 238.3733105875651 
28.0495886002886 0.074731005859375 265.57108540852863 
32.81888463203463 0.048911083984375 103.87721626790365 
28.485479076479077 0.068841552734375 245.80937357584637 
29.453767965367966 0.059776611328125 179.5446172281901 
28.110921933621935 0.073986572265625 262.7022090657552 
33.54963787878788 0.047052099609375 99.18097908528645 
28.323021933621934 0.07087719726562501 242.96553186035158 
29.12655526695527 0.0633861328125 166.79711519368487 
28.650069552669557 0.067421484375 235.55406856282553 
29.37775526695527 0.06047080078125 176.33279268391925 
28.56213145743146 0.068931005859375 206.3337412516276 
28.952498124098124 0.064914794921875 192.83292333984375 
29.72182395382395 0.058299951171875 181.99803694661458 
28.035302886002892 0.076076220703125 234.5827852783203 
28.167921933621937 0.073229541015625 240.89257999674476 
30.957468759018756 0.05123872070312499 176.96251416015627 
29.054155266955267 0.06392954101562501 183.69454288736978 
29.20655526695527 0.0622412109375 167.0886444905599 
28.419869552669553 0.07144682617187499 216.16326078287761 
28.26390288600289 0.072237548828125 201.7446572672526 
28.788355266955268 0.066869677734375 171.7306770426432 
28.435513997114 0.06946484375 203.87615002441407 
28.04146240981241 0.075014404296875 244.85153198242185 
29.359155266955273 0.061456787109374994 190.84754296875 
29.76231717171717 0.058071435546875 187.86959924316406 
28.40300526695527 0.07166752929687499 214.97536983235676 
28.84140923520924 0.06533754882812498 199.57832991536458 
29.410221933621933 0.061592822265624986 159.19601888020833 
29.867333044733044 0.05777485351562499 161.01858496093752 
29.272733044733044 0.06168540039062499 186.06675085449217 
29.18209812409813 0.06501884765625 165.24448791503906 
28.594821933621933 0.0696751953125 185.58615441894528 
28.662479076479077 0.067256982421875 185.3500272623698 
27.469779870129873 0.085700439453125 229.6433349202474 
28.365702886002886 0.07349145507812499 192.4972345377604 
28.8176886002886 0.066091064453125 172.36072977701824 
29.619590187590187 0.058879541015624995 160.21705249023438 
28.912145743145746 0.065246044921875 186.28906278483072 
29.524904473304474 0.0596189453125 157.41971350097657 
28.380021933621936 0.070120166015625 221.15590279134116 
28.86216479076479 0.06486953125 228.56203938802082 
28.123271933621936 0.07373310546875 240.69076725260416 
28.763612409812414 0.06788745117187499 178.73848604329424 
28.33507907647908 0.07161181640624999 232.16777823893233 
29.676910822510823 0.058391015625 182.23152608235677 
29.606290620490622 0.05938447265624999 164.3892313232422 
28.868564790764793 0.0658009765625 191.4807594807943 
29.084488600288605 0.06294296875000001 218.62400952148437 
28.693679076479086 0.06846591796875 185.06852331542967 
29.68458304473305 0.058799804687500005 176.0766201985677 
28.741621933621936 0.068496533203125 181.0137240397135 
28.544021933621934 0.06775805664062501 221.17243859863282 
29.146964790764795 0.0626701171875 219.3081873372396 
28.43100288600289 0.070530712890625 207.13578275553385 
28.361421933621937 0.070928369140625 239.24003531901042 
28.749571139971145 0.06590639648437499 193.96672127278646 
28.58243145743146 0.068715478515625 207.57539249674477 
29.165288600288605 0.06237026367187498 219.02773099772136 
27.768467171717177 0.0789728515625 229.58492744954427 
29.047621933621937 0.064063818359375 184.71705810546877 
28.370536219336223 0.073955615234375 189.0209609375 
29.573275901875903 0.05944296874999999 209.8079951985677 
28.445345743145744 0.070770654296875 198.50122306315103 
28.374513997114 0.07043603515625001 224.10477709960938 
28.738069552669554 0.066797412109375 223.60600744628908 
29.341104473304473 0.06153637695312499 196.66842085774738 
29.81119971139971 0.05776030273437499 176.1921270345052 
27.85435288600289 0.078280078125 227.41725122070312 
28.391479076479083 0.0729736328125 190.6651914876302 
28.619355266955267 0.06775810546875 190.54551338704425 
28.832469552669554 0.065790185546875 217.95835168457032 
28.476202886002895 0.070335302734375 197.92616349283853 
30.022154473304475 0.05644267578124999 157.67944893391928 
28.036069552669552 0.0754171875 210.25253771972655 
28.048678499278502 0.08483969726562499 167.79324796549477 
27.844865873015873 0.08981044921875 176.12525638834637 
31.501520707070707 0.050173144531250005 127.11652990722655 
32.507542929292924 0.04636596679687499 138.45650826009114 
28.381242135642143 0.07772685546875 162.92717488606772 
29.828113564213567 0.05891220703125 148.35591642252604 
28.191460606060605 0.08050742187499998 174.80786079915364 
28.640804040404046 0.075666748046875 163.99647497558593 
31.427387373737375 0.049559765624999995 144.94120971679686 
29.7556398989899 0.0600732421875 143.60521508789063 
28.8753398989899 0.071072509765625 158.12609456380207 
28.418583838383842 0.07589189453125 166.5304170328776 
29.577026262626262 0.06198427734375 145.78011873372395 
28.009790476190474 0.08200390625000001 186.85773099772135 
28.777315151515154 0.0759845703125 156.0525672607422 
28.16802799422799 0.08294750976562498 162.27188240559894 
28.168882539682542 0.08085415039062499 165.36333516438802 
28.100872727272726 0.08427583007812502 169.39480973307292 
32.206687373737374 0.04736811523437499 146.3183242594401 
28.540244444444443 0.076940087890625 158.72518611653643 
28.485660606060605 0.077010693359375 161.76762687174477 
32.163752453102454 0.04739780273437499 139.31464672851558 
29.080070707070707 0.071424462890625 149.3536102701823 
29.8682095959596 0.06038676757812499 142.97845491536458 
28.58310353535354 0.07493027343749999 167.0397411702474 
28.6060284992785 0.079069775390625 154.46272111002602 
30.081626262626266 0.05815683593749999 136.23863911946614 
27.87453513708514 0.086970361328125 176.0900003255208 
29.009636868686872 0.0710193359375 152.8850673014323 
28.09771717171717 0.08329658203125 176.8306993408203 
29.868003535353537 0.058100292968749995 150.87594742838542 
32.30143181818182 0.047299169921874995 137.77553853352865 
29.445806565656568 0.06293325195312499 145.3025274658203 
28.558220202020205 0.0739896484375 167.47776468912758 
27.935806349206356 0.08737001953124998 173.02379235839845 
29.438913059163056 0.06180239257812499 153.78989408365885 
29.204667171717173 0.066616015625 152.4442616780599 
28.90359213564214 0.07195693359375 149.54560636393228 
28.114516883116885 0.08267607421875 177.12150443522137 
31.966285786435783 0.048154150390625 139.95958085123698 
28.778977777777776 0.073454833984375 155.06054093424478 
31.652419119769124 0.048731640624999996 140.10950610351563 
28.69894163059163 0.072823388671875 157.69846899414063 
32.68423023088023 0.046657958984375 131.92906811523437 
29.171570202020202 0.069320947265625 150.60750154622394 
28.570266955266952 0.07677470703125 162.65139652506508 
28.126915440115443 0.08385947265624999 171.86162178548176 
28.294177489177486 0.07755546875 166.35216743977864 
28.051006060606063 0.08319970703125 181.02009110514325 
30.40848578643579 0.054568017578124996 141.1021962890625 
28.229205772005777 0.081050390625 164.19167830403646 
28.268961904761905 0.078844873046875 165.5565165201823 
32.71286515151515 0.046145166015624996 131.22552868652343 
29.530264357864358 0.06428891601562499 142.0525274251302 
28.64942878787879 0.075216455078125 157.37697021484374 
28.64511111111111 0.075478759765625 162.32115006510415 
28.0400512987013 0.0864765625 171.79605074055988 
29.71318275613276 0.05961591796875 148.84506770833332 
31.999352453102457 0.047990185546874994 139.58782885742187 
30.030419119769117 0.05671142578125 148.7528369140625 
29.300278787878792 0.0684033203125 146.01120471191405 
32.4568961038961 0.046515527343749995 135.5488545735677 
32.38480086580087 0.04719848632812499 133.80425496419272 
31.613083694083688 0.049266845703125 149.41828393554687 
32.36037662337662 0.046970458984375 136.18549873860678 
