30.649852236652237 0.04938994140624999 105.22501505533855 
29.507079509379516 0.05353398437499999 159.46434497070314 
29.88587950937951 0.053588427734375 115.46905432128906 
29.61027950937951 0.05284814453124999 171.800935546875 
28.840777633477632 0.061101904296875 199.60626049804688 
29.031593795093798 0.058903955078124993 186.21463940429686 
30.960018903318904 0.047012744140624986 119.66120922851562 
31.121518903318908 0.045907958984375004 134.1372177734375 
30.30155223665224 0.05051591796874999 114.88703930664062 
30.656952236652238 0.050378906249999994 98.01755106608071 
30.135422366522366 0.0515765625 115.31381933593751 
29.408452236652238 0.054295947265625 176.47598767089846 
31.178518903318903 0.046116357421875 119.48588427734376 
29.535022366522366 0.054576562499999995 142.99403076171873 
30.409018903318906 0.048829345703125 169.25764306640625 
31.395218903318906 0.046832568359374986 91.76460888671875 
31.11581183261183 0.046143408203125 161.18171362304685 
30.488279509379513 0.04942875976562499 115.26081896972656 
30.080279509379512 0.050915332031249996 149.1326142578125 
29.778879509379507 0.05223955078125 152.02504467773434 
29.97455223665224 0.051981591796875 127.27562072753906 
30.398295093795095 0.05023720703124999 106.79212524414062 
30.27555223665224 0.049640234375 148.42703955078125 
30.18127950937951 0.0507630859375 130.64783093261718 
31.049218903318906 0.046832568359374986 106.51076904296875 
30.072461327561328 0.05020112304687499 165.1256973876953 
29.36359379509379 0.05546318359374999 166.03233117675782 
30.588018903318904 0.0483203125 149.45188806152345 
30.27805223665224 0.04927587890625 180.87067626953126 
31.027685569985575 0.04824711914062499 97.63753580729166 
31.626852236652233 0.0456591796875 97.29351310221354 
30.17987950937951 0.05156875 107.82967236328125 
29.26017950937951 0.055492822265625 177.4104765625 
30.83755223665224 0.04817011718749999 106.43094201660156 
30.65255223665224 0.0484958984375 129.61666174316406 
30.79035223665224 0.048881054687499995 97.83457804361979 
30.83335223665224 0.047227539062500004 134.1375916748047 
29.941152236652236 0.052938916015625 115.18138903808592 
30.689352236652233 0.048190283203124996 119.4105499267578 
29.80455223665224 0.051534765625 171.65972802734376 
30.007257792207792 0.0616626953125 104.86592028808593 
31.878703174603174 0.04640541992187499 94.034298828125 
31.290377633477632 0.046521142578124994 108.17910107421875 
31.598286724386725 0.04528403320312499 119.73990222167967 
33.03561666666666 0.046221337890625 92.31418184407552 
30.62034884559884 0.05283935546875 99.08912198893228 
30.43975642135642 0.04927998046875 140.7797148844401 
31.21139567099567 0.048614111328124994 95.57855472819008 
30.559241269841273 0.04982250976562499 112.71119791666665 
30.698153246753247 0.04907226562499999 111.05597949218749 
29.166534559884557 0.06219501953124999 153.45401810709635 
29.45656486291486 0.05698554687499999 126.20384533691404 
31.33213852813853 0.050074755859374986 95.09743330891926 
30.068308802308803 0.05180351562499999 131.78424430338544 
30.25420086580087 0.05002729492187499 140.5085891520182 
31.861907575757577 0.04652749023437499 96.0845000406901 
31.753340115440114 0.04500087890624999 110.08625504557291 
30.05737546897547 0.0510814453125 147.63726029459633 
30.559153246753247 0.04915454101562499 123.73055521647134 
29.805515512265515 0.055018408203124994 118.42329012044269 
30.246708802308802 0.05055634765624999 125.1141123453776 
30.11785642135642 0.05295200195312499 113.93063513183593 
31.385833333333338 0.049534130859375 93.15374462890625 
31.12195165945166 0.0503576171875 93.31457128906248 
31.836138095238095 0.04482539062499999 110.06983984374999 
32.075018326118325 0.04473847656249999 93.7353515625 
31.490999206349212 0.045997998046874995 101.10615307617186 
31.929951659451664 0.045876953124999995 93.29186352539062 
32.18816984126985 0.04407021484375 94.06435314941406 
30.60911183261183 0.050160498046874995 107.29120410156249 
30.069884992784996 0.056959033203124995 102.95099182128905 
30.34837445887446 0.05380541992187499 101.2812470703125 
30.583889610389612 0.051045556640625 101.16290954589843 
32.1155961038961 0.04387475585937499 104.84459631347656 
30.453707792207794 0.051967968749999996 101.82852392578125 
30.751596681096686 0.049166406249999996 107.09786254882812 
31.37591031746032 0.053940966796875 92.54007796223958 
31.258654761904765 0.046319287109374996 112.16749621582031 
31.89620324675325 0.044898486328124994 96.05152783203124 
31.34211031746032 0.0469486328125 96.46411157226564 
30.34205064935065 0.05484594726562499 97.12837829589843 
31.595236580086585 0.046236035156249994 96.35556860351562 
29.803207142857147 0.058936767578125 107.15053649902345 
30.470071428571426 0.0536849609375 95.34583154296875 
30.34548953823954 0.052605810546875 105.62089929199219 
31.61011031746032 0.04540776367187499 100.98067602539061 
29.58856572871573 0.05812719726562499 118.28309838867187 
30.504596681096682 0.05127158203124999 103.76724682617187 
30.203991125541123 0.055485986328124993 99.84682373046874 
31.232110317460318 0.047108642578125 101.5595225830078 
31.95303095238096 0.04399711914062499 112.10324218749999 
30.63514213564214 0.052889599609375 94.54761999511719 
30.961765873015874 0.048737353515625 96.73932775878906 
30.077832395382398 0.054640039062500007 110.82877087402343 
31.429693650793652 0.04616049804687499 105.37168273925782 
31.046686507936506 0.048023974609375 101.31369689941405 
29.69100064935065 0.056166259765625004 118.04569201660155 
30.164212770562777 0.053916357421875 104.97282470703124 
29.89436731601732 0.056017626953124997 111.12227233886719 
32.03121277056277 0.04435258789062499 96.45541430664062 
30.697874458874463 0.049980957031249995 98.75798474121093 
30.801571428571428 0.049769970703125 95.28039868164062 
30.95507142857143 0.048482714843750004 105.43277319335938 
29.923057792207796 0.057571728515625 107.1352833251953 
31.069710317460316 0.048087109375 96.33232104492188 
30.031667316017316 0.055207421874999996 106.21066821289062 
29.797889538239538 0.057844921875 110.75530627441407 
30.64468650793651 0.04951806640625 112.37513098144531 
32.09661428571429 0.04371474609374999 109.7306640625 
29.89790916305916 0.059626611328124995 104.92823767089843 
30.672596681096678 0.051021044921874995 96.25288989257812 
28.602376695526697 0.07165600585937498 187.5400631917318 
32.14901919191919 0.044222949218749995 101.91717610677082 
29.072282756132754 0.066938720703125 145.25425341796876 
31.439294083694087 0.04547421875 105.17855419921875 
31.650127417027416 0.044365576171875 111.68054496256511 
30.32822821067821 0.04926108398437499 146.1638631998698 
29.621910750360755 0.05249702148437499 153.17793436686196 
29.18056053391053 0.05870097656249999 133.98867614746095 
28.89982113997114 0.06776962890624999 163.1897228597005 
28.920911544011542 0.059340087890625004 176.35280143229164 
29.551965295815293 0.053353808593749996 146.14709741210936 
29.46206053391053 0.05511113281249999 123.23762666829427 
31.216044083694086 0.04534843749999999 114.04397379557291 
30.922466305916306 0.04678559570312499 130.91516772460938 
30.594244083694083 0.04777216796874999 144.8984032389323 
28.909893867243866 0.060425146484375 164.43078186035157 
30.14173297258297 0.050975244140625 114.1718740234375 
29.63763196248196 0.053164794921875 127.68935693359376 
29.50661608946609 0.0546373046875 127.24863928222656 
29.942077417027416 0.05090214843749999 153.9894267985026 
30.677910750360752 0.04789384765624999 125.64792704264323 
30.716488528138527 0.047730712890624985 115.65010961914062 
30.991466305916305 0.04643657226562499 116.2507403971354 
29.362531962481956 0.055783349609375005 145.81032763671874 
30.169809740259733 0.04976279296874999 151.76616918945314 
29.817755194805194 0.052036376953125 126.45343798828125 
29.688616089466088 0.05282309570312499 146.51553271484374 
30.953744083694083 0.04614790039062499 139.56874698893228 
29.37703196248196 0.054404638671875 159.8701384277344 
29.205060533910533 0.057523486328125 140.7838934326172 
29.794844083694084 0.051800244140625 154.38552225748697 
30.44031075036075 0.049898632812499996 108.70104052734375 
29.085631962481962 0.059975439453124994 156.36636775716144 
30.276799639249635 0.04978642578124999 116.46891422526042 
30.71515519480519 0.047192578124999995 139.2051884765625 
30.920266305916304 0.04736127929687499 108.79800122070313 
31.334877417027418 0.044809326171875 127.96938663736978 
29.33706053391053 0.05644238281249999 128.25470479329425 
29.983187518037518 0.0518212890625 114.40032222493488 
30.1011272005772 0.05048583984374999 144.68769897460936 
29.038520851370848 0.057325341796875 159.55953198242187 
31.046710750360752 0.046525976562499995 107.84937915039062 
30.980118326118326 0.047250390625 113.87195666503905 
29.813411976911976 0.056091748046874994 116.86296834309896 
29.85988499278499 0.053107666015625006 126.38879736328124 
29.642040548340546 0.057279541015625005 117.32288460286459 
29.906456421356417 0.052791943359375 120.88932739257811 
30.682118326118324 0.048777392578124995 114.27524340820312 
30.592784992784992 0.048785205078124984 119.99066650390623 
30.04743261183261 0.051665722656249996 147.22932287597655 
31.75400165945166 0.04513432617187499 107.53783129882811 
29.932840548340547 0.05248876953124999 125.93881555175781 
29.661284992784996 0.054781884765625 120.92645092773438 
31.872001659451662 0.04513432617187499 105.30608666992187 
30.875118326118326 0.047398193359375 119.29121752929686 
29.819440548340545 0.053775048828125 121.14873950195312 
30.572689754689755 0.049562060546874995 113.85877514648438 
30.51811832611833 0.04924130859375 125.85540734863281 
30.483189754689757 0.049356982421875 119.59384057617186 
29.74344054834055 0.053775048828125 126.17345239257813 
30.31720014430014 0.051467724609374994 111.35444986979165 
30.260189754689755 0.0505318359375 126.26926232910157 
30.56968975468975 0.048477001953125 147.2513383789062 
30.340356421356418 0.04964433593749999 126.19133117675781 
30.079840548340545 0.051514941406249994 126.6005089111328 
30.322618326118327 0.05076528320312499 114.32129516601563 
30.804681096681097 0.04782060546875 113.71292191569009 
30.26613261183261 0.0501119140625 139.1941192626953 
