31.45065873015873 0.052881298828125 150.18059537760416 
30.977549639249638 0.055962451171875 148.03579992675782 
30.959549639249644 0.056707519531249986 136.33439904785155 
31.38904963924964 0.054917919921874996 127.23032466634115 
30.85441327561328 0.05653876953125 150.65532340494792 
31.493913275613277 0.05339526367187499 134.3919492594401 
31.31276176046176 0.053301025390625 149.7988134765625 
31.14241327561328 0.055636669921875 132.66976725260417 
31.193913275613276 0.054917919921874996 132.36324869791667 
31.615658730158728 0.05191201171874999 147.44687027994792 
31.47941327561328 0.053796289062499995 132.08819388834635 
31.331549639249644 0.054266357421875 132.34451574707032 
31.630158730158726 0.051510986328124994 149.75062565104167 
30.092825324675324 0.067025439453125 161.61277587890626 
30.790196753246747 0.05844326171874999 140.8067626953125 
30.79894199134199 0.06561088867187498 118.81455419921873 
29.804125324675326 0.06774155273437499 188.84183951822916 
30.58204913419913 0.06199003906249999 144.63285026041666 
31.29411341991342 0.053712646484375 169.2661584472656 
30.944146753246752 0.05646357421874999 152.68317057291665 
30.58579675324675 0.05835624999999999 162.90673901367188 
30.513446753246754 0.05799521484374999 177.6853173828125 
30.807463419913418 0.05811513671874999 152.82398828125 
30.672663419913416 0.06545732421874999 130.94492712402345 
31.171813419913423 0.05765449218749999 123.31343684895833 
31.03584675324675 0.0547494140625 168.02582226562498 
30.613013419913415 0.059998828125 156.4219717610677 
30.575296753246747 0.06386694335937498 135.254250406901 
30.52489675324675 0.06206411132812499 154.55878816731772 
32.249346753246755 0.05253955078124999 111.27009798177083 
31.464441991341992 0.05768554687499998 117.36581510416667 
30.441296753246753 0.06542622070312498 135.59762247721352 
30.340996753246745 0.06126445312499999 158.40957454427084 
30.291363419913413 0.06462993164062499 158.37012394205726 
29.93812532467532 0.06618227539062499 188.49846744791665 
31.37336341991342 0.05517822265624999 118.47077669270834 
30.098496753246753 0.06494995117187499 165.3386179199219 
30.245446753246753 0.06246464843749999 209.84444921875001 
31.859013419913417 0.05322373046874999 116.26830704752604 
29.917525324675317 0.06641323242187498 165.36888720703126 
31.20541341991342 0.06180795898437499 118.39398876953125 
31.08421341991342 0.05891298828124999 122.95649641927083 
30.925846753246752 0.05518544921874999 175.5717734375 
30.26336341991341 0.05883735351562499 178.42780297851561 
30.971363419913413 0.062518310546875 120.09998714192707 
30.718825324675326 0.06098583984375 138.18017358398436 
31.21784199134199 0.05952929687499999 118.08924544270833 
31.934080086580085 0.05419316406249999 115.75874332682292 
30.336996753246748 0.06645200195312499 141.66312605794272 
30.279063419913417 0.06634575195312499 146.82475423177084 
30.85437532467532 0.064738720703125 132.47511295572917 
31.088896753246754 0.05593427734374999 133.64120540364584 
32.46908008658008 0.05151987304687499 111.12564786783855 
31.672613419913414 0.054176074218749995 117.48125626627605 
29.99459675324675 0.06710180664062498 161.99518294270834 
30.577230086580084 0.056648388671874994 174.56009806315103 
30.48209675324675 0.05894970703125 156.61538224283856 
30.899063419913418 0.0576791015625 144.71872021484376 
30.376763419913413 0.05964677734374999 177.82613509114583 
30.90014069264069 0.05979794921874999 137.5774851888021 
31.429582323232324 0.057071142578125 118.20012919108072 
30.913548989898985 0.06262958984375 125.0934522705078 
31.77324898989899 0.0580859375 115.3882236735026 
31.134382323232327 0.058397705078125 123.70510314941406 
31.04173946608947 0.059617529296875 123.84725158691407 
30.677025180375182 0.061967187499999986 145.96945483398437 
31.65745512265513 0.05280732421874999 122.05460229492188 
31.301149567099568 0.054501464843749986 140.6449998372396 
32.44370512265512 0.047289208984375 133.00256819661456 
31.64301623376624 0.052524951171874994 144.98315852864582 
31.871109884559882 0.050543457031249996 120.07042329915366 
32.8107329004329 0.047287548828125005 111.49849072265626 
32.80649480519481 0.04822138671875 110.76127628580728 
31.89589956709957 0.050344482421874996 135.98921997070312 
32.242705122655124 0.048740869140625004 132.16438216145832 
32.15320512265512 0.050162841796875 113.04916943359375 
31.401899567099566 0.05363232421875 141.6976592610677 
32.04789956709957 0.049456982421875004 124.43472762044269 
31.804816233766235 0.05092895507812499 120.57321557617188 
32.3162329004329 0.048297216796875 132.22508528645832 
31.970566233766235 0.049757373046875 124.5872705891927 
31.80874083694084 0.050786181640625004 138.09175752766927 
32.32087178932179 0.049271142578124996 113.68981909179688 
31.6912329004329 0.051015185546875 139.95603572591145 
32.848232900432905 0.04697827148437501 122.77566455078124 
31.574149567099568 0.05376884765625 122.72562190755208 
32.70606623376623 0.047569921875000004 113.597822265625 
32.63187178932179 0.049134521484375 110.67104296875 
32.15914956709957 0.049035986328124996 132.56081868489582 
32.494455122655125 0.047567529296875 128.23512158203124 
32.145776551226554 0.04942900390625 116.8903106689453 
32.4112329004329 0.04793784179687499 131.90431673177082 
33.2002329004329 0.04678745117187501 122.15405175781251 
32.03170512265512 0.05059716796875 116.65619832356771 
32.79720512265512 0.0488521484375 110.40127587890625 
30.639784559884557 0.06186884765624999 150.27064095052083 
32.578090981240976 0.048801855468749995 125.05176595052083 
31.316160533910534 0.053273144531250004 145.74240071614582 
31.661036724386722 0.051596044921874994 144.91138606770832 
31.26056637806638 0.054621826171875 139.75384920247396 
30.9638391053391 0.058951318359375 128.66968355305988 
32.74571724386724 0.048482275390625 113.4207080485026 
31.612160533910536 0.05257509765625001 138.25210286458332 
31.64584624819625 0.05196015624999999 126.54243123372396 
31.134839105339108 0.0540720703125 146.17926578776041 
31.82323910533911 0.052061035156250005 119.43208284505208 
30.781791702741703 0.058215673828125 152.0451112060547 
31.476560533910533 0.05213466796875 145.83081184895832 
30.74913455988456 0.059963037109375 148.22668062337237 
31.2858391053391 0.05455449218749999 127.32585970052085 
31.16211291486291 0.056372705078125 127.55561299641926 
31.552839105339107 0.053856445312499994 119.83556184895835 
31.3958391053391 0.05389755859375 126.8339695638021 
30.909267676767676 0.056811914062499996 146.78283414713542 
31.018589105339107 0.05539042968749999 146.72757161458333 
31.681966378066374 0.053134326171874996 120.21051595052083 
31.879360533910532 0.053532568359375 116.25901900227865 
31.058389105339103 0.0571650390625 132.50564680989584 
32.1249481962482 0.051340527343750005 115.19063415527344 
31.71846248196248 0.053847607421875 118.56055212402343 
31.787287806637806 0.05115195312499999 138.07137923177083 
32.12837958152958 0.05026728515624999 122.16104060872397 
32.50252243867244 0.04912001953125 114.41066023763021 
31.552846248196246 0.05303828125 126.46054060872396 
31.417573520923526 0.05376254882812499 139.38042024739582 
