31.922578354978356 0.07337729492187499 130.06532983398438 
32.48490303030303 0.08056005859375 128.0146161702474 
32.617722077922075 0.077159423828125 125.91147249348958 
32.82683116883117 0.07346630859375 124.42102888997394 
32.758400865800866 0.069183447265625 125.43575663248697 
32.910398989898994 0.0631791015625 140.5846592610677 
33.053510101010104 0.064119921875 132.3945077718099 
33.27751298701298 0.067736767578125 122.95175288899739 
33.37945454545454 0.0641482421875 132.36747619628906 
33.41210389610389 0.06393154296875 122.42589461263022 
34.02574025974025 0.061992138671875 125.97265942382813 
33.80374025974026 0.060280029296875 126.09214676920573 
32.392789610389606 0.076095068359375 129.7890330403646 
32.89645930735931 0.065959130859375 129.0563759765625 
31.13052626262626 0.078724658203125 159.89701607259116 
31.378250937950934 0.07894809570312498 157.80198852539064 
31.56886565656566 0.0762837890625 147.4598282470703 
31.68595093795094 0.0710130859375 155.93125280761717 
31.617796392496395 0.072351513671875 147.23213537597655 
31.710796392496388 0.07488950195312499 142.98333984375 
31.854653535353535 0.070994873046875 146.1959686279297 
31.93074992784993 0.0690591796875 147.07401676432292 
31.993714141414138 0.066330078125 146.64955802408855 
32.429383838383835 0.069341650390625 135.46866015625 
32.710395959595964 0.065618603515625 141.5069637858073 
32.96863838383838 0.06458525390625 139.1615809733073 
33.09813694083694 0.061726660156249995 142.45650476074218 
33.480424819624815 0.060577685546874996 140.81709322102864 
33.52506118326119 0.055124218749999995 148.2740235188802 
34.009847041847046 0.05814614257812499 131.2747030843099 
32.69782164502165 0.067221875 141.28171211751302 
30.356415873015877 0.07655258789062501 236.55353584798178 
30.715013059163056 0.07241562500000001 254.0747823893229 
30.619255555555554 0.07544189453125 217.3658964436849 
30.696580663780665 0.077317578125 201.77935054524738 
30.55523924963925 0.078870263671875 190.30667622884113 
31.0223202020202 0.06614477539062501 251.31173404947916 
30.865784920634923 0.067586083984375 233.58614103190104 
30.851642063492065 0.068583203125 213.0792479654948 
30.81295952380953 0.07058491210937498 208.7063966878255 
30.85675873015873 0.07777543945312498 190.9119579671224 
31.253056709956713 0.064839794921875 245.42343119303388 
31.136904112554113 0.066047314453125 224.27180183919273 
31.023237445887442 0.06880195312499998 194.92927657063802 
30.92557301587302 0.074309326171875 168.0699258219401 
31.187597619047622 0.066768896484375 190.4868061116536 
31.217760317460325 0.069568408203125 186.37653576660156 
31.07889761904762 0.07103310546875 166.47704724121095 
31.19291327561328 0.07822841796875 163.18314200846353 
31.521788095238094 0.060222314453124995 215.81221325683595 
31.504299999999997 0.062793359375 204.842840616862 
31.415651587301586 0.06354521484375 190.79038574218748 
31.447386507936507 0.0663943359375 186.64704833984374 
31.345260894660893 0.0699783203125 167.60276684570312 
31.702973376623376 0.05761123046875 220.0889964192708 
31.776023015873015 0.0575439453125 216.86935721842448 
31.4662126984127 0.06517998046875001 170.9549864908854 
31.474188888888893 0.067253076171875 166.80354984537757 
31.496397619047617 0.067633935546875 159.0826708577474 
31.888254761904758 0.05731313476562499 202.39106026204428 
31.544011111111107 0.05917119140624999 182.28206567382813 
31.63773492063492 0.061264990234375 179.9904132080078 
32.38342301587302 0.055442724609374994 219.14674768066405 
32.20875634920635 0.05559228515625 205.28201733398436 
31.70308253968254 0.06141699218749999 163.57560595703126 
32.486042063492064 0.05474521484374999 197.699737508138 
32.007951587301584 0.05645434570312499 179.57628658040363 
31.8687424963925 0.05926987304687499 164.13487666829425 
31.995203174603176 0.06294082031249999 158.455990234375 
32.10336746031746 0.0655705078125 153.61448579915364 
32.16903253968253 0.058689208984375 164.4280724283854 
32.13128650793651 0.062645751953125 152.5503631998698 
32.43489920634921 0.064518359375 147.63784720865885 
32.19994761904762 0.056607910156249996 162.97695178222656 
32.17271111111111 0.05768916015624999 157.03872583007814 
32.48676825396825 0.062779248046875 146.53197123209634 
32.31628492063492 0.05624150390624999 156.87193595377605 
32.66460158730158 0.058553564453125005 151.94831925455728 
32.50483650793651 0.060012255859375 146.4158201090495 
32.45478650793651 0.05503256835937499 157.06476216634115 
32.747885714285715 0.05689692382812499 151.33253706868487 
32.779196825396824 0.05902070312499999 146.00845495605466 
32.64143095238095 0.053089746093749994 158.70312251790364 
33.16762106782107 0.055286376953125 150.18316556803384 
33.58834329004329 0.0578001953125 145.8883018391927 
33.70739090909091 0.055197363281249995 144.66023470052085 
31.793925396825394 0.061999218749999994 163.56275516764322 
31.053449567099566 0.067809619140625 225.391157430013 
31.398971428571432 0.074405419921875 161.87864347330728 
34.37603845598846 0.059528076171875 125.79766910807292 
33.65808867243867 0.056205761718750004 148.19832389322914 
34.55947705627705 0.052285449218749995 162.59174995930988 
34.20634372294372 0.053222900390624994 150.93466927083335 
34.40735887445888 0.05274560546875 151.54200960286457 
35.478754112554114 0.05221806640624999 135.77004561360678 
31.0309645021645 0.07116967773437499 188.24753759765625 
31.223413997113994 0.07072207031249998 179.7706640625 
31.40550389610389 0.06816123046875 186.81225671386716 
31.367090476190473 0.069444091796875 173.45786482747394 
31.783312698412693 0.065645068359375 158.79668310546873 
32.84633232323232 0.06528906250000001 142.9958778483073 
32.95747518037518 0.06261123046875001 143.46362674967446 
33.04480851370851 0.065697900390625 136.65083361816406 
33.418228427128426 0.058014794921874994 149.96236665852862 
33.488656998557 0.06002587890625 143.4909877522786 
33.412714141414135 0.06164072265624999 140.66938997395832 
33.68051414141414 0.05440507812499999 157.36911385091145 
33.875780808080805 0.052721044921874995 157.07593505859376 
33.52473232323232 0.058007177734375 132.92480257161458 
35.14961414141414 0.052571044921875004 161.57013765462239 
35.17465541125541 0.051066552734375 144.58300374348957 
34.51801803751803 0.0533283203125 138.4703591715495 
34.09088787878788 0.054016601562499995 131.37023649088542 
31.804954689754688 0.07460776367187501 146.17566076660154 
31.98428802308802 0.0730978515625 145.49646130371093 
32.086154689754686 0.06955625 135.46322725423175 
32.37662135642135 0.06728037109375 143.89221830240885 
32.384954689754686 0.06839931640625001 137.9121910400391 
32.81271659451659 0.06465312499999999 145.74624275716144 
32.74648802308802 0.0664337890625 127.89694148763022 
33.171240404040404 0.0629833984375 138.410353515625 
33.22060707070707 0.065561083984375 126.63387618001302 
33.67398802308802 0.06226889648437501 127.1541845296224 
