30.55731284271284 0.061671044921875 166.10030639648437 
31.168518470418473 0.05918793945312499 138.82618676757812 
30.615027128427133 0.060243115234375005 160.16123510742187 
31.071693795093793 0.057184375 141.6724317626953 
31.16176522366522 0.058749462890625 139.67536633300782 
30.576312842712845 0.060671630859375 159.4214128417969 
30.856312842712846 0.05693276367187499 158.31658837890626 
30.894741414141414 0.05677060546874999 157.203 
30.816027128427127 0.057368115234374996 159.24943823242188 
31.065112842712846 0.054057812499999996 156.61444006347654 
30.977979509379505 0.054939501953125004 151.73470166015625 
31.152493795093793 0.0532130859375 152.0171873779297 
30.856312842712846 0.056317724609374994 160.60372208658853 
31.15755093795094 0.056043017578125 140.7402364501953 
31.218550144300142 0.05910810546875 128.5373829752604 
31.276550144300145 0.058727880859375 128.03994205729165 
32.09938347763348 0.05475957031249999 110.4065976969401 
31.210550144300143 0.05779999999999999 135.43205891927082 
31.88338347763348 0.05340234375 113.96258483886719 
31.893383477633478 0.055302685546875 111.06799564615885 
31.03680014430014 0.06011025390625 136.50093033854165 
31.20055014430014 0.058727880859375 133.00725911458332 
31.29355014430014 0.058410058593749994 126.01440218098958 
32.045605699855706 0.05257973632812501 112.41954768880208 
31.873383477633478 0.05433022460937499 111.53778503417969 
31.975383116883112 0.049760107421875005 115.36627783203126 
32.616883116883116 0.047652587890624994 108.39818115234375 
32.59188311688312 0.04803422851562499 107.78287353515624 
32.59345454545454 0.04809633789062499 107.6623233642578 
31.58844660894661 0.052543798828124995 115.63872778320311 
33.10788311688312 0.045175097656249996 111.55977624511719 
32.24869660894661 0.04933081054687499 109.64526818847656 
31.72216883116883 0.052036865234375 115.0874375 
31.687946608946607 0.052347314453124995 115.38506372070312 
31.117883116883117 0.053554443359374995 159.57378088378908 
32.16566883116883 0.051247119140625 107.71644824218748 
31.62266883116883 0.052396240234375 115.47825781249999 
31.872910894660894 0.04990766601562499 117.5922452392578 
32.034418831168836 0.0480669921875 139.834111328125 
32.52416883116883 0.04846958007812499 107.39187011718751 
31.977133116883113 0.04931635742187499 118.14310339355467 
32.40666883116883 0.049402001953125003 106.6668369140625 
32.84163311688312 0.04627041015624999 113.03739672851562 
32.89766883116883 0.04692451171875 109.82843200683594 
31.756910894660894 0.050759326171874994 118.9626007080078 
31.88266883116883 0.050577099609375 114.359966796875 
31.253827561327565 0.054856103515625 133.4503409423828 
33.379549783549784 0.04479824218749999 128.40781266276042 
32.40888311688312 0.04669921874999999 138.4954649658203 
32.3164108946609 0.048895458984374994 110.03627160644531 
31.91969660894661 0.0489701171875 149.88625158691406 
31.528383116883116 0.053402783203125 116.84951318359374 
32.06466883116883 0.051294580078125 113.73473925781249 
31.83624025974026 0.051655224609375 114.25354650878904 
32.22394660894661 0.050408935546875 107.49788012695312 
33.03963311688312 0.045175097656249996 113.62527368164062 
32.47916883116883 0.048531689453125006 107.29584960937498 
32.466383116883115 0.0472826171875 118.5278729248047 
31.65938311688312 0.04983120117187499 139.2098778483073 
30.935827561327564 0.054942919921875 159.72409558105468 
32.162418831168836 0.047578320312499985 139.84781640625 
32.832883116883124 0.0456986328125 118.74026940917969 
32.20363311688312 0.04861987304687499 116.93284362792969 
31.50919660894661 0.050692041015624995 136.83298620605467 
31.419660894660897 0.053528076171874994 118.01611108398438 
32.94516883116883 0.04643583984375 109.84213708496094 
32.50074025974026 0.048913330078125004 106.65601232910156 
32.468133116883116 0.046838867187499994 121.3046984863281 
33.012883116883124 0.04600048828125 110.23314050292967 
31.313049783549783 0.054582373046874993 132.82772583007812 
32.29619660894661 0.04802841796874999 120.4999931640625 
31.839918831168834 0.04940424804687499 136.17358459472655 
32.54863311688312 0.047652587890624994 110.46367858886718 
31.48544660894661 0.050942578125 137.1054453125 
32.73041089466089 0.045846191406249986 120.96623681640625 
31.453883116883116 0.053380517578125 117.85564111328125 
32.76463311688312 0.045349609375 132.94721337890624 
31.009160894660894 0.054378173828125 144.48391943359374 
31.54341883116883 0.050544482421875 136.67251623535157 
33.08445454545455 0.045618847656249996 110.82391845703124 
31.553160894660895 0.05050722656249999 137.49644873046876 
32.486216450216446 0.04641396484375 138.77037438964845 
31.22419660894661 0.05289282226562499 137.3359696044922 
31.494160894660894 0.053713232421875 117.14713940429687 
32.96963311688312 0.04561884765624999 112.91394555664063 
32.330418831168835 0.04771796875 120.20236694335937 
31.351410894660898 0.053528076171874994 120.08160852050781 
31.805196608946613 0.05034301757812499 117.20124182128905 
32.33091883116883 0.04692675781249999 139.3351796875 
31.78966883116883 0.051655224609375 114.278076171875 
31.419168831168825 0.051981982421874996 134.91594848632812 
31.03494660894661 0.054281396484374994 143.92719238281248 
32.10541089466089 0.050572509765625 110.0799913330078 
32.73969660894661 0.046853320312499995 112.80686328124999 
32.398133116883116 0.0472826171875 120.59337036132813 
32.157918831168836 0.04843696289062499 129.70441955566406 
32.1114108946609 0.048975244140625 117.92809289550782 
31.74141883116883 0.049612060546874996 137.39754943847657 
31.20044660894661 0.053143359375000004 137.6084287109375 
32.301196608946604 0.04711923828125 140.5824582519531 
32.368383116883116 0.04689003906249999 139.17009777832033 
31.282133116883116 0.052292041015625 139.2439532470703 
31.4609108946609 0.05110834960937499 138.59434509277344 
31.942910894660894 0.049463916015625 118.3035733642578 
31.229418831168832 0.052754443359375 142.80688749186197 
32.00019660894661 0.04821455078124999 139.9945812988281 
32.46916883116884 0.0464830078125 137.98101037597655 
31.1669108946609 0.053433349609374986 140.37970446777342 
32.5619108946609 0.04649775390624999 121.47887353515625 
32.34188311688312 0.048176123046875005 115.57867431640625 
31.59166883116883 0.05010073242187499 135.2146799316406 
32.23316883116883 0.050643017578125005 106.72210253906249 
31.390910894660898 0.05155209960937499 137.88301696777341 
32.603204545454545 0.045967871093749994 132.4174932861328 
31.662196608946612 0.051230517578124996 118.72264807128904 
31.543910894660897 0.052253466796874995 119.9098350830078 
31.57919660894661 0.050411181640625 137.68147058105467 
33.311299783549785 0.044632421874999995 130.36911560058593 
32.071303751803754 0.047942089843749994 139.8020997314453 
31.425133116883117 0.051404541015625 137.7225469970703 
32.17213311688312 0.047187890625 140.93644287109373 
31.487375180375185 0.053092724609374996 118.40711450195312 
31.41669660894661 0.051455322265625 137.02703991699218 
31.908383116883115 0.049013818359374996 135.09304663085936 
31.316696608946607 0.052129541015624996 137.14191589355468 
31.17467640692641 0.058389453125 140.33741548665364 
31.066676406926412 0.0589796875 140.43701753743488 
33.62202619047619 0.053626513671874994 104.44683829752603 
32.96841190476191 0.056216943359375 104.739494140625 
33.16322619047619 0.055599072265624994 104.5645664876302 
33.64282619047619 0.052266210937499995 104.69707287597656 
31.228932900432902 0.069135595703125 124.04426595052082 
31.044454761904763 0.07185947265624999 129.20253971354165 
32.13182619047618 0.060538867187500005 108.68492887369791 
31.515619047619047 0.062237890625 116.11008955891927 
33.57872619047619 0.05299140625 104.54143550618488 
33.70282619047619 0.0518033203125 104.80145617675782 
32.76372619047619 0.057506201171875 105.26532987467448 
31.981226190476193 0.058863427734375 109.02490930175782 
33.1743119047619 0.055835156250000004 104.32780659993489 
31.308768253968246 0.06140703125 122.81000240071613 
33.3899119047619 0.05422768554687499 104.3247061360677 
31.114251587301588 0.063611865234375 128.10309252929687 
30.649032900432893 0.07347890625 136.55646520996095 
32.47442099567099 0.060248095703125004 105.5232823486328 
31.167363492063487 0.06233515624999999 124.98139742024739 
32.03722619047618 0.057427880859374995 109.35813749186198 
32.905511904761894 0.05570390625 104.85386991373697 
30.725782900432897 0.072444287109375 136.37367496744793 
31.09756349206349 0.061395068359374985 130.2401813964844 
32.75952619047619 0.053652539062500004 106.06370878092449 
30.959430158730157 0.0640080078125 129.45718513997394 
33.2295119047619 0.05536616210937499 104.21154500325522 
30.822951587301585 0.066335888671875 129.40622452799477 
30.774901587301585 0.06701909179687499 135.07148950195312 
32.81112619047619 0.055400732421875 104.9999034423828 
31.299028138528136 0.06447924804687499 116.62295784505207 
32.5960119047619 0.056745703125000005 105.57697721354165 
30.488715007215006 0.07001435546875 138.6755450439453 
30.89861587301587 0.065148193359375 135.83284611002603 
31.415119047619047 0.06101640625 116.9430333251953 
33.28562619047619 0.053404687500000006 104.4653409016927 
31.18309920634921 0.05967294921875 135.3263633219401 
32.18499956709957 0.060850048828125 106.23512434895832 
30.209859451659455 0.071675634765625 218.8021962076823 
30.81698802308802 0.05653730468749999 172.99398107910156 
30.693167388167385 0.05752783203125 150.70132995605468 
30.916067388167384 0.05610249023437499 151.26156091308593 
30.890567388167383 0.05605498046874999 171.47517810058594 
30.92698802308802 0.055442480468750006 172.45046350097655 
30.54096738816738 0.05835849609374999 173.22618664550782 
30.47674516594516 0.05923056640625 173.47073620605465 
30.652845165945163 0.056721533203125 173.10467053222655 
30.968567388167386 0.05607265624999999 150.05016687011718 
30.867821356421356 0.0575646484375 146.15532971191408 
30.448967388167386 0.058804003906249985 173.71139611816406 
30.28134516594517 0.06056181640624999 172.9380657958984 
30.61996738816739 0.059488671874999996 151.9588917236328 
30.999810245310247 0.054586816406249995 149.67359240722658 
30.65611024531024 0.057949804687499995 172.93310192871093 
30.985067388167387 0.054736474609374995 167.7978829345703 
30.93204357864358 0.05646982421875 145.66853527832032 
30.903467388167382 0.056956347656249996 151.15142102050783 
30.223245165945162 0.061322265625 174.41972143554688 
31.10650072150072 0.05598828124999999 140.94290856933594 
30.372167388167387 0.061757910156250005 156.00986169433594 
30.643488023088022 0.05775205078125 173.01568933105466 
30.90634516594516 0.05617568359375 168.01736145019532 
30.512078499278495 0.05967607421874999 169.00372741699218 
30.779067388167388 0.0568431640625 172.5957940673828 
30.67330072150072 0.0586166015625 146.85103649902345 
30.719610245310243 0.05716162109374998 172.72817663574216 
31.14880072150072 0.055825683593749995 142.3062022705078 
30.82734516594516 0.057101269531249985 151.0265421142578 
30.869578499278497 0.05782841796874999 144.89026110839842 
30.592567388167385 0.057511425781249986 173.30646936035157 
30.762745165945162 0.05746826171875 168.4222882080078 
30.863210245310245 0.05586904296874999 172.3232498779297 
30.96290072150072 0.05728085937499999 141.34783532714843 
30.389467388167386 0.0604365234375 173.52438110351562 
30.839524531024527 0.056996484374999996 155.87358044433594 
31.152667388167387 0.053882519531249985 144.97653723144532 
30.805345165945162 0.05694072265625 172.3705184326172 
30.898988023088023 0.05565136718749999 172.0542742919922 
30.982467388167382 0.056041650390625 147.45842443847656 
