29.892143145743145 0.05775834960937499 119.47413155110675 
29.487034343434342 0.055846777343749994 176.30617517089843 
31.25869545454545 0.047265869140625 108.89377954101562 
29.30836767676767 0.06144580078124999 156.14821105957031 
29.12145858585858 0.06379145507812499 157.61053515625 
29.352367676767678 0.06609501953125001 123.89366467285157 
29.8856404040404 0.058631494140625 122.66853967285155 
28.957617676767672 0.06198642578124999 183.6444837646484 
29.964034343434342 0.06125600585937499 114.99104565429687 
29.632617676767673 0.057765527343749984 133.97619299316406 
30.92579545454545 0.05132651367187499 98.02823437499998 
29.08530858585858 0.062772412109375 170.06691625976563 
29.10945339105339 0.06007509765624999 181.39791699218748 
30.692434343434343 0.052918896484374985 100.25894897460937 
28.96636767676767 0.06607919921875 166.6980880126953 
29.141867676767674 0.06797060546875 149.04858813476562 
29.342367676767676 0.063321728515625 139.96952172851562 
29.735367676767673 0.06301767578125 115.32128186035156 
31.298195454545457 0.04733105468749999 97.94584741210937 
29.540367676767676 0.06319990234374999 122.95839318847655 
29.309617676767676 0.058680126953124995 161.6711163330078 
28.781653391053393 0.065852734375 192.04195703124998 
29.328084343434345 0.05783496093749999 180.53167102050782 
29.508503391053388 0.056536132812499994 162.29609863281252 
28.908367676767675 0.0652025390625 177.12529943847656 
29.48636767676767 0.0602 134.13494958496094 
29.658287373737377 0.055114843749999996 125.05149100748699 
30.352837373737376 0.049354150390625004 157.57175683593752 
30.16633737373737 0.05022348632812499 150.25137597656249 
31.70600404040404 0.04400107421874999 109.06659655761719 
30.84817070707071 0.047424609374999996 114.76218811035156 
30.477770707070704 0.05038837890625 101.54193306477863 
30.56815555555555 0.04900371093749999 115.03092285156248 
31.29482222222222 0.04535869140625 113.43802709960936 
29.859120707070705 0.054341748046875 124.61133512369791 
31.604242929292926 0.047658935546874996 93.31868367513019 
30.60377070707071 0.0499564453125 100.87416792805988 
29.930920707070708 0.051960205078124995 152.87280834960936 
30.436170707070705 0.04910312499999999 142.10377380371094 
30.762337373737374 0.047463232421874994 134.0563720703125 
31.940392929292926 0.04488564453124999 90.16494376627602 
30.889004040404043 0.04685839843749999 135.19801049804687 
30.47633737373737 0.049976562499999995 116.29067110188802 
32.14950404040403 0.043175244140624985 108.60871276855468 
31.031504040404045 0.04634755859375 134.80161584472654 
32.173192929292924 0.04400107421874999 91.0594015299479 
30.994504040404045 0.048436328125000004 97.24999149576823 
30.971520707070702 0.049715234375 95.39594877115884 
31.009837373737373 0.04665512695312501 114.92290893554687 
31.6301707070707 0.04550444335937501 95.70103312174479 
31.462837373737376 0.044598828125000003 109.93300170898438 
30.182687373737373 0.051714306640625 118.88723665364583 
32.27750404040404 0.04317524414062499 94.96146602376302 
30.287913564213568 0.0504462890625 116.69505773925779 
29.722663564213562 0.0534166015625 134.1996649169922 
30.29833737373737 0.04960493164062499 142.67950537109374 
31.50633737373737 0.04620859374999999 95.55002262369791 
30.034770707070702 0.052747705078125 117.10473152669269 
29.59212070707071 0.054504150390625006 157.98622078450524 
30.713170707070713 0.04813554687499999 114.90015881347657 
31.158170707070713 0.045936376953125004 114.28622802734375 
31.105670707070704 0.047825146484375 96.58533146158854 
30.58433737373737 0.048195947265625 135.05123681640626 
31.05911111111111 0.0503625 94.92879650878906 
32.16222222222222 0.043914111328125005 108.57282189941407 
31.796388888888888 0.045422216796875 96.34131075032553 
30.30883333333333 0.0526154296875 108.3327598470052 
32.32738888888888 0.044879345703125004 89.81304382324218 
32.491388888888885 0.044074121093749995 89.13561706542968 
31.460111111111104 0.050039599609375006 92.19195336914062 
32.028055555555554 0.044593505859375 97.48325081380207 
30.2285 0.053157080078125 109.65395186360678 
30.758611111111108 0.050581249999999994 100.11481404622396 
31.594111111111104 0.049388037109375 92.06850219726563 
30.88411111111111 0.04982514648437499 100.5083516438802 
31.13972222222222 0.047791796874999994 107.66854451497395 
31.34872222222222 0.047063671875 107.63435909016926 
31.547868542568548 0.045477587890625 107.13640698242187 
31.627168542568544 0.045416552734375004 104.95571643066405 
31.633259451659452 0.044952880859374995 109.50457373046873 
31.35236854256855 0.0461611328125 107.71841394042968 
31.427459451659452 0.04555180664062499 111.98694921875 
30.856001875901875 0.04844345703125 108.79517651367188 
31.13286854256855 0.046527734375 116.99002575683595 
31.03780743145743 0.04822021484374999 107.80754711914062 
30.80420187590188 0.04794443359375 123.7855908203125 
32.202759451659446 0.04390429687499999 108.55463745117187 
31.267959451659454 0.046438183593749995 110.92318005371092 
30.55286854256854 0.049650585937500005 118.71131384277345 
30.986001875901874 0.047286279296875 113.87296447753906 
30.845251875901877 0.048242333984375003 113.5881785888672 
30.79229278499279 0.04873095703125 111.27684008789063 
31.95866854256854 0.04473012695312499 104.37845971679688 
30.924638239538243 0.04807792968749999 109.81754370117187 
30.71397914862915 0.049310009765625 114.50530310058593 
31.067292784992787 0.047171972656250005 111.13472387695313 
32.00431500721501 0.04470219726562499 108.21005358886718 
30.09271818181818 0.05146362304687499 127.51953991699217 
29.455634848484852 0.05754487304687499 150.3039132080078 
31.417021212121213 0.046462744140625 104.40851147460937 
30.26611818181818 0.04969360351562499 139.33172253417968 
30.618984848484843 0.0497990234375 106.62901977539062 
30.542284848484847 0.04889453124999999 120.07189245605467 
29.649804545454543 0.055132812499999996 130.38888269042968 
29.976073737373735 0.053277441406249994 112.98428051757813 
30.237618181818185 0.05023208007812499 119.92511877441405 
30.10733939393939 0.051902685546874994 112.53612670898437 
30.092618181818185 0.05058110351562499 139.55686315917967 
30.730410101010097 0.04911533203125 106.28502600097656 
29.92588484848485 0.052200781249999995 127.53218212890624 
29.795604545454545 0.053053613281249995 148.92869323730469 
30.698084848484847 0.048193212890624997 133.26015185546876 
31.2639101010101 0.04717265624999999 104.5995822753906 
30.58042121212121 0.04835605468749999 139.4923811035156 
29.807271212121215 0.0532029296875 129.83889343261717 
29.659968181818186 0.053960839843750004 146.48361193847657 
29.411468181818183 0.05791376953125 167.17768762207032 
30.39317373737374 0.049641845703125 119.7996417236328 
29.963854545454545 0.051571777343749986 139.11846582031248 
30.9783101010101 0.04698662109374999 119.11095788574218 
30.42575454545454 0.049227099609374984 135.94191198730468 
30.25813939393939 0.05131884765625 109.58558715820311 
31.381052741702742 0.050120068359375 94.87230737304687 
29.057645093795095 0.066295068359375 161.26837170410158 
28.83517539682539 0.06747915039062499 178.11206127929688 
29.564642063492066 0.056947509765624994 149.18317626953123 
29.276932972582973 0.06262280273437498 154.14891479492186 
29.27161176046176 0.061767626953124995 175.27814721679687 
29.28541825396825 0.058815478515625 174.0576951497396 
29.447725396825398 0.059707861328125 153.73637247721354 
28.91411479076479 0.067210888671875 162.81893839518227 
29.032508730158728 0.06330854492187499 170.20738745117188 
29.48344812409812 0.06546279296874999 135.86793631998697 
30.472112481962487 0.057269970703125006 102.65897188313801 
29.889968326118325 0.062235449218749996 121.07950370279947 
29.912289754689755 0.056436181640625 124.51623323567708 
30.09538391053391 0.058466552734375 110.27201220703125 
30.90457871572871 0.05983857421875 100.02493481445313 
30.272095310245312 0.06615820312500001 109.53946854654949 
29.929857215007214 0.057697314453125 121.79473701985677 
30.303491053391053 0.05712827148437501 105.65204768880209 
30.27466673881674 0.058855273437499994 103.68972904459635 
30.460448196248198 0.05592866210937499 105.41043216959635 
