31.611698773448776 0.04669516601562499 95.82474841308593 
31.31297655122655 0.04639165039062499 108.47648132324218 
32.20954321789322 0.04457797851562499 93.75803271484375 
31.59873917748918 0.047644238281249994 93.72914672851562 
31.984320995670995 0.04384086914062499 106.96348596191406 
31.003198773448776 0.049152587890624995 96.38114465332032 
32.10412806637807 0.045716455078124996 93.7820919189453 
31.551365440115443 0.04535664062500001 113.13661779785156 
31.362198773448778 0.04809257812499999 93.90563952636718 
31.155976551226555 0.048399462890624995 96.11507751464843 
31.022532106782105 0.04742231445312499 112.99238098144531 
32.04597655122655 0.044367919921875 106.60031005859375 
32.00085028860028 0.04646958007812499 93.21675732421875 
31.925098773448777 0.044725537109374984 95.79199792480468 
31.60043333333333 0.04591552734375 97.02150170898437 
29.659116666666662 0.05594116210937499 125.9514942626953 
30.474116666666664 0.05446875 99.36678576660157 
30.180783333333334 0.054628759765625 103.05375390625 
30.815433333333335 0.04718388671874999 134.8153634033203 
30.163700000000002 0.05107387695312499 134.81389514160156 
31.215877777777777 0.05000820312499999 95.74816979980469 
29.843849999999996 0.05233466796874999 145.56710974121094 
32.173100000000005 0.04404477539062499 97.16862890624999 
31.849655555555564 0.04384086914062499 111.65768530273438 
31.899766666666668 0.045168212890625004 96.40769287109376 
30.613100000000003 0.04826215820312499 135.0712811279297 
29.841033333333336 0.05446650390625 122.56890673828126 
30.203850000000003 0.050029443359374995 145.5887275390625 
30.805588888888888 0.05208159179687501 97.36646179199218 
31.403544444444446 0.0471740234375 97.10005029296875 
29.930449999999997 0.05310805664062499 123.9681776123047 
30.370700000000003 0.05017216796875 112.9896231689453 
30.5497 0.049713232421874996 111.36926806640625 
30.466988888888892 0.04886611328124999 134.53331384277342 
30.77886666666667 0.050133740234374995 98.0351749267578 
30.622366666666668 0.053466601562499994 97.61142321777344 
30.198449999999998 0.053971679687499996 104.69576342773436 
31.1231 0.048132470703125006 97.51992504882813 
30.390403030303034 0.049112499999999996 114.82362341308594 
31.6751 0.04489077148437499 111.01465588378905 
30.684100000000004 0.04771293945312499 113.24956274414062 
29.85345 0.057687255859375 114.01273120117187 
30.52718888888889 0.0488919921875 114.94352819824219 
29.88045 0.052664599609374994 137.14884460449218 
32.45607691197691 0.044008154296875 95.72346789550781 
31.57299004329004 0.04764687499999999 93.3651591796875 
30.85799797979798 0.0525203125 96.29597875976563 
31.62300909090909 0.046876611328125 93.72033715820311 
31.439945598845597 0.046006884765625 107.75443273925781 
31.84316782106782 0.046406835937499995 93.80194775390625 
31.300112265512265 0.04825278320312499 96.42027844238282 
32.49045353535354 0.044580615234374996 93.32963618977864 
31.628199567099564 0.04547724609374999 112.6699854736328 
31.279120202020202 0.046658447265625 112.18215686035155 
31.04173131313131 0.05138183593749999 95.8360295410156 
30.906473376623374 0.047722314453125 104.51231514485677 
30.016700144300145 0.05442622070312499 112.69752372233071 
30.57914004329004 0.04784355468749999 139.7895197753906 
31.371640043290043 0.048007275390625 96.06431551106769 
31.699112770562774 0.04407885742187499 113.74239428710936 
28.620951948051946 0.062891162109375 165.88894344075518 
29.560884487734487 0.056279101562499996 127.03859358723957 
31.30461277056277 0.045560546874999996 118.38471655273436 
29.729016810966808 0.051631396484374995 151.5482306722005 
31.7516955988456 0.04673222656249999 93.92297212727863 
30.38432893217893 0.050053027343749994 106.46402278645832 
30.441362265512268 0.048876318359375004 119.46617675781249 
28.979573160173164 0.058809619140624984 156.47719954427083 
29.231634487734485 0.05766469726562499 139.54998681640626 
28.78996204906205 0.059746240234375 183.75088399251302 
30.697562265512264 0.047667871093749994 119.93626257324219 
28.78497337662338 0.06058632812499999 159.8880605875651 
30.63407893217893 0.051681982421874995 98.29894368489582 
30.24195115440115 0.049164990234375 149.51303116861976 
29.56577337662338 0.054544824218749996 136.4249694824219 
31.43713499278499 0.044765771484374994 116.49225109863279 
29.430573160173157 0.058163134765624985 127.88049214680989 
29.369312265512264 0.05463920898437499 173.78966666666668 
29.954506709956707 0.050597753906249994 150.28881103515624 
29.923384487734484 0.05133344726562499 142.3012969156901 
29.766078932178928 0.053006835937499996 137.48525366210936 
29.59660670995671 0.053290673828124996 150.45207360839842 
30.079755699855696 0.05236982421874999 109.36594185384114 
30.492340043290046 0.04813427734374999 149.04351025390625 
29.199743073593073 0.056563867187499985 155.32387255859373 
30.901834992784995 0.046570751953124996 119.64297082519529 
29.38432893217894 0.05450429687499999 151.60174450683593 
30.23201681096681 0.049969238281249995 120.51436092122394 
29.642562265512264 0.05257260742187499 169.12856335449217 
29.192311255411255 0.058991699218749985 132.90912430826825 
29.25489458874459 0.055430224609374995 171.1429169514974 
29.701144588744587 0.05432875976562499 123.66625044759114 
29.354200144300144 0.055621044921874994 138.0597146809896 
30.782062265512263 0.04651083984374999 137.68567553710938 
30.107516810966814 0.050346630859375 136.53755879720052 
30.65100165945166 0.048801953125 104.72347078450521 
29.059761255411253 0.060552343749999994 143.21708630371091 
30.88577337662338 0.050473486328125 97.44087923177082 
31.047668326118327 0.04671826171874999 106.23107747395832 
29.93660670995671 0.05264965820312499 121.26724487304686 
30.051839033189037 0.051339648437499996 120.57921484375 
30.22032893217893 0.05109887695312499 106.82376057942707 
30.3418955988456 0.049135058593749996 134.13770007324217 
33.193936507936506 0.04400551757812499 92.87919372558592 
32.588636507936506 0.04400551757812499 98.26206473795573 
31.789735353535352 0.0466015625 95.07100964355467 
31.874959740259737 0.04450913085937499 111.48119372558594 
31.298656709956713 0.046655810546874996 112.12163427734374 
31.63844242424242 0.04553779296875 111.5889150390625 
31.39662424242424 0.046363623046875 107.24311682128905 
29.9775075036075 0.05181191406249999 134.6636356201172 
29.867598412698413 0.053134326171874996 127.02924963378905 
29.95316984126984 0.054732470703124994 115.89767456054688 
29.208383694083697 0.058139013671875 133.21690079752602 
29.32414126984127 0.057624169921875 132.66678531901042 
29.614455555555555 0.054398193359375 141.5412751464844 
30.55838888888889 0.050660742187499996 106.37160083007812 
29.46845555555555 0.05644086914062499 132.39969071451821 
29.8352365079365 0.056480810546874996 116.62013041178385 
29.731741269841272 0.053842138671875 127.06069189453123 
29.868078932178932 0.052491503906249994 140.8959678955078 
29.631241269841265 0.057188427734374984 117.5168271484375 
30.808166666666665 0.050070507812500005 104.37871630859375 
29.996312698412698 0.05227055664062499 126.72507409667969 
29.305617460317453 0.057412744140625 148.4665939127604 
29.451603174603168 0.058526416015625 125.88345463053386 
29.46869797979798 0.0551890625 142.44475769042967 
30.022407936507935 0.053182763671874994 113.45025036621092 
29.601336075036073 0.05521103515625 126.58477392578123 
30.108074603174597 0.05227001953124999 113.48441955566406 
29.18843131313131 0.058103662109374996 147.17785502115885 
30.507341269841266 0.051689306640624995 104.85992370605469 
28.982641269841274 0.06416684570312499 143.5638038736979 
29.74141226551226 0.053252636718749996 141.18933361816406 
30.840349567099565 0.047619775390624994 115.21041723632813 
31.596016233766232 0.044935107421874995 114.15807421875 
31.230349567099566 0.045953173828125 126.74297265625 
32.49934126984127 0.04420991210937499 91.99877124023438 
31.3246829004329 0.04551796875 114.97266345214845 
31.111616233766235 0.048175634765624996 101.45639453125 
30.3612525974026 0.05047109374999999 115.86479333496092 
31.614607936507937 0.047540771484374994 91.95877075195312 
31.408682900432904 0.046426318359375 101.02233825683594 
32.06107864357865 0.04590395507812499 91.39027038574218 
32.36700036075036 0.04320244140624999 103.67964819335938 
31.267794805194807 0.049641699218749995 92.96062353515624 
31.662266233766232 0.045726611328124986 105.37785583496093 
32.32346825396826 0.04494023437499999 91.03552119954426 
31.43408845598846 0.048296826171874994 92.0156953125 
31.765912698412702 0.044684472656249995 103.56218383789061 
31.030266233766234 0.047071484375 113.28213122558594 
31.806183694083693 0.046801416015625 91.90491979980467 
31.310944805194804 0.04724448242187499 101.08239636230468 
31.139016233766235 0.045815625 137.2153447265625 
32.16725036075036 0.044028271484375 102.42387927246094 
30.590016233766235 0.0483583984375 137.6490080566406 
30.873293578643576 0.048506103515624996 110.77990368652344 
31.55164747474747 0.04607963867187499 106.04470874023436 
31.56802842712843 0.04555947265624999 108.42718457031249 
30.733605555555556 0.047504345703125 136.13599300130207 
31.736786507936507 0.046669775390624994 94.55102429199218 
30.634119841269843 0.04896582031249999 113.86918452962239 
31.035319841269843 0.04624580078125 125.34940950520834 
29.902772222222215 0.051305224609375 155.67875541178387 
31.117405555555557 0.04616689453124999 114.24247798665364 
30.76510555555555 0.046817578125 148.36186173502605 
31.044405555555553 0.04678095703124999 113.40608833821614 
31.749405555555555 0.04384350585937499 112.38958174641928 
30.49710555555555 0.04814277343750001 147.54304178873699 
31.27840555555556 0.045018359375000004 132.6858056233724 
30.36060555555555 0.048846044921875 149.33037992350262 
31.49278650793651 0.04501337890624999 113.16152364095052 
30.62957222222222 0.048115820312499995 134.90171907552084 
30.50717222222222 0.048824267578125 134.18696455891927 
30.19837222222222 0.050262109375 128.86264957682292 
30.936838888888882 0.047567724609374994 110.24658365885416 
30.213772222222218 0.04947265625 148.53605509440104 
31.08421984126984 0.04865654296875 96.91070296223958 
30.878238888888887 0.04678593749999999 133.34790889485677 
29.92087222222222 0.052476318359374996 135.56769889322916 
30.07877222222222 0.050183593750000005 148.67402579752604 
31.946953174603173 0.044580615234374996 95.97626696777343 
30.632666161616157 0.047620507812500004 148.82288399251303 
30.29949949494949 0.049496533203125005 129.36300655110676 
31.508905555555554 0.04462255859374999 132.73670308430988 
31.704405555555553 0.04501064453124999 96.69571354166666 
31.23181984126984 0.04529370117187499 140.44696634928385 
31.64957222222222 0.04450751953125 112.2251582438151 
30.782986507936506 0.04815444335937499 112.06521366373698 
31.539072222222217 0.047335400390625004 94.42673677571614 
31.145738888888886 0.04546074218749999 134.0567587483724 
30.216538888888884 0.05092685546874999 120.46123954264321 
30.092705555555554 0.051276953125000004 134.9210039469401 
30.840672222222214 0.04989467773437499 98.26532694498698 
31.355772222222228 0.04574321289062499 110.87811808268229 
32.2460865079365 0.051371044921875 90.85858142089843 
