31.228637518037516 0.052386181640624994 133.8460002034505 
32.045254184704184 0.048976757812499994 127.9777158610026 
31.855254184704187 0.0493361328125 133.38176989746094 
32.10425418470418 0.04862128906249999 132.59041182454425 
31.244331240981243 0.052416552734374997 127.46010290527343 
30.960720851370848 0.0529337890625 133.2863260091146 
30.62739509379509 0.054861230468749994 133.49324662272136 
30.884232756132757 0.054453369140625 128.68598661295573 
31.015720851370848 0.0535490234375 127.45234488932292 
30.83330418470418 0.053723730468749994 133.63367057291669 
31.01705418470418 0.05313642578125 128.60032755533854 
31.75114509379509 0.05011523437499999 128.1271730957031 
30.529804184704187 0.057709130859375 135.07779772949218 
30.718993578643577 0.056237060546874995 130.71839916992187 
30.925145093795095 0.05329541015624999 128.8077148030599 
30.904970851370848 0.054303124999999994 127.73764298502603 
30.812304184704185 0.05433896484375 132.76700651041665 
30.26012424242424 0.07637133789062499 212.47681376139323 
30.320342424242423 0.062019970703124996 196.85296130371094 
30.480342424242423 0.05934487304687499 196.4220106201172 
31.902929365079363 0.04938920898437499 133.19197314453123 
30.449864141414142 0.060723339843749995 146.31285681152343 
31.767596031746034 0.049443212890625 123.72673620605468 
31.667729365079367 0.04974399414062499 128.85378881835936 
31.718762698412696 0.05038193359375 119.79402502441405 
31.652262698412695 0.05045493164062499 120.98347155761718 
31.55029444444444 0.051213330078125 121.65365905761719 
31.413005555555557 0.053732763671875 119.55711901855469 
32.22595317460318 0.04835751953125 129.4927208251953 
31.523596031746028 0.050597900390625006 123.1821922607422 
31.283829365079363 0.05231479492187499 136.36733142089844 
31.09248492063492 0.05243491210937499 123.94639050292969 
31.931111183261184 0.05059790039062499 117.91818139648437 
31.419362698412698 0.05213579101562499 121.48336743164062 
31.012717676767675 0.055161572265625 125.74682165527344 
32.03545317460317 0.04835751953125 132.77797521972656 
31.764662698412693 0.0514876953125 117.39574157714843 
31.285529365079366 0.052416650390625 123.74193823242189 
31.168484920634924 0.05235869140625 143.3429296875 
31.695196031746026 0.05142485351562499 119.55616381835938 
31.199251587301582 0.05286064453125 121.47011816406251 
32.04159603174603 0.049019433593749995 119.44249719238283 
32.54459603174603 0.047647851562499996 127.58631054687501 
31.505029365079363 0.052278759765624995 119.88181848144532 
31.909453174603172 0.049122460937499994 123.4024481201172 
31.328484920634924 0.050751123046875 123.28715515136719 
31.29483888888889 0.054181054687499994 120.04463549804689 
31.629662698412695 0.052198632812500007 117.53371228027343 
32.0682626984127 0.049320214843749995 118.08077282714845 
31.68077251082251 0.052909082031250006 112.97402913411457 
30.38548131313132 0.061894384765625005 175.73167761230468 
31.8044867965368 0.05199223632812499 114.92968912760415 
31.471168614718614 0.055612988281250005 118.46315364583333 
30.410257503607504 0.060305859375 157.62497644042966 
30.51323528138528 0.0587486328125 153.24377917480467 
31.672668614718614 0.05391704101562499 114.51105216471353 
31.5087367965368 0.054968896484375 118.84592805989584 
32.304170995671 0.048265576171875005 126.20545483398439 
32.576048773448775 0.047435839843749994 125.31338989257812 
32.10336544011545 0.048699023437499996 123.0066612548828 
31.89975432900433 0.049908886718750003 122.75648278808593 
32.00009978354978 0.05360361328124999 94.37488806152344 
32.1901816017316 0.04884541015625 106.49542468261718 
33.11292835497835 0.05126943359375 88.02872147623698 
32.44286168831169 0.050971533203124995 93.95166434733072 
32.727333116883116 0.0477896484375 104.99154479980469 
33.07233311688312 0.048462255859375 93.5954913330078 
32.2357816017316 0.04998310546875 105.8052353922526 
31.791099783549786 0.053468652343749985 105.49330212402344 
33.33993311688311 0.04754379882812499 98.9244815266927 
32.91576168831168 0.04992832031249999 93.81453747558594 
31.52309978354978 0.05429448242187499 106.11071813964844 
32.78399978354978 0.048991455078124996 104.71513000488281 
32.046433116883115 0.051273974609375 105.56216288248697 
32.327433116883114 0.05292236328125 99.05571378580728 
32.01933311688312 0.05011874999999999 106.53809753417967 
31.83261493506493 0.051629443359375 105.69600736490885 
31.96051493506493 0.050086132812499996 121.56603356933591 
32.91193311688311 0.04706376953125 105.41183870442707 
31.407433116883112 0.05569497070312499 110.79310583496094 
32.58959978354979 0.04788959960937499 106.11134891764323 
30.418189754689756 0.069285595703125 156.22189400227865 
30.302954906204903 0.07470205078125 191.6165302734375 
