31.145758225108224 0.04804843749999999 110.9527802734375 
30.900680952380952 0.0484369140625 128.8032303466797 
31.318347619047618 0.046546435546874994 128.50673986816403 
31.70595873015873 0.046319482421874995 108.25880741373697 
31.29634761904762 0.046824365234374984 127.61508215332032 
31.613458730158733 0.04579038085937499 114.5536864827474 
31.333058730158733 0.04677944335937499 114.23945699055989 
32.06429206349206 0.04596010742187499 101.95486861165364 
30.491780952380953 0.05091181640624999 115.26465157063802 
30.521114285714283 0.050051611328124995 129.18932983398435 
31.58795873015873 0.04551069335937499 124.12417053222654 
31.82973650793651 0.04536313476562499 110.30262398274738 
32.05817777777777 0.046339599609375004 101.73926298014322 
31.437458730158728 0.04595620117187499 128.3812628173828 
31.10589206349206 0.047405078125 128.58703271484373 
30.413892063492067 0.05201508789062499 112.69725150553384 
31.818792063492065 0.04579038085937499 110.22579130045573 
31.16505873015873 0.04709467773437499 128.24947229003905 
30.98678095238095 0.04799531249999999 128.712509765625 
30.922392063492065 0.048791601562499995 114.73320186360677 
30.78005873015873 0.04925219726562499 115.15017366536458 
31.723359740259742 0.046345458984375 97.73213366699218 
29.915360533910533 0.056173486328124994 118.9248293457031 
30.820777200577204 0.052899316406249994 96.18441625976563 
29.879241486291484 0.05738935546875 118.58724841308593 
30.99239148629149 0.048125097656249984 107.62353515624999 
30.222598629148635 0.052820800781249996 112.58442114257812 
31.02855815295816 0.047912646484374995 112.13010998535155 
30.064798629148626 0.05303784179687499 132.87244946289061 
29.538074819624825 0.060082519531249996 132.90519873046873 
30.08074148629149 0.058495166015624996 109.54726818847655 
30.486241486291483 0.05104389648437499 111.01378308105468 
30.68585577200577 0.0495703125 105.11673205566406 
31.09774148629149 0.051921240234375 96.53091394042968 
30.48874148629149 0.051841357421875005 104.76445751953125 
31.15447481962482 0.04824892578124999 100.12463793945312 
30.406333549783554 0.05471997070312499 104.87642224121092 
30.163141486291487 0.05219736328125 124.28677783203123 
30.000884343434347 0.05424931640624999 120.1593809814453 
31.63822481962482 0.049724267578124995 95.1694580485026 
30.309341486291487 0.051410400390625 125.7145517578125 
30.62865497835498 0.049349365234375 123.40215625 
30.687491486291492 0.05224775390624999 100.94126062011719 
30.549391486291487 0.04997587890625 111.08326660156249 
30.024941486291493 0.053073828125 125.81673730468749 
30.13023354978355 0.053897412109374994 111.79137072753906 
31.33605815295816 0.046205371093749996 112.87506164550781 
31.69958196248196 0.046047509765624994 109.55488049316406 
30.409908152958153 0.052466699218749996 111.27806726074219 
29.99513037518038 0.056114941406249993 111.49831176757813 
29.68527481962482 0.056686865234374995 133.71901440429687 
29.898655772005768 0.053895019531250005 133.85319885253907 
31.240558152958155 0.048114306640624986 96.6238780517578 
29.734741486291487 0.05786650390625 119.87372558593749 
30.409869264069265 0.050205273437499996 124.13309765625 
31.392415295815297 0.04708891601562499 100.93629602050783 
30.182074819624823 0.05692187499999999 110.76948010253908 
30.6547772005772 0.053206201171874995 96.59970861816406 
31.418074819624817 0.051078857421875005 95.9147325846354 
30.852141486291483 0.048980371093749996 105.22045483398438 
30.72749148629149 0.049548779296875 102.61168908691405 
30.690491486291485 0.050732226562499996 101.47739221191407 
30.337969264069265 0.050861669921875 116.83109765625 
30.70039148629149 0.048922363281249985 120.80961914062499 
30.53642005772006 0.05062861328124999 103.20947814941405 
31.41908196248196 0.04708891601562501 97.82270275878906 
30.064741486291485 0.05323813476562499 120.39544763183592 
29.71627481962482 0.057008105468749994 130.57822900390624 
29.63396370851371 0.05911162109375 131.9631190185547 
29.443560533910542 0.05890302734374999 136.65002209472655 
31.484058152958152 0.04635576171874999 100.99551184082031 
29.923441486291484 0.0548525390625 131.20734790039063 
30.38399148629149 0.052828369140625 105.40388708496093 
30.24110815295816 0.05232963867187499 118.26445837402343 
31.177558152958156 0.047403271484374995 110.09815100097656 
30.80539148629149 0.04914384765624999 112.448525390625 
31.117843867243874 0.047096386718749994 113.06353857421874 
30.44061926406927 0.05315722656249999 101.46877722167969 
29.78893354978355 0.054870703125 134.03679638671875 
29.506838311688316 0.057121044921874996 148.4685938720703 
30.526508152958158 0.050405468749999995 117.93365490722657 
30.922772438672435 0.048784130859375 100.05685778808594 
30.29734148629149 0.05440732421875 105.71319616699219 
29.309864646464646 0.06463266601562499 140.3763302001953 
31.96778037518038 0.04630654296874999 107.25547611490884 
29.71701616161616 0.061837109375 127.2929609375 
32.4952834054834 0.04508964843749999 104.94130021158855 
29.522006060606063 0.06373710937499999 131.14645983886717 
32.027993939393944 0.04610458984374999 105.8037412516276 
32.42782886002886 0.044518945312499995 110.59858939615884 
29.380642424242428 0.062242626953124984 140.01872448730467 
29.87924848484849 0.05727431640625 128.0637127685547 
29.957117171717176 0.05575405273437499 131.06767553710938 
30.835447186147185 0.048779638671875 118.14307657877605 
31.51036782106782 0.046104199218749996 117.13710367838542 
31.765656709956705 0.045702783203125 113.04097021484375 
31.229002741702743 0.04708730468749999 124.54045768229166 
32.09247691197691 0.044964013671875 105.87432287597656 
31.25659307359307 0.048052587890625 107.6177313232422 
31.754367821067817 0.04544125976562499 116.65684391276042 
31.29986132756133 0.04677929687499999 117.85208671061197 
30.063732106782105 0.054090478515625 120.67507446289062 
31.120258297258296 0.048642041015625 107.17191357421876 
31.014891630591627 0.0480369140625 125.01177848307292 
29.782011327561328 0.05608154296875 151.6220754394531 
30.72921991341991 0.049518603515625 118.20668522135418 
32.062759740259736 0.045865673828124995 105.85618298339844 
31.026867821067817 0.047897216796875 118.50669596354166 
31.301313852813852 0.04727626953125 112.62428295898437 
29.95172994227994 0.05369130859375 142.65036149088542 
32.05543196248196 0.04452758789062499 108.5398525390625 
31.023978427128423 0.047661572265624993 127.27740250651043 
30.849431962481958 0.048759667968749996 126.831568359375 
31.47781176046176 0.046159619140625 119.96616967773437 
31.870341053391048 0.04490048828125 113.82413492838542 
31.09997842712842 0.047661572265624993 122.31008544921875 
31.702296608946607 0.04600747070312499 112.6162324625651 
31.75076529581529 0.04586513671874999 108.48657885742188 
30.084729942279942 0.055544677734375 118.95166088867187 
29.691578427128423 0.0566728515625 143.7543649902344 
30.880236002886 0.04848364257812499 121.1003106282552 
31.33424105339105 0.04624306640624999 126.06205558268229 
30.27898751803751 0.051821093750000005 127.54611865234375 
