31.01914184704185 0.08278935546875 204.60241337076826 
30.907248917748927 0.0761921875 270.1178544514974 
31.06188470418471 0.07976650390625001 219.18150443522137 
30.481477200577206 0.082206640625 258.2995302327474 
30.65624083694084 0.0782046875 228.32252766927084 
33.093793217893214 0.05449511718749999 141.34857735188803 
33.37633686868687 0.05554780273437499 137.8034020589193 
31.60970432900433 0.062783544921875 168.5087090250651 
32.78179321789322 0.056016015625 142.2107821858724 
33.28133867243867 0.052694921875 147.52714815266927 
33.68833686868687 0.054026904296875 136.9411972249349 
33.142348773448774 0.056016015625 138.6324377034505 
32.648793217893214 0.05532094726562499 152.53480684407552 
33.45434877344877 0.05449511718749999 137.77023286946613 
33.997647474747474 0.053625878906249994 139.4839110921224 
32.802364646464646 0.055103271484375 152.37321748860677 
32.29023766233766 0.056399169921875 153.05419828287762 
31.37292965367965 0.06730898437499999 166.3371737874349 
31.95645346320346 0.06436240234374999 137.62698262532552 
32.35191147186148 0.0573408203125 140.54508256022135 
31.95731060606061 0.061213671875 138.76474385579428 
31.765310606060602 0.06157827148437499 159.6582645670573 
32.20064393939394 0.05924809570312499 138.37056209309895 
31.74535822510822 0.06514599609374999 139.95412471516926 
31.62845346320346 0.061770263671875 157.49157381184898 
31.542349567099564 0.06516826171875 157.50158345540365 
31.622111471861473 0.06138911132812499 164.85076293945315 
32.52426298701299 0.056349072265624994 153.65300154622395 
31.807825757575756 0.06384140625 138.14227274576822 
31.21396774891775 0.07163994140625 168.99269698079428 
32.01991147186147 0.0579923828125 147.9289276123047 
32.67111147186148 0.055457373046874994 152.4574960530599 
31.651111471861476 0.066645703125 142.29360306803386 
32.13711147186147 0.0573408203125 142.87399271647135 
31.84134956709957 0.06270151367187499 140.10348368326822 
31.576482900432904 0.064511328125 162.10228120930992 
32.610262987012995 0.057012353515624996 136.78604353841146 
31.41702489177489 0.06699609375 185.84292679850262 
31.440167748917748 0.0659708984375 161.85383565266926 
31.806110606060603 0.062730810546875 145.22275362141926 
32.37644480519481 0.06040146484374999 132.94596708170573 
32.67111147186148 0.056168310546874996 148.27511128743487 
31.505111471861472 0.06602143554687499 148.84127262369793 
31.92759632034632 0.060609521484375 145.20564884440105 
31.90762575757576 0.058596533203124995 148.66165299479167 
32.15830194805195 0.06173466796874999 135.08554732259114 
31.884586796536794 0.05850156250000001 161.4023202718099 
32.76306818181819 0.060212207031250006 132.16172102864584 
32.83458333333333 0.0575912109375 131.10305607096353 
32.21682575757576 0.057308984375 152.60286324055988 
31.79077813852814 0.063393701171875 147.69171451822916 
32.595596320346324 0.05622724609375 137.44453731282553 
31.17082575757576 0.0679404296875 171.86024068196616 
31.564825757575754 0.06727714843749999 142.41590946451822 
31.651968614718616 0.06338559570312499 155.9183710123698 
32.222825757575755 0.058623828125 135.8593564046224 
31.430501082251084 0.06861035156249999 145.94736690266927 
31.43694451659452 0.0672556640625 183.84557649739583 
31.30185663780664 0.0673298828125 199.5420235188802 
31.083613780663782 0.07014770507812501 198.74986470540364 
31.602658802308802 0.064303466796875 178.31438240559896 
31.150166161616163 0.069436572265625 191.79927486165366 
34.01047936507936 0.053056152343749996 141.6788859863281 
34.70292936507936 0.050189599609374996 142.89867626953125 
34.060300793650796 0.051871191406249996 142.25312174479166 
34.08609985569986 0.04862060546875 148.1566990966797 
34.42459985569986 0.048556542968749984 144.53559419759114 
33.87343318903319 0.0484 161.18886083984376 
35.27343318903319 0.04705141601562499 143.2443974609375 
33.678099855699855 0.049396728515624995 161.348265625 
33.78023318903319 0.049426123046875 154.7871611328125 
33.882099855699856 0.049178710937499995 148.4519412841797 
34.24723318903319 0.048189892578125 148.08579821777346 
34.05189985569985 0.04918662109375001 148.2452030029297 
32.32709812409812 0.054776416015624996 171.08410673014322 
34.083546608946605 0.049010791015625 158.9196464029948 
33.0425759018759 0.050745849609375 167.06881587727864 
33.49503145743145 0.049850976562499996 146.35184322102864 
32.88840923520923 0.051800439453125 155.5492052815755 
32.72743145743146 0.05296274414062499 154.16551200358072 
32.63453145743146 0.053179345703125 170.09520243326824 
32.520098124098126 0.05360278320312499 155.28149344889323 
33.116267821067815 0.051353369140625 147.59211958821615 
31.73283145743146 0.059536328125 185.46214969889323 
32.61527893217893 0.055700341796875004 150.8800146891276 
32.33000115440116 0.054511376953125 155.9356340738932 
33.4774759018759 0.049160302734374994 164.72780916341145 
33.23929812409813 0.05023046874999999 150.89772017415365 
33.1590759018759 0.050365625 165.68612361653646 
32.87369812409813 0.052450537109374994 150.32247904459635 
32.14919812409813 0.056190869140624995 156.1667500406901 
32.43333145743146 0.05407055664062499 182.48641141764324 
32.25366782106782 0.055685009765624995 170.9383975016276 
32.48416782106783 0.053456787109374994 171.95524466959634 
33.39743145743145 0.051245214843750005 145.10181107584634 
32.71453145743146 0.05228764648437499 166.76849589029948 
32.77186479076479 0.051153955078125 172.47863618977865 
32.73213145743146 0.051785107421875004 171.34523457845052 
32.112831457431454 0.05627915039062499 183.0476445719401 
