29.95219841269842 0.0629826171875 160.28924243164064 
30.052685714285715 0.0611515625 141.94150622558595 
29.881017460317466 0.061082226562499994 164.98300524902345 
30.164066666666667 0.058404003906249995 158.60740576171872 
30.18947460317461 0.060208398437500005 144.7714870605469 
30.058817460317464 0.059194091796874994 158.19906522623697 
30.174495238095243 0.06065908203125 139.33130834960937 
33.46096616161616 0.04536215820312499 110.9331376953125 
30.143166594516597 0.06286435546875001 134.5252850341797 
29.938823737373742 0.06080078125 193.43968579101562 
30.048966594516596 0.059817578124999986 164.82765612792969 
30.04165707070707 0.05875249023437499 171.7535343017578 
29.85799992784993 0.06295532226562499 166.09245275878908 
30.347050865800867 0.0522341796875 168.82487841796876 
30.70145086580086 0.04979165039062499 168.92381083170574 
30.661950865800865 0.050414453124999994 147.5756746419271 
31.514117532467527 0.04661791992187499 133.089991414388 
31.243673088023087 0.047955468749999994 132.6089650472005 
31.143450865800858 0.0478765625 153.4491739908854 
30.892450865800864 0.04979370117187499 128.06707881673177 
30.723300865800866 0.051936132812499994 117.50337027994792 
31.816117532467533 0.045984912109375 107.83907548014322 
30.446978643578642 0.051606982421874996 171.4627735595703 
31.694117532467533 0.045808349609374986 134.1797151285807 
31.524117532467535 0.04653901367187499 153.19615189615885 
32.03133975468975 0.04533334960937499 111.96899483235676 
31.549117532467534 0.04615737304687499 153.81145951334634 
30.32555086580086 0.05263261718749999 147.90900374348956 
30.164900865800863 0.05376103515625 151.0973438313802 
31.13145086580086 0.048437939453125 127.09875240071615 
31.032450865800865 0.04914213867187499 127.55444209798176 
30.41805086580086 0.05185458984374999 148.18738264973956 
31.15055086580086 0.04926757812499999 109.32252185058593 
30.070878643578638 0.05509672851562499 167.97442240397135 
30.772450865800867 0.04958657226562499 148.16579585774738 
30.69855086580086 0.05116811523437499 127.73792159016926 
30.458023088023083 0.05306386718749999 129.8572754720052 
30.81130086580086 0.05147221679687499 117.47666923014322 
31.51867308802309 0.0472416015625 108.71128967285155 
30.57020086580086 0.05105263671875 150.5542344563802 
31.130800865800865 0.050128710937499994 109.97705008951822 
31.549550865800867 0.04921254882812499 106.38872782389322 
31.35511753246753 0.04728691406249999 160.60585327148436 
30.781950865800862 0.050284179687499986 127.12247908528644 
31.389450865800864 0.047145898437499986 134.1264414469401 
30.975300865800865 0.050814501953125 117.19234488932291 
30.88311753246753 0.04937856445312499 148.28231746419272 
30.841450865800862 0.049140087890624996 168.41117411295573 
31.710117532467528 0.04665053710937499 107.87562235514321 
30.55855086580086 0.05181967773437499 128.25055830891927 
31.055450865800868 0.04834047851562499 160.47587504069008 
31.48221753246753 0.048010888671874995 108.02255497233072 
30.593050865800862 0.05074248046874999 168.12735986328124 
31.50605707070707 0.047950341796875 111.26318204752604 
32.17976818181818 0.049583007812499996 94.60643501790365 
32.15043484848484 0.049967138671874994 106.02487125651041 
30.521904545454547 0.052439404296875 125.09373750813802 
30.213922727272724 0.06297202148437502 127.92891821289061 
30.603310606060603 0.05234892578125001 121.69804109700522 
31.46826111111111 0.047643457031249996 115.22541133626302 
30.233944949494955 0.05532895507812499 126.09235799153645 
30.964227056277053 0.05313520507812499 109.3744912516276 
32.61892691197691 0.046968408203125 107.01244596354165 
31.00398333333333 0.049449658203124996 136.68874495442708 
30.01314494949495 0.06660581054687499 147.87528279622393 
30.950483333333327 0.05191767578125 111.53957401529948 
31.308038888888888 0.048394091796875 114.81956026204426 
31.73776818181818 0.050322607421875 106.32595450846354 
30.353744949494953 0.054131054687500006 123.25876973470052 
32.16903802308802 0.048859667968750006 106.05943021647136 
30.512437878787875 0.054301220703125 118.70821244303386 
30.6119106060606 0.05137880859375 125.31514229329427 
31.118801515151514 0.049272167968749996 121.91183540852865 
30.75740151515151 0.05057900390625 125.29547163899738 
31.29028333333333 0.049631494140625 108.30126700846354 
30.857422727272724 0.053004541015625 113.06744510904947 
30.969601515151513 0.049439794921875 140.60951143391927 
31.205101515151515 0.050772119140624995 107.37921366373698 
31.230283333333333 0.0491884765625 115.74567854817707 
30.800360389610386 0.05445986328124999 109.88878312174478 
30.475977272727274 0.05308154296875 122.63528914388021 
31.08548333333333 0.05120673828125 111.40160331217447 
31.11528333333333 0.050060693359375 110.64312650553384 
30.73595 0.051291455078125 118.42729268391926 
32.34903802308802 0.04765693359375 107.11931791178385 
30.221177272727267 0.06086748046875 128.55383825683595 
30.370672222222225 0.053439794921875 125.25961494954427 
31.006823737373733 0.049513134765624994 125.05394685872396 
31.48105707070707 0.048331982421874996 110.64787443033853 
30.622105844155843 0.054453369140625 113.03934159342448 
30.911101515151515 0.051208154296874996 116.0212792561849 
30.871349999999996 0.050534619140625 117.90039619954426 
30.754568181818183 0.051947998046875006 115.35835115559895 
31.35036053391053 0.05462998046875 104.05669067382813 
29.375036002886 0.07111118164062499 190.19010013834637 
29.940321356421354 0.06035864257812498 192.4724436442057 
29.58500266955267 0.069904052734375 174.26298596191407 
29.380419336219333 0.067241015625 206.16449755859375 
29.787086002886003 0.0666388671875 169.1607989501953 
29.738752669552667 0.0639009765625 184.55645922851562 
29.534086002886003 0.064723291015625 204.6478759765625 
29.456369336219336 0.07097949218749999 174.98675915527343 
29.932119336219333 0.06704648437499999 158.1378743082682 
29.743452669552667 0.063057568359375 194.63291190592446 
29.840119336219335 0.06790654296875 159.34018583170572 
29.19266933621934 0.074733740234375 230.9068663330078 
29.624119336219334 0.06656962890625 181.6060293375651 
29.694252669552665 0.06338330078124998 211.87260693359377 
30.19661933621934 0.058324658203125 140.67976936848956 
30.113752669552674 0.06265478515624999 140.5553146972656 
29.825252669552675 0.063112255859375 164.84520694986978 
30.081586002886002 0.060892822265625 147.2353274332682 
33.234735281385284 0.04525380859375 128.14825512695313 
33.34299747474747 0.045057617187499996 127.69533548990886 
