28.77078733766234 5.0
28.77078733766234 5.0
28.77078733766234 5.0
28.77078733766234 5.0
28.77078733766234 5.0
28.77078733766234 5.0
28.77078733766234 5.0
28.77078733766234 5.0
28.77078733766234 5.0
28.77078733766234 5.0
28.77078733766234 5.0
28.77078733766234 5.0
28.77078733766234 5.0
28.77078733766234 5.0
28.77078733766234 5.0
28.77078733766234 5.0
28.77078733766234 5.0
28.77078733766234 5.0
28.77078733766234 5.0
28.77078733766234 5.0
28.77078733766234 5.0
28.77078733766234 5.0
28.77078733766234 5.0
28.77078733766234 5.0
28.77078733766234 5.0
28.77078733766234 5.0
28.77078733766234 5.0
28.77078733766234 5.0
28.77078733766234 5.0
28.77078733766234 5.0
28.77078733766234 5.0
28.77078733766234 5.0
28.77078733766234 5.0
28.77078733766234 5.0
28.77078733766234 5.0
28.77078733766234 5.0
28.77078733766234 5.0
28.77078733766234 5.0
28.77078733766234 5.0
28.77078733766234 5.0
28.77078733766234 5.0
28.77078733766234 5.0
28.77078733766234 5.0
28.77078733766234 5.0
28.77078733766234 5.0
28.77078733766234 5.0
28.77078733766234 5.0
28.77078733766234 5.0
28.77078733766234 5.0
28.77078733766234 5.0
28.77078733766234 5.0
28.77078733766234 5.0
28.77078733766234 5.0
28.77078733766234 5.0
28.77078733766234 5.0
28.77078733766234 5.0
28.77078733766234 5.0
28.77078733766234 5.0
28.77078733766234 5.0
28.77078733766234 5.0
28.77078733766234 5.0
28.77078733766234 5.0
28.77078733766234 5.0
28.77078733766234 5.0
28.77078733766234 5.0
28.77078733766234 5.0
28.77078733766234 5.0
28.77078733766234 5.0
28.77078733766234 5.0
28.77078733766234 5.0
28.77078733766234 5.0
28.77078733766234 5.0
28.77078733766234 5.0
28.77078733766234 5.0
28.77078733766234 5.0
28.77078733766234 5.0
28.77078733766234 5.0
28.77078733766234 5.0
28.77078733766234 5.0
28.77078733766234 5.0
28.77078733766234 5.0
28.77078733766234 5.0
28.77078733766234 5.0
28.77078733766234 5.0
28.77078733766234 5.0
28.77078733766234 5.0
28.773912337662342 5.0
28.773912337662342 5.0
28.773912337662342 5.0
28.773912337662342 5.0
28.773912337662342 5.0
28.773912337662342 5.0
28.773912337662342 5.0
28.773912337662342 5.0
28.773912337662342 5.0
28.773912337662342 5.0
28.773912337662342 5.0
28.773912337662342 5.0
28.773912337662342 5.0
28.773912337662342 5.0
28.773912337662342 5.0
28.773912337662342 5.0
28.773912337662342 5.0
28.773912337662342 5.0
28.773912337662342 5.0
28.773912337662342 5.0
28.773912337662342 5.0
28.773912337662342 5.0
28.773912337662342 5.0
28.773912337662342 5.0
28.773912337662342 5.0
28.773912337662342 5.0
28.773912337662342 5.0
28.773912337662342 5.0
28.773912337662342 5.0
28.773912337662342 5.0
28.773912337662342 5.0
28.773912337662342 5.0
28.773912337662342 5.0
28.773912337662342 5.0
28.773912337662342 5.0
28.773912337662342 5.0
28.773912337662342 5.0
28.773912337662342 5.0
28.773912337662342 5.0
28.773912337662342 5.0
28.773912337662342 5.0
28.773912337662342 5.0
28.773912337662342 5.0
28.773912337662342 5.0
28.773912337662342 5.0
28.773912337662342 5.0
28.773912337662342 5.0
28.773912337662342 5.0
28.773912337662342 5.0
28.773912337662342 5.0
28.773912337662342 5.0
28.773912337662342 5.0
28.773912337662342 5.0
28.773912337662342 5.0
28.773912337662342 5.0
28.773912337662342 5.0
28.773912337662342 5.0
28.773912337662342 5.0
28.773912337662342 5.0
28.773912337662342 5.0
28.773912337662342 5.0
28.773912337662342 5.0
28.773912337662342 5.0
28.773912337662342 5.0
28.773912337662342 5.0
28.773912337662342 5.0
28.843037337662338 4.0
28.843037337662338 4.0
28.843037337662338 4.0
28.843037337662338 4.0
28.843037337662338 4.0
28.843037337662338 4.0
28.843037337662338 4.0
28.843037337662338 4.0
28.843037337662338 4.0
28.843037337662338 4.0
28.843037337662338 4.0
28.843037337662338 4.0
28.843037337662338 4.0
28.843037337662338 4.0
28.843037337662338 4.0
28.843037337662338 4.0
28.843037337662338 4.0
28.843037337662338 4.0
28.843037337662338 4.0
28.843037337662338 4.0
28.843037337662338 4.0
28.843037337662338 4.0
28.843037337662338 4.0
28.843037337662338 4.0
28.843037337662338 4.0
28.843037337662338 4.0
28.843037337662338 4.0
28.843037337662338 4.0
28.843037337662338 4.0
28.843037337662338 4.0
28.843037337662338 4.0
28.843037337662338 4.0
28.843037337662338 4.0
28.843037337662338 4.0
28.843037337662338 4.0
28.843037337662338 4.0
28.843037337662338 4.0
28.843037337662338 4.0
28.843037337662338 4.0
28.843037337662338 4.0
28.843037337662338 4.0
28.843037337662338 4.0
28.843037337662338 4.0
28.843037337662338 4.0
28.843037337662338 4.0
28.843037337662338 4.0
28.843037337662338 4.0
28.843037337662338 4.0
28.843037337662338 4.0
28.843037337662338 4.0
28.843037337662338 4.0
28.843037337662338 4.0
28.843037337662338 4.0
28.843037337662338 4.0
28.843037337662338 4.0
28.843037337662338 4.0
28.843037337662338 4.0
28.843037337662338 4.0
28.843037337662338 4.0
28.843037337662338 4.0
28.843037337662338 4.0
28.843037337662338 4.0
28.843037337662338 4.0
28.843037337662338 4.0
28.843037337662338 4.0
28.843037337662338 4.0
28.843037337662338 4.0
28.843037337662338 4.0
28.843037337662338 4.0
28.843037337662338 4.0
29.180454004329004 4.0
29.180454004329004 4.0
29.180454004329004 4.0
29.180454004329004 4.0
29.180454004329004 4.0
29.180454004329004 4.0
29.180454004329004 4.0
29.180454004329004 4.0
29.180454004329004 4.0
29.180454004329004 4.0
29.308954004329006 3.0
29.308954004329006 3.0
29.308954004329006 3.0
29.308954004329006 3.0
29.308954004329006 3.0
29.308954004329006 3.0
29.308954004329006 3.0
29.308954004329006 3.0
29.308954004329006 3.0
29.308954004329006 3.0
29.308954004329006 3.0