25.381238095238093 1.0 0.023945556640624997 
23.542 2.0 0.033536865234375005 
22.974 2.0 0.0406943359375 
21.42480952380952 3.0 0.078648681640625 
23.847714285714286 2.0 0.029448242187500008 
24.997238095238096 2.0 0.024952636718750004 
23.947714285714287 2.0 0.029448242187499994 
22.003285714285713 3.0 0.060955566406249995 
25.259571428571427 2.0 0.023945556640625 
20.93764285714286 3.0 0.10279589843749999 
21.685285714285715 3.0 0.06719775390625 
22.731714285714286 3.0 0.043628173828125 
24.168904761904763 2.0 0.027739746093750007 
21.384785714285716 6.0 0.08302294921875 
20.380142857142857 5.0 0.10941650390624999 
23.48371428571429 3.0 0.03569042968750001 
21.390523809523806 4.0 0.08422705078125 
20.130809523809525 4.0 0.12097680664062498 
23.763190476190477 2.0 0.031828369140625 
20.97547619047619 4.0 0.10164379882812499 
23.498047619047618 2.0 0.03588916015625 
21.407285714285713 5.0 0.080395263671875 
21.07614285714286 6.0 0.08931591796875 
19.941761904761904 4.0 0.14401098632812498 
23.37971428571429 2.0 0.036605712890624996 
22.53090476190476 3.0 0.047382568359375 
21.074142857142856 5.0 0.0938701171875 
20.909119047619043 5.0 0.10615234375 
21.068142857142856 3.0 0.09803344726562499 
21.976 6.0 0.06143505859375 
21.073857142857143 4.0 0.09534814453124998 
22.438000000000002 3.0 0.053986083984375 
23.095714285714287 2.0 0.037385986328124995 
20.643857142857144 4.0 0.11497802734375 
21.621404761904763 6.0 0.0748466796875 
20.355166666666666 3.0 0.178455322265625 
22.89183333333333 2.0 0.07559594726562499 
18.81083333333333 4.0 0.249251220703125 
24.62390476190476 2.0 0.026923095703125 
19.859642857142855 3.0 0.20876196289062499 
20.166309523809524 3.0 0.20164282226562502 
24.150571428571432 2.0 0.029119384765625 
19.732738095238094 4.0 0.191036376953125 
22.36183333333333 2.0 0.093166259765625 
22.668499999999998 2.0 0.08604711914062499 
25.097238095238094 2.0 0.024725830078125 
20.919785714285712 5.0 0.10442016601562498 
24.43938095238095 2.0 0.027424316406250003 
22.7385 2.0 0.08270727539062499 
19.014333333333333 4.0 0.23232250976562496 
24.907904761904764 2.0 0.025252929687499998 
20.491 3.0 0.172722900390625 
20.61547619047619 3.0 0.140092041015625 
18.103619047619045 6.0 0.2315556640625 
17.982619047619046 6.0 0.2692138671875 
19.00533333333333 4.0 0.24314868164062498 
18.180285714285713 7.0 0.226640625 
20.79947619047619 3.0 0.133849853515625 
20.553 6.0 0.09086743164062501 
18.419619047619044 5.0 0.22311718749999998 
20.395619047619046 8.0 0.107477294921875 
21.098357142857143 4.0 0.089529296875 
24.90790476190476 2.0 0.026141845703125 
19.022 4.0 0.201131103515625 
19.835285714285714 4.0 0.186165283203125 
22.591833333333334 2.0 0.09168652343749999 
19.562285714285714 7.0 0.12943554687499997 
19.251142857142856 5.0 0.17413525390625 
19.697285714285712 8.0 0.12781323242187498 
19.64933333333333 6.0 0.13396142578125 
19.292095238095236 5.0 0.15019458007812497 
18.538761904761902 5.0 0.183146728515625 
20.25433333333333 3.0 0.183174072265625 
20.365833333333335 3.0 0.17757836914062503 
20.285523809523806 6.0 0.115845703125 
19.93745238095238 5.0 0.14088012695312496 
19.162285714285712 7.0 0.17156860351562503 
19.182285714285715 8.0 0.154463623046875 
19.46095238095238 6.0 0.1453896484375 
19.826 4.0 0.18695336914062502 
20.433119047619048 4.0 0.11503515625 
