25.381238095238093 1.0 0.023945556640624997 
20.604666666666667 4.0 0.07553833007812501 
22.111333333333334 3.0 0.046962890624999996 
16.98892857142857 8.0 0.20990625000000002 
18.374928571428573 5.0 0.1549453125 
23.56371428571429 2.0 0.030228515625000008 
25.07557142857143 2.0 0.024725830078125 
17.54204761904762 8.0 0.17571874999999998 
20.451333333333334 4.0 0.080257080078125 
17.207880952380954 9.0 0.193368408203125 
23.158000000000005 2.0 0.034317138671875004 
23.005857142857145 2.0 0.034804931640625 
24.907904761904764 2.0 0.025252929687499998 
22.803000000000004 2.0 0.035796875000000006 
22.769190476190477 2.0 0.038851806640625 
20.14466666666667 4.0 0.087376220703125 
21.984 3.0 0.04915820312500001 
21.482190476190475 3.0 0.05937060546874999 
20.819333333333333 4.0 0.072200439453125 
21.516000000000002 3.0 0.05631567382812499 
20.44895238095238 4.0 0.08248193359375 
20.911333333333335 4.0 0.068419189453125 
22.566333333333336 2.0 0.03984375 
21.643333333333334 3.0 0.054120361328125 
21.157666666666668 4.0 0.062977294921875 
23.68204761904762 2.0 0.029511962890625004 
17.06988095238095 8.0 0.20027148437499998 
25.359571428571428 2.0 0.023945556640624997 
19.881809523809526 4.0 0.095311767578125 
17.663714285714285 7.0 0.17310400390624997 
22.348000000000003 3.0 0.042916015625000005 
18.308595238095236 5.0 0.161062744140625 
21.270333333333333 3.0 0.066895751953125 
17.19154761904762 7.0 0.19765673828125 
21.26795238095238 3.0 0.06912060546875001 
18.433261904761903 5.0 0.15224853515624998 
21.747333333333337 3.0 0.05320507812499999 
22.301190476190477 2.0 0.04600927734375 
22.439 3.0 0.04203906250000001 
21.846190476190475 3.0 0.053128417968749994 
20.296333333333337 4.0 0.08648632812499998 
22.537857142857142 2.0 0.04196240234375 
16.45792857142857 8.0 0.24730957031249998 
16.928166666666662 9.0 0.210801513671875 
22.903000000000002 2.0 0.035796875 
17.627809523809525 6.0 0.176474609375 
22.213333333333335 3.0 0.045569091796874996 
16.979595238095236 9.0 0.20980957031249997 
17.324476190476194 6.0 0.19404492187499997 
20.700809523809525 3.0 0.081950439453125 
16.459833333333332 7.0 0.24085571289062496 
17.59614285714286 8.0 0.17197802734375 
20.396666666666665 5.0 0.081659423828125 
21.061333333333334 4.0 0.067412109375 
24.69157142857143 2.0 0.02573291015625 
19.32866666666667 5.0 0.107917236328125 
19.765809523809523 5.0 0.09765161132812501 
22.335 2.0 0.042954345703124994 
21.971000000000004 3.0 0.049196533203125 
17.93447619047619 6.0 0.15890429687500002 
18.330476190476194 6.0 0.141296875 
24.03704761904762 2.0 0.028032226562500002 
24.488714285714288 2.0 0.026724853515625 
22.681333333333335 3.0 0.03841162109375 
21.279333333333334 3.0 0.060362548828124994 
18.208809523809524 7.0 0.14547216796874998 
19.623809523809527 4.0 0.10948950195312498 
22.098333333333336 2.0 0.047001220703125 
17.847809523809524 6.0 0.165109375 
18.259809523809523 5.0 0.16217578125 
18.883809523809525 5.0 0.12290234375 
17.202809523809524 7.0 0.19665966796874998 
18.154476190476192 6.0 0.14854614257812498 
18.032309523809523 5.0 0.174013671875 
18.684142857142856 6.0 0.126403076171875 
21.849333333333334 4.0 0.05181127929687499 
17.05542857142857 6.0 0.2451484375 
24.2182380952381 2.0 0.02792919921875 
18.807809523809524 5.0 0.125602783203125 
20.535000000000004 6.0 0.076338623046875 
18.51447619047619 6.0 0.136061767578125 
18.989809523809523 5.0 0.11754614257812498 
16.605309523809524 8.0 0.22941552734375 
18.956476190476188 6.0 0.12006958007812499 
24.339904761904762 2.0 0.027040283203124998 
21.394333333333332 4.0 0.058930419921875 
16.681976190476192 7.0 0.22606787109374996 
16.763166666666667 7.0 0.22375805664062498 
17.059833333333334 7.0 0.20618774414062496 
21.758333333333333 4.0 0.052688232421874995 
20.02580952380952 5.0 0.089716064453125 
16.550785714285713 7.0 0.23880493164062497 
20.888309523809525 3.0 0.080470703125 
16.465309523809523 8.0 0.23652685546875 
17.21897619047619 6.0 0.21961328124999996 
18.629809523809524 6.0 0.130030517578125 
16.890309523809524 7.0 0.215507080078125 
21.087666666666667 5.0 0.066049560546875 
17.400309523809526 6.0 0.1883125 
20.97266666666667 4.0 0.067481689453125 
16.676499999999997 7.0 0.23187646484375 
18.47047619047619 6.0 0.139709228515625 
16.800428571428572 8.0 0.21505419921874996 
20.788666666666668 4.0 0.07372387695312499 
16.758642857142856 8.0 0.21895654296874997 
16.58697619047619 7.0 0.23391210937499998 
15.214499999999997 9.0 0.327717041015625 
15.97697619047619 7.0 0.33346020507812496 
16.238500000000002 10.0 0.25509423828124994 
15.614499999999998 8.0 0.30531933593749994 
21.880000000000003 3.0 0.05007348632812499 
15.958880952380952 10.0 0.28421728515625 
15.801166666666665 9.0 0.30071337890624994 
15.42945238095238 10.0 0.320511962890625 
16.088785714285713 8.0 0.276020751953125 
16.581166666666665 6.0 0.309149658203125 
15.829261904761907 9.0 0.290009033203125 
17.85009523809524 7.0 0.16113989257812497 
16.51683333333333 9.0 0.232696533203125 
15.938785714285714 8.0 0.29793676757812493 
18.905142857142856 6.0 0.12285083007812499 
23.087000000000003 2.0 0.034789794921875006 
19.697809523809525 4.0 0.101553955078125 
15.988785714285717 9.0 0.265177490234375 
15.522119047619048 9.0 0.32431665039062496 
23.94771428571429 2.0 0.029221435546874997 
23.411571428571428 2.0 0.030716308593750002 
23.76657142857143 2.0 0.029236572265625003 
17.104499999999998 6.0 0.242465087890625 
19.96066666666667 4.0 0.09361840820312499 
25.259571428571427 2.0 0.023945556640625 
20.512666666666668 4.0 0.079319580078125 
16.33664285714286 9.0 0.24537158203124995 
19.165142857142857 6.0 0.11491528320312498 
18.033428571428573 7.0 0.15663916015624998 
20.709809523809525 4.0 0.075417236328125 
15.722785714285715 9.0 0.30138110351562497 
16.20211904761905 9.0 0.2594697265625 
16.400214285714288 8.0 0.251270751953125 
17.12592857142857 6.0 0.227660400390625 
24.523904761904763 2.0 0.026260009765625 
16.241166666666665 7.0 0.282821533203125 
20.656666666666666 5.0 0.07372387695312499 
20.319333333333333 5.0 0.08468481445312499 
16.404785714285715 7.0 0.263536376953125 
17.15304761904762 8.0 0.200148193359375 
17.083547619047618 7.0 0.201043212890625 
18.623809523809523 5.0 0.130837890625 
18.295809523809524 7.0 0.143926025390625 
17.741261904761906 6.0 0.16973510742187498 
20.80795238095238 3.0 0.08095849609375 
17.214214285714284 7.0 0.189715087890625 
17.435714285714283 7.0 0.17798510742187498 
17.32554761904762 7.0 0.183361328125 
19.512666666666668 5.0 0.10167504882812499 
23.208714285714287 2.0 0.031708251953125 
24.62390476190476 2.0 0.026033203124999998 
19.97266666666667 5.0 0.08983715820312499 
17.25792857142857 7.0 0.18687670898437497 
18.220309523809526 6.0 0.14743823242187498 
17.618214285714284 7.0 0.17617065429687498 
19.67295238095238 5.0 0.10056201171875001 
20.893333333333334 5.0 0.069677001953125 
18.06497619047619 6.0 0.154963623046875 
19.249809523809525 5.0 0.109610595703125 
21.2 4.0 0.06255786132812499 
20.341809523809523 4.0 0.083473876953125 
19.50297619047619 4.0 0.124885009765625 
19.22647619047619 5.0 0.11349926757812501 
20.11847619047619 4.0 0.091264892578125 
23.96604761904762 2.0 0.028504882812500004 
20.569142857142857 5.0 0.078550048828125 
23.663714285714285 2.0 0.030228515624999997 
24.13704761904762 2.0 0.028032226562499995 
18.585809523809523 6.0 0.134146484375 
20.47266666666667 5.0 0.079966064453125 
19.065809523809527 5.0 0.115852783203125 
24.45290476190476 2.0 0.026732666015625007 
20.26247619047619 5.0 0.085669189453125 
24.807904761904762 2.0 0.0252529296875 
18.11047619047619 6.0 0.151655029296875 
17.992380952380948 7.0 0.157067138671875 
21.00747619047619 3.0 0.074831298828125 
19.709809523809525 5.0 0.09777270507812501 
23.49271428571429 2.0 0.030701171875 
19.14666666666667 5.0 0.114966796875 
19.82866666666667 5.0 0.09361840820312499 
17.69904761904762 7.0 0.167526123046875 
24.23990476190476 2.0 0.027040283203125005 
17.888976190476193 6.0 0.161205810546875 
19.80247619047619 5.0 0.097507080078125 
22.740714285714287 2.0 0.039755615234375 
23.84771428571429 2.0 0.029221435546875 
17.788476190476192 6.0 0.168440673828125 
