20.28666666666667 6.0 0.08556176757812499 
22.335 2.0 0.042954345703124994 
20.952666666666666 3.0 0.096626220703125 
20.02580952380952 5.0 0.089716064453125 
20.841333333333335 4.0 0.071491455078125 
21.275333333333332 4.0 0.062177001953125 
20.449809523809527 4.0 0.083352783203125 
25.259571428571427 2.0 0.023945556640625 
21.256 3.0 0.06425122070312499 
22.803000000000004 2.0 0.035796875000000006 
22.314190476190475 3.0 0.04597094726562499 
25.381238095238093 1.0 0.023945556640624997 
19.28447619047619 4.0 0.140857421875 
20.503333333333334 5.0 0.07844262695312501 
18.67659523809524 6.0 0.137319580078125 
19.371142857142857 4.0 0.137817626953125 
20.976 3.0 0.077932861328125 
23.76657142857143 2.0 0.029236572265625003 
19.881809523809526 4.0 0.095311767578125 
19.54247619047619 5.0 0.10544262695312501 
22.550857142857144 3.0 0.041924072265625 
19.437809523809527 4.0 0.10948950195312498 
24.97557142857143 2.0 0.02495263671875 
23.208714285714287 2.0 0.031708251953125 
19.065809523809527 5.0 0.115852783203125 
21.279333333333334 3.0 0.060362548828124994 
20.480666666666668 6.0 0.07996606445312499 
20.795142857142856 3.0 0.10940161132812501 
21.2 4.0 0.06255786132812499 
21.00747619047619 3.0 0.074831298828125 
20.604666666666667 4.0 0.07553833007812501 
22.439 3.0 0.04203906250000001 
21.512 4.0 0.05813012695312499 
20.14466666666667 4.0 0.087376220703125 
21.516000000000002 3.0 0.05631567382812499 
21.971000000000004 3.0 0.049196533203125 
19.32866666666667 5.0 0.107917236328125 
20.96333333333333 4.0 0.066604736328125 
20.24047619047619 5.0 0.086378173828125 
22.740714285714287 2.0 0.038865722656250004 
19.82866666666667 5.0 0.09361840820312499 
19.443666666666665 6.0 0.10648510742187497 
22.681333333333335 3.0 0.03841162109375 
18.407142857142855 6.0 0.147721923828125 
22.098333333333336 2.0 0.047001220703125 
20.512666666666668 4.0 0.079319580078125 
21.643333333333334 3.0 0.054120361328125 
22.082857142857144 3.0 0.04908154296875 
24.907904761904764 2.0 0.025252929687499998 
17.74395238095238 9.0 0.24318920898437502 
19.621809523809524 4.0 0.103247314453125 
18.764095238095237 5.0 0.125481689453125 
18.474809523809522 7.0 0.133608154296875 
20.396666666666665 5.0 0.081659423828125 
21.482190476190475 3.0 0.05937060546874999 
18.19647619047619 6.0 0.19150708007812497 
22.317333333333334 4.0 0.044653808593750004 
19.765809523809523 5.0 0.09765161132812501 
19.305809523809526 5.0 0.10948950195312498 
21.758333333333333 4.0 0.052688232421874995 
22.301190476190477 2.0 0.04600927734375 
20.535000000000004 6.0 0.076338623046875 
20.84166666666667 5.0 0.06921948242187499 
23.158000000000005 2.0 0.034317138671875004 
20.072 6.0 0.088899658203125 
21.157666666666668 4.0 0.062977294921875 
18.944142857142857 6.0 0.11846752929687498 
19.444142857142857 6.0 0.104168701171875 
21.097333333333335 3.0 0.068419189453125 
20.00447619047619 4.0 0.09443481445312499 
20.96366666666667 3.0 0.08446606445312499 
17.907809523809526 7.0 0.169456298828125 
19.394309523809525 4.0 0.12553637695312497 
18.318476190476193 7.0 0.15625244140624997 
19.819333333333333 5.0 0.09455590820312501 
20.013666666666666 6.0 0.08911401367187499 
20.427999999999997 4.0 0.08414575195312499 
18.930476190476192 5.0 0.12472583007812502 
24.523904761904763 2.0 0.026260009765625 
22.566333333333336 2.0 0.03984375 
19.744476190476192 4.0 0.102370361328125 
19.566809523809525 6.0 0.10329174804687499 
20.779333333333334 5.0 0.072846923828125 
18.30447619047619 6.0 0.15799023437499998 
18.93847619047619 6.0 0.12371875000000002 
20.911333333333335 4.0 0.068419189453125 
20.411333333333335 5.0 0.080903564453125 
17.823476190476192 6.0 0.21624414062500003 
