18.767380952380954 6.0 0.19886767578124998 
19.778714285714287 8.0 0.13345776367187498 
19.91352380952381 7.0 0.124085205078125 
20.296190476190475 6.0 0.11389306640625 
20.377666666666663 7.0 0.099468994140625 
20.392833333333332 4.0 0.11803076171875 
20.488190476190475 5.0 0.10765087890624998 
20.874833333333335 6.0 0.09094677734375 
21.20019047619048 7.0 0.08183862304687499 
20.86716666666667 3.0 0.12784960937499998 
20.918166666666668 5.0 0.08797119140625001 
21.393 6.0 0.076373779296875 
21.636333333333333 4.0 0.10715454101562498 
21.896904761904764 3.0 0.082782470703125 
22.449333333333335 3.0 0.05769091796875 
22.759571428571427 3.0 0.044115966796875 
23.176904761904762 3.0 0.0390087890625 
23.298571428571428 2.0 0.03639404296875 
23.866571428571426 2.0 0.029236572265625 
25.381238095238093 1.0 0.023945556640624997 
19.09452380952381 6.0 0.17801782226562501 
20.408166666666666 3.0 0.198175048828125 
20.12757142857143 4.0 0.15313085937499998 
20.268238095238097 5.0 0.148849609375 
20.852023809523807 3.0 0.17597753906250002 
22.075714285714287 6.0 0.06515698242187498 
22.927904761904763 2.0 0.109234619140625 
18.156333333333333 6.0 0.280749267578125 
17.79197619047619 7.0 0.23665966796875 
18.203309523809526 9.0 0.19628662109375 
18.565809523809527 7.0 0.1664541015625 
18.777476190476186 8.0 0.1583603515625 
19.19480952380952 5.0 0.1843857421875 
19.22528571428571 6.0 0.136423095703125 
19.943 5.0 0.15900048828125 
20.25547619047619 8.0 0.112311767578125 
21.439642857142857 5.0 0.07919433593749999 
23.234571428571428 2.0 0.099720947265625 
25.097238095238094 2.0 0.024725830078125 
18.703238095238095 6.0 0.272934814453125 
19.71247619047619 4.0 0.237806884765625 
20.216666666666665 5.0 0.15121411132812498 
