25.381238095238093 1.0 0.023945556640624997 
24.45290476190476 2.0 0.026732666015625007 
22.439 3.0 0.04203906250000001 
24.23990476190476 2.0 0.027040283203125005 
23.49271428571429 2.0 0.030701171875 
23.087000000000003 2.0 0.034789794921875006 
21.971000000000004 3.0 0.049196533203125 
24.168904761904763 2.0 0.027512939453125003 
22.335 2.0 0.042954345703124994 
23.88490476190476 2.0 0.028520019531250003 
20.937476190476193 3.0 0.07790356445312499 
24.77271428571429 2.0 0.0257177734375 
22.202333333333335 3.0 0.0460859375 
22.803000000000004 2.0 0.035796875000000006 
20.96366666666667 3.0 0.07401489257812499 
24.807904761904762 2.0 0.0252529296875 
22.098333333333336 2.0 0.047001220703125 
22.213333333333335 3.0 0.045569091796874996 
20.512666666666668 4.0 0.079319580078125 
24.97557142857143 2.0 0.024725830078125 
20.393809523809523 5.0 0.081659423828125 
22.566333333333336 2.0 0.03984375 
23.005857142857145 2.0 0.034804931640625 
19.82866666666667 5.0 0.09361840820312499 
21.148000000000003 4.0 0.064372314453125 
20.14466666666667 4.0 0.087376220703125 
20.657000000000004 3.0 0.091585205078125 
23.84771428571429 2.0 0.029221435546875 
25.259571428571427 2.0 0.023945556640625 
21.643333333333334 3.0 0.054120361328125 
22.537857142857142 2.0 0.04196240234375 
20.451333333333334 4.0 0.080257080078125 
20.135333333333335 5.0 0.08649926757812501 
21.516000000000002 3.0 0.05631567382812499 
23.96604761904762 2.0 0.028504882812500004 
20.80795238095238 3.0 0.08095849609375 
24.69157142857143 2.0 0.02573291015625 
22.740714285714287 2.0 0.038865722656250004 
24.321047619047622 2.0 0.027025146484375002 
20.656666666666666 5.0 0.07372387695312499 
20.11847619047619 4.0 0.091264892578125 
21.279333333333334 3.0 0.060362548828124994 
23.411571428571428 2.0 0.030716308593750002 
22.348000000000003 3.0 0.042916015625000005 
24.03704761904762 2.0 0.028032226562500002 
22.111333333333334 3.0 0.046962890624999996 
21.275333333333332 4.0 0.062177001953125 
19.565809523809527 5.0 0.101553955078125 
20.841333333333335 4.0 0.071491455078125 
22.082857142857144 3.0 0.04908154296875 
20.39414285714286 3.0 0.099520751953125 
20.065333333333335 5.0 0.089571533203125 
21.734333333333336 3.0 0.053243408203124995 
19.881809523809526 4.0 0.095311767578125 
20.595333333333333 5.0 0.074661376953125 
19.80247619047619 5.0 0.097507080078125 
19.575142857142858 4.0 0.11288208007812499 
20.911333333333335 4.0 0.068419189453125 
21.846190476190475 3.0 0.053128417968749994 
21.512 4.0 0.05813012695312499 
23.56371428571429 2.0 0.030228515625000008 
20.832 5.0 0.07061450195312499 
22.550857142857144 3.0 0.041924072265625 
20.196666666666665 5.0 0.08556176757812499 
21.880000000000003 3.0 0.05007348632812499 
19.933809523809522 5.0 0.093497314453125 
23.76657142857143 2.0 0.029236572265625003 
20.819333333333333 4.0 0.072200439453125 
20.341809523809523 4.0 0.083473876953125 
22.301190476190477 2.0 0.04600927734375 
23.208714285714287 2.0 0.031708251953125 
23.68204761904762 2.0 0.029511962890625004 
20.700809523809525 3.0 0.081950439453125 
20.288666666666664 5.0 0.08178051757812499 
20.02580952380952 5.0 0.089716064453125 
20.96333333333333 4.0 0.066604736328125 
22.972047619047622 2.0 0.035755126953125 
21.984 3.0 0.04915820312500001 
24.523904761904763 2.0 0.026033203125000005 
23.158000000000005 2.0 0.034317138671875004 
21.2 4.0 0.06255786132812499 
20.381333333333334 4.0 0.083329345703125 
20.267333333333333 4.0 0.086499267578125 
21.394333333333332 4.0 0.058930419921875 
20.411333333333335 5.0 0.08012329101562501 
21.157666666666668 4.0 0.062977294921875 
22.226333333333336 4.0 0.04553076171875 
21.849333333333334 4.0 0.05181127929687499 
21.019333333333332 3.0 0.06829809570312499 
22.080666666666666 4.0 0.04870068359375 
22.681333333333335 3.0 0.03841162109375 
20.78966666666667 5.0 0.071033935546875 
20.167 6.0 0.084395263671875 
19.95133333333333 5.0 0.09274145507812499 
20.84166666666667 5.0 0.06921948242187499 
23.08704761904762 3.0 0.034322998046875 
20.483 5.0 0.07815307617187499 
20.77166666666667 6.0 0.07229174804687499 
19.96066666666667 4.0 0.09361840820312499 
20.04266666666667 4.0 0.092838134765625 
20.104666666666667 5.0 0.088022705078125 
21.10333333333333 4.0 0.06582446289062499 
20.535000000000004 6.0 0.076338623046875 
19.657333333333334 4.0 0.111188720703125 
19.700666666666667 4.0 0.101553955078125 
19.644666666666666 5.0 0.099860595703125 
21.758333333333333 4.0 0.052688232421874995 
20.473666666666666 6.0 0.07727612304687499 
19.538 4.0 0.13732153320312498 
20.013666666666666 6.0 0.08911401367187499 
20.604666666666667 4.0 0.07553833007812501 
19.707 6.0 0.096233154296875 
22.317333333333334 4.0 0.044653808593750004 
21.61266666666667 4.0 0.055858154296875 
21.222190476190477 3.0 0.06730615234375 
20.71033333333333 6.0 0.073229248046875 
19.384666666666664 5.0 0.107796142578125 
24.488714285714288 2.0 0.026724853515625 
20.815333333333335 4.0 0.07401489257812499 
20.647333333333336 4.0 0.074661376953125 
19.512666666666668 5.0 0.10167504882812499 
20.279333333333334 5.0 0.082718017578125 
19.97266666666667 5.0 0.08983715820312499 
21.270333333333333 3.0 0.066895751953125 
19.749333333333333 5.0 0.097628173828125 
20.525333333333332 5.0 0.077733642578125 
21.482190476190475 3.0 0.05937060546874999 
21.747333333333337 3.0 0.05320507812499999 
19.819333333333333 5.0 0.09455590820312501 
20.884 4.0 0.07061450195312499 
20.087666666666667 6.0 0.08840502929687499 
19.69766666666667 6.0 0.09717065429687499 
19.635333333333335 5.0 0.10079809570312499 
20.381666666666668 6.0 0.08105737304687499 
19.943666666666665 6.0 0.09218627929687499 
20.47266666666667 5.0 0.07918579101562499 
21.078333333333333 5.0 0.065172607421875 
19.391000000000002 6.0 0.104289794921875 
19.249809523809525 5.0 0.109610595703125 
19.90414285714286 6.0 0.092330810546875 
19.070761904761902 5.0 0.118362548828125 
19.09766666666667 7.0 0.11474877929687499 
18.94909523809524 6.0 0.12097729492187499 
20.403666666666666 6.0 0.08034838867187499 
19.32866666666667 5.0 0.107917236328125 
21.625666666666667 4.0 0.05581982421875 
18.764095238095237 5.0 0.125481689453125 
19.08009523809524 5.0 0.11742504882812499 
