22.032 4.0 0.04915820312500001 
18.648309523809523 6.0 0.14814257812499998 
18.315714285714286 8.0 0.16107470703125 
19.943666666666665 6.0 0.09218627929687499 
21.279333333333334 3.0 0.060362548828124994 
22.098333333333336 2.0 0.047001220703125 
22.335 2.0 0.042954345703124994 
22.213333333333335 3.0 0.045569091796874996 
19.26014285714286 6.0 0.11041088867187498 
23.08704761904762 3.0 0.034322998046875 
19.756476190476192 4.0 0.10466235351562499 
23.56371428571429 2.0 0.030228515625000008 
22.803000000000004 2.0 0.035796875000000006 
20.341809523809523 4.0 0.083473876953125 
17.972428571428573 7.0 0.20565307617187498 
20.893333333333334 5.0 0.069677001953125 
21.20333333333333 3.0 0.067517822265625 
21.880000000000003 3.0 0.05007348632812499 
20.71033333333333 6.0 0.073229248046875 
18.681809523809527 5.0 0.188842041015625 
22.753714285714288 3.0 0.038827392578124995 
18.664809523809524 7.0 0.13942919921874997 
21.148000000000003 4.0 0.064372314453125 
19.67447619047619 4.0 0.10544262695312498 
19.305809523809526 5.0 0.10948950195312498 
21.512 4.0 0.05813012695312499 
21.016333333333336 3.0 0.076210205078125 
19.551809523809524 4.0 0.11677075195312499 
18.253476190476192 6.0 0.19365307617187497 
20.023000000000003 5.0 0.08999096679687499 
21.394333333333332 4.0 0.058930419921875 
22.301190476190477 2.0 0.04600927734375 
25.381238095238093 1.0 0.023945556640624997 
20.167 6.0 0.084395263671875 
20.911333333333335 4.0 0.068419189453125 
21.087666666666667 5.0 0.066049560546875 
21.516000000000002 3.0 0.05631567382812499 
22.317333333333334 4.0 0.044653808593750004 
21.862333333333332 4.0 0.051772949218749996 
22.550857142857144 3.0 0.041924072265625 
20.065333333333335 5.0 0.089571533203125 
19.96066666666667 4.0 0.09361840820312499 
21.846190476190475 3.0 0.053128417968749994 
22.972047619047622 2.0 0.035755126953125 
19.65266666666667 6.0 0.09986059570312499 
24.69157142857143 2.0 0.02573291015625 
19.512666666666668 5.0 0.10167504882812499 
21.971000000000004 3.0 0.049196533203125 
20.535000000000004 6.0 0.076338623046875 
20.483 5.0 0.07815307617187499 
22.50404761904762 2.0 0.042912597656249996 
20.42066666666667 4.0 0.08178051757812499 
18.978666666666665 6.0 0.124030517578125 
18.738309523809527 7.0 0.1352138671875 
19.48114285714286 5.0 0.10778320312499998 
19.165142857142857 6.0 0.11402539062499999 
19.070285714285713 5.0 0.12296630859374999 
19.630976190476193 4.0 0.11103833007812498 
24.97557142857143 2.0 0.024725830078125 
21.200333333333337 3.0 0.069968017578125 
20.267333333333333 4.0 0.086499267578125 
20.403666666666666 6.0 0.08034838867187499 
20.727333333333334 4.0 0.074661376953125 
22.566333333333336 2.0 0.03984375 
21.2 4.0 0.06255786132812499 
23.005857142857145 2.0 0.034804931640625 
20.656666666666666 5.0 0.07372387695312499 
20.451333333333334 4.0 0.080257080078125 
20.196666666666665 5.0 0.08556176757812499 
22.348000000000003 3.0 0.042916015625000005 
23.84771428571429 2.0 0.029221435546875 
21.758333333333333 4.0 0.052688232421874995 
19.881809523809526 4.0 0.095311767578125 
25.359571428571428 2.0 0.023945556640624997 
19.211999999999996 4.0 0.17638403320312498 
21.14766666666667 3.0 0.072200439453125 
18.76247619047619 5.0 0.133423095703125 
20.762333333333334 5.0 0.073229248046875 
20.516809523809524 3.0 0.08819262695312499 
20.700809523809525 3.0 0.081950439453125 
19.634333333333334 7.0 0.09957104492187499 
20.96333333333333 4.0 0.066604736328125 
20.135333333333335 5.0 0.08649926757812501 
23.49271428571429 2.0 0.030701171875 
18.749809523809525 5.0 0.173112548828125 
19.709809523809525 5.0 0.09777270507812501 
20.419333333333334 6.0 0.080123291015625 
19.025333333333332 5.0 0.12548754882812502 
19.84947619047619 4.0 0.10066406249999997 
20.937476190476193 3.0 0.07790356445312499 
21.747333333333337 3.0 0.05320507812499999 
19.32866666666667 5.0 0.107917236328125 
19.575142857142858 4.0 0.11288208007812499 
20.012666666666668 5.0 0.091803955078125 
20.604666666666667 4.0 0.07553833007812501 
