Algorithm      Metric         Mean_time      Solutions      GD             IGD            HV             S              STE            

NSGA2          minimum        1.2980556332   100.0000000000 0.4771746140   0.4122368070   0.5224350498   0.0040119887   0.0000309688   
               maximum        1.7549138794   100.0000000000 0.5204226507   0.4381661964   0.5450110745   0.0072771008   0.0000842586   
               mean           1.5851495141   100.0000000000 0.4972270322   0.4270521804   0.5363896582   0.0052975245   0.0000503339   
               variance       0.0210739931   0.0000000000   0.0001186069   0.0000584665   0.0000510806   0.0000009705   0.0000000002   

NSGA3          minimum        1.3226057337   69.0000000000  0.4014557244   0.3816791792   0.5357320839   0.0030181928   0.0000408624   
               maximum        1.6196629749   90.0000000000  0.4589130067   0.4195996832   0.5660557038   0.0064745981   0.0001525899   
               mean           1.4523511985   78.9000000000  0.4221940869   0.3986028729   0.5488503229   0.0039050400   0.0000626600   
               variance       0.0070711739   30.0900000000  0.0002487297   0.0001032082   0.0000867216   0.0000009303   0.0000000010   

UNSGA3         minimum        1.1929641106   75.0000000000  0.3939904371   0.3746704055   0.5282987625   0.0026927458   0.0000387895   
               maximum        1.6312384171   97.0000000000  0.4491227873   0.4197776451   0.5709577929   0.0053575659   0.0001006535   
               mean           1.4115909261   84.7000000000  0.4226513676   0.3967856351   0.5492227893   0.0038895926   0.0000616954   
               variance       0.0283410594   34.6100000000  0.0003159558   0.0001720204   0.0001750287   0.0000004749   0.0000000003   

CTAEA          minimum        2.1889414673   153.0000000000 0.3932356542   0.3722480918   0.5643812637   0.0031377433   0.0000346830   
               maximum        2.8213582111   153.0000000000 0.4177627251   0.3969006244   0.5868363889   0.0111861526   0.0002355563   
               mean           2.5330059904   153.0000000000 0.4036329988   0.3807873511   0.5778231527   0.0060145920   0.0000919524   
               variance       0.0290990594   0.0000000000   0.0000611861   0.0000590483   0.0000478707   0.0000038746   0.0000000026   

SMSEMOA        minimum        1.6692291005   100.0000000000 0.4326961232   0.3937021336   0.5346023596   0.0033432509   0.0000372826   
               maximum        2.3575842412   100.0000000000 0.4746068053   0.4200271919   0.5644384060   0.0059669811   0.0000837995   
               mean           1.9749415613   100.0000000000 0.4496718914   0.4041788941   0.5505659957   0.0045728294   0.0000597361   
               variance       0.0386061808   0.0000000000   0.0001881317   0.0000975997   0.0001081810   0.0000006713   0.0000000002   

RVEA           minimum        2.6236964171   153.0000000000 0.4247106513   0.3931310500   0.5397501133   0.0073823310   0.0000981897   
               maximum        2.9217849497   153.0000000000 0.4436688309   0.4065921169   0.5556177626   0.0206791244   0.0006124710   
               mean           2.8259745035   153.0000000000 0.4316349847   0.4005459902   0.5477533852   0.0143054707   0.0003421803   
               variance       0.0110502402   0.0000000000   0.0000352526   0.0000221500   0.0000399396   0.0000127449   0.0000000195   
