Algorithm      Metric         Mean_time      Solutions      GD             IGD            HV             S              STE            

P100           minimum        1.2980556332   100.0000000000 0.4771746140   0.4122368070   0.5224350498   0.0040119887   0.0000309688   
               maximum        1.7549138794   100.0000000000 0.5204226507   0.4381661964   0.5450110745   0.0072771008   0.0000842586   
               mean           1.5851495141   100.0000000000 0.4972270322   0.4270521804   0.5363896582   0.0052975245   0.0000503339   
               variance       0.0210739931   0.0000000000   0.0001186069   0.0000584665   0.0000510806   0.0000009705   0.0000000002   

P150           minimum        2.2315833216   150.0000000000 0.4647089305   0.3989126502   0.5404329327   0.0033747149   0.0000202594   
               maximum        2.7343251960   150.0000000000 0.4913309319   0.4227121227   0.5670020055   0.0056257439   0.0000604609   
               mean           2.4946903824   150.0000000000 0.4787837076   0.4114380881   0.5527586284   0.0042486900   0.0000343140   
               variance       0.0201313911   0.0000000000   0.0000571611   0.0000577951   0.0000594297   0.0000005916   0.0000000002   

P200           minimum        2.9758338945   200.0000000000 0.4513941370   0.3907172931   0.5576859755   0.0038578461   0.0000268257   
               maximum        3.6294048693   200.0000000000 0.4932912265   0.4053099162   0.5799958717   0.0048044709   0.0000403914   
               mean           3.3697019658   200.0000000000 0.4679621730   0.3967330135   0.5707993087   0.0043334094   0.0000333084   
               variance       0.0477226485   0.0000000000   0.0001322881   0.0000158951   0.0000689594   0.0000001028   0.0000000000   

P250           minimum        3.7787954171   250.0000000000 0.4351283040   0.3799781901   0.5666618419   0.0029444236   0.0000154131   
               maximum        4.7367929045   250.0000000000 0.4799568147   0.3999759875   0.5926852030   0.0045829874   0.0000362198   
               mean           4.3968985452   250.0000000000 0.4595097438   0.3882116082   0.5791907253   0.0037546342   0.0000251254   
               variance       0.0657648285   0.0000000000   0.0001904065   0.0000474689   0.0000632171   0.0000002244   0.0000000000   

P300           minimum        5.0702165327   300.0000000000 0.4349860155   0.3635444038   0.5789819182   0.0026767870   0.0000149264   
               maximum        6.1005989045   300.0000000000 0.4648986166   0.3869275393   0.5985895786   0.0044988586   0.0000353041   
               mean           5.5452983231   300.0000000000 0.4456197532   0.3763692269   0.5896232998   0.0035080863   0.0000229732   
               variance       0.0768204421   0.0000000000   0.0000986262   0.0000567928   0.0000366667   0.0000003239   0.0000000000   
