Algorithm      Metric         Mean_time      Solutions      GD             IGD            HV             S              STE            

P100           minimum        2.6236964171   153.0000000000 0.4247106513   0.3931310500   0.5397501133   0.0073823310   0.0000981897   
               maximum        2.9217849497   153.0000000000 0.4436688309   0.4065921169   0.5556177626   0.0206791244   0.0006124710   
               mean           2.8259745035   153.0000000000 0.4316349847   0.4005459902   0.5477533852   0.0143054707   0.0003421803   
               variance       0.0110502402   0.0000000000   0.0000352526   0.0000221500   0.0000399396   0.0000127449   0.0000000195   

P150           minimum        2.1696758392   153.0000000000 0.4247106513   0.3931310500   0.5397501133   0.0073823310   0.0000981897   
               maximum        3.0247902864   153.0000000000 0.4436688309   0.4065921169   0.5556177626   0.0206791244   0.0006124710   
               mean           2.5432420839   153.0000000000 0.4316349847   0.4005459902   0.5477533852   0.0143054707   0.0003421803   
               variance       0.0631195254   0.0000000000   0.0000352526   0.0000221500   0.0000399396   0.0000127449   0.0000000195   

P200           minimum        2.1459147387   153.0000000000 0.4247106513   0.3931310500   0.5397501133   0.0073823310   0.0000981897   
               maximum        2.7254018995   153.0000000000 0.4436688309   0.4065921169   0.5556177626   0.0206791244   0.0006124710   
               mean           2.5226681316   153.0000000000 0.4316349847   0.4005459902   0.5477533852   0.0143054707   0.0003421803   
               variance       0.0291633467   0.0000000000   0.0000352526   0.0000221500   0.0000399396   0.0000127449   0.0000000195   

P250           minimum        2.1118076131   153.0000000000 0.4247106513   0.3931310500   0.5397501133   0.0073823310   0.0000981897   
               maximum        2.7618002814   153.0000000000 0.4436688309   0.4065921169   0.5556177626   0.0206791244   0.0006124710   
               mean           2.5078075292   153.0000000000 0.4316349847   0.4005459902   0.5477533852   0.0143054707   0.0003421803   
               variance       0.0430250890   0.0000000000   0.0000352526   0.0000221500   0.0000399396   0.0000127449   0.0000000195   

P300           minimum        2.1044649246   153.0000000000 0.4247106513   0.3931310500   0.5397501133   0.0073823310   0.0000981897   
               maximum        2.8217803518   153.0000000000 0.4436688309   0.4065921169   0.5556177626   0.0206791244   0.0006124710   
               mean           2.4812713593   153.0000000000 0.4316349847   0.4005459902   0.5477533852   0.0143054707   0.0003421803   
               variance       0.0415129546   0.0000000000   0.0000352526   0.0000221500   0.0000399396   0.0000127449   0.0000000195   
