Algorithm      Metric         Mean_time      Solutions      GD             IGD            HV             S              STE            

NSGA2          minimum        2.9758338945   200.0000000000 0.4513941370   0.3907172931   0.5576859755   0.0038578461   0.0000268257   
               maximum        3.6294048693   200.0000000000 0.4932912265   0.4053099162   0.5799958717   0.0048044709   0.0000403914   
               mean           3.3697019658   200.0000000000 0.4679621730   0.3967330135   0.5707993087   0.0043334094   0.0000333084   
               variance       0.0477226485   0.0000000000   0.0001322881   0.0000158951   0.0000689594   0.0000001028   0.0000000000   

NSGA3          minimum        2.7508367739   89.0000000000  0.3852352414   0.3579492104   0.5724809592   0.0031404559   0.0000380446   
               maximum        3.2137608090   103.0000000000 0.4132584599   0.3796217806   0.5962299375   0.0054243224   0.0001045214   
               mean           3.0002002357   95.9000000000  0.3998722544   0.3719165963   0.5807008120   0.0040963970   0.0000607031   
               variance       0.0226472682   18.6900000000  0.0000592953   0.0000420620   0.0000500689   0.0000003976   0.0000000003   

UNSGA3         minimum        2.5718340402   85.0000000000  0.3873842422   0.3634568934   0.5618277342   0.0029387401   0.0000314603   
               maximum        3.3971548543   106.0000000000 0.4320704172   0.3952500189   0.5860681950   0.0074641182   0.0001546408   
               mean           2.9882903975   96.7000000000  0.4072944587   0.3773745792   0.5728779955   0.0041980886   0.0000625174   
               variance       0.0601259704   35.8100000000  0.0001512909   0.0000737655   0.0000575597   0.0000016346   0.0000000013   

CTAEA          minimum        2.2026916482   153.0000000000 0.3932356542   0.3722480918   0.5643812637   0.0031377433   0.0000346830   
               maximum        2.6513393518   153.0000000000 0.4177627251   0.3969006244   0.5868363889   0.0111861526   0.0002355563   
               mean           2.5186737015   153.0000000000 0.4036329988   0.3807873511   0.5778231527   0.0060145920   0.0000919524   
               variance       0.0143127312   0.0000000000   0.0000611861   0.0000590483   0.0000478707   0.0000038746   0.0000000026   

SMSEMOA        minimum        1.6372096683   100.0000000000 0.4326961232   0.3937021336   0.5346023596   0.0033432509   0.0000372826   
               maximum        2.3846790955   100.0000000000 0.4746068053   0.4200271919   0.5644384060   0.0059669811   0.0000837995   
               mean           1.9977164276   100.0000000000 0.4496718914   0.4041788941   0.5505659957   0.0045728294   0.0000597361   
               variance       0.0383573806   0.0000000000   0.0001881317   0.0000975997   0.0001081810   0.0000006713   0.0000000002   

RVEA           minimum        2.1459147387   153.0000000000 0.4247106513   0.3931310500   0.5397501133   0.0073823310   0.0000981897   
               maximum        2.7254018995   153.0000000000 0.4436688309   0.4065921169   0.5556177626   0.0206791244   0.0006124710   
               mean           2.5226681316   153.0000000000 0.4316349847   0.4005459902   0.5477533852   0.0143054707   0.0003421803   
               variance       0.0291633467   0.0000000000   0.0000352526   0.0000221500   0.0000399396   0.0000127449   0.0000000195   
