Algorithm      Metric         Mean_time      Solutions      GD             IGD            HV             S              STE            

P100           minimum        1.3226057337   69.0000000000  0.4014557244   0.3816791792   0.5357320839   0.0030181928   0.0000408624   
               maximum        1.6196629749   90.0000000000  0.4589130067   0.4195996832   0.5660557038   0.0064745981   0.0001525899   
               mean           1.4523511985   78.9000000000  0.4221940869   0.3986028729   0.5488503229   0.0039050400   0.0000626600   
               variance       0.0070711739   30.0900000000  0.0002487297   0.0001032082   0.0000867216   0.0000009303   0.0000000010   

P150           minimum        2.0177376131   85.0000000000  0.3956022838   0.3737135855   0.5577822342   0.0037313810   0.0000489856   
               maximum        2.4377428744   98.0000000000  0.4121727538   0.3898726718   0.5836286681   0.0051698503   0.0001021001   
               mean           2.2928527397   92.7000000000  0.4049898742   0.3800411910   0.5689872491   0.0043963419   0.0000724708   
               variance       0.0128370612   23.2100000000  0.0000293373   0.0000234762   0.0000496664   0.0000002521   0.0000000002   

P200           minimum        2.7508367739   89.0000000000  0.3852352414   0.3579492104   0.5724809592   0.0031404559   0.0000380446   
               maximum        3.2137608090   103.0000000000 0.4132584599   0.3796217806   0.5962299375   0.0054243224   0.0001045214   
               mean           3.0002002357   95.9000000000  0.3998722544   0.3719165963   0.5807008120   0.0040963970   0.0000607031   
               variance       0.0226472682   18.6900000000  0.0000592953   0.0000420620   0.0000500689   0.0000003976   0.0000000003   

P250           minimum        3.0187920050   90.0000000000  0.3877543874   0.3590128007   0.5689815160   0.0029372420   0.0000322289   
               maximum        4.2763254573   104.0000000000 0.4113674700   0.3829396281   0.6012990641   0.0053222937   0.0000933827   
               mean           3.7641614879   98.2000000000  0.3939492425   0.3644961373   0.5890133931   0.0042658950   0.0000591348   
               variance       0.1325264433   12.7600000000  0.0000494089   0.0000445447   0.0000619224   0.0000005731   0.0000000003   

P300           minimum        4.2848106332   91.0000000000  0.3731812966   0.3472386904   0.5807605428   0.0026033474   0.0000254504   
               maximum        5.0904003769   104.0000000000 0.4002874873   0.3703488800   0.6111351367   0.0057322824   0.0001060732   
               mean           4.7143069312   99.6000000000  0.3880661609   0.3601483090   0.5966628098   0.0042442890   0.0000607649   
               variance       0.0516124277   13.8400000000  0.0000718334   0.0000390277   0.0000654562   0.0000006485   0.0000000005   
