Algorithm      Metric         Mean_time      Solutions      GD             IGD            HV             S              STE            

P100           minimum        1.1929641106   75.0000000000  0.3939904371   0.3746704055   0.5282987625   0.0026927458   0.0000387895   
               maximum        1.6312384171   97.0000000000  0.4491227873   0.4197776451   0.5709577929   0.0053575659   0.0001006535   
               mean           1.4115909261   84.7000000000  0.4226513676   0.3967856351   0.5492227893   0.0038895926   0.0000616954   
               variance       0.0283410594   34.6100000000  0.0003159558   0.0001720204   0.0001750287   0.0000004749   0.0000000003   

P150           minimum        2.0120627186   76.0000000000  0.3965826409   0.3749441745   0.5596921944   0.0032267323   0.0000421554   
               maximum        2.4504367337   99.0000000000  0.4233272612   0.3891364782   0.5807833789   0.0061568566   0.0001434742   
               mean           2.2186499704   89.4000000000  0.4081944549   0.3814540081   0.5683844840   0.0040909960   0.0000636655   
               variance       0.0220001124   45.0400000000  0.0000638874   0.0000233330   0.0000635448   0.0000007862   0.0000000009   

P200           minimum        2.5718340402   85.0000000000  0.3873842422   0.3634568934   0.5618277342   0.0029387401   0.0000314603   
               maximum        3.3971548543   106.0000000000 0.4320704172   0.3952500189   0.5860681950   0.0074641182   0.0001546408   
               mean           2.9882903975   96.7000000000  0.4072944587   0.3773745792   0.5728779955   0.0041980886   0.0000625174   
               variance       0.0601259704   35.8100000000  0.0001512909   0.0000737655   0.0000575597   0.0000016346   0.0000000013   

P250           minimum        3.3518808794   93.0000000000  0.3820386154   0.3574116055   0.5803347853   0.0026238768   0.0000271239   
               maximum        4.4104342915   108.0000000000 0.4035594746   0.3704519452   0.5936506863   0.0065747946   0.0001541968   
               mean           3.7764117216   99.3000000000  0.3928678915   0.3649225213   0.5871806649   0.0038834183   0.0000560686   
               variance       0.0987895278   17.0100000000  0.0000368847   0.0000164779   0.0000234722   0.0000010600   0.0000000012   

P300           minimum        4.0694951508   89.0000000000  0.3752731277   0.3521339385   0.5855956664   0.0029331825   0.0000348656   
               maximum        5.2621793317   104.0000000000 0.3890652142   0.3639963080   0.6122173625   0.0088641709   0.0002442427   
               mean           4.7189732910   96.7000000000  0.3830046941   0.3575340227   0.5975969206   0.0043373861   0.0000712943   
               variance       0.1079935749   17.2100000000  0.0000198076   0.0000150796   0.0000518835   0.0000024774   0.0000000034   
