Algorithm      Metric         Mean_time      Solutions      GD             IGD            HV             S              STE            

NSGA2          minimum        2.2315833216   150.0000000000 0.4647089305   0.3989126502   0.5404329327   0.0033747149   0.0000202594   
               maximum        2.7343251960   150.0000000000 0.4913309319   0.4227121227   0.5670020055   0.0056257439   0.0000604609   
               mean           2.4946903824   150.0000000000 0.4787837076   0.4114380881   0.5527586284   0.0042486900   0.0000343140   
               variance       0.0201313911   0.0000000000   0.0000571611   0.0000577951   0.0000594297   0.0000005916   0.0000000002   

NSGA3          minimum        2.0177376131   85.0000000000  0.3956022838   0.3737135855   0.5577822342   0.0037313810   0.0000489856   
               maximum        2.4377428744   98.0000000000  0.4121727538   0.3898726718   0.5836286681   0.0051698503   0.0001021001   
               mean           2.2928527397   92.7000000000  0.4049898742   0.3800411910   0.5689872491   0.0043963419   0.0000724708   
               variance       0.0128370612   23.2100000000  0.0000293373   0.0000234762   0.0000496664   0.0000002521   0.0000000002   

UNSGA3         minimum        2.0120627186   76.0000000000  0.3965826409   0.3749441745   0.5596921944   0.0032267323   0.0000421554   
               maximum        2.4504367337   99.0000000000  0.4233272612   0.3891364782   0.5807833789   0.0061568566   0.0001434742   
               mean           2.2186499704   89.4000000000  0.4081944549   0.3814540081   0.5683844840   0.0040909960   0.0000636655   
               variance       0.0220001124   45.0400000000  0.0000638874   0.0000233330   0.0000635448   0.0000007862   0.0000000009   

CTAEA          minimum        2.3277341658   153.0000000000 0.3932356542   0.3722480918   0.5643812637   0.0031377433   0.0000346830   
               maximum        2.7597974623   153.0000000000 0.4177627251   0.3969006244   0.5868363889   0.0111861526   0.0002355563   
               mean           2.5377314844   153.0000000000 0.4036329988   0.3807873511   0.5778231527   0.0060145920   0.0000919524   
               variance       0.0219164683   0.0000000000   0.0000611861   0.0000590483   0.0000478707   0.0000038746   0.0000000026   

SMSEMOA        minimum        1.7811614271   100.0000000000 0.4326961232   0.3937021336   0.5346023596   0.0033432509   0.0000372826   
               maximum        2.2507687085   100.0000000000 0.4746068053   0.4200271919   0.5644384060   0.0059669811   0.0000837995   
               mean           2.0249941673   100.0000000000 0.4496718914   0.4041788941   0.5505659957   0.0045728294   0.0000597361   
               variance       0.0160859586   0.0000000000   0.0001881317   0.0000975997   0.0001081810   0.0000006713   0.0000000002   

RVEA           minimum        2.1696758392   153.0000000000 0.4247106513   0.3931310500   0.5397501133   0.0073823310   0.0000981897   
               maximum        3.0247902864   153.0000000000 0.4436688309   0.4065921169   0.5556177626   0.0206791244   0.0006124710   
               mean           2.5432420839   153.0000000000 0.4316349847   0.4005459902   0.5477533852   0.0143054707   0.0003421803   
               variance       0.0631195254   0.0000000000   0.0000352526   0.0000221500   0.0000399396   0.0000127449   0.0000000195   
