Algorithm      Metric         Mean_time      Solutions      GD             IGD            HV             S              STE            

P100           minimum        2.1889414673   153.0000000000 0.3932356542   0.3722480918   0.5643812637   0.0031377433   0.0000346830   
               maximum        2.8213582111   153.0000000000 0.4177627251   0.3969006244   0.5868363889   0.0111861526   0.0002355563   
               mean           2.5330059904   153.0000000000 0.4036329988   0.3807873511   0.5778231527   0.0060145920   0.0000919524   
               variance       0.0290990594   0.0000000000   0.0000611861   0.0000590483   0.0000478707   0.0000038746   0.0000000026   

P150           minimum        2.3277341658   153.0000000000 0.3932356542   0.3722480918   0.5643812637   0.0031377433   0.0000346830   
               maximum        2.7597974623   153.0000000000 0.4177627251   0.3969006244   0.5868363889   0.0111861526   0.0002355563   
               mean           2.5377314844   153.0000000000 0.4036329988   0.3807873511   0.5778231527   0.0060145920   0.0000919524   
               variance       0.0219164683   0.0000000000   0.0000611861   0.0000590483   0.0000478707   0.0000038746   0.0000000026   

P200           minimum        2.2026916482   153.0000000000 0.3932356542   0.3722480918   0.5643812637   0.0031377433   0.0000346830   
               maximum        2.6513393518   153.0000000000 0.4177627251   0.3969006244   0.5868363889   0.0111861526   0.0002355563   
               mean           2.5186737015   153.0000000000 0.4036329988   0.3807873511   0.5778231527   0.0060145920   0.0000919524   
               variance       0.0143127312   0.0000000000   0.0000611861   0.0000590483   0.0000478707   0.0000038746   0.0000000026   

P250           minimum        2.1196598744   153.0000000000 0.3932356542   0.3722480918   0.5643812637   0.0031377433   0.0000346830   
               maximum        2.8962223467   153.0000000000 0.4177627251   0.3969006244   0.5868363889   0.0111861526   0.0002355563   
               mean           2.4948428387   153.0000000000 0.4036329988   0.3807873511   0.5778231527   0.0060145920   0.0000919524   
               variance       0.0492488560   0.0000000000   0.0000611861   0.0000590483   0.0000478707   0.0000038746   0.0000000026   

P300           minimum        2.1829554925   153.0000000000 0.3932356542   0.3722480918   0.5643812637   0.0031377433   0.0000346830   
               maximum        2.6844730503   153.0000000000 0.4177627251   0.3969006244   0.5868363889   0.0111861526   0.0002355563   
               mean           2.4735368965   153.0000000000 0.4036329988   0.3807873511   0.5778231527   0.0060145920   0.0000919524   
               variance       0.0276645882   0.0000000000   0.0000611861   0.0000590483   0.0000478707   0.0000038746   0.0000000026   
