Algorithm      Metric         Mean_time      Solutions      GD             IGD            HV             S              STE            

NSGA2          minimum        5.0702165327   300.0000000000 0.4349860155   0.3635444038   0.5789819182   0.0026767870   0.0000149264   
               maximum        6.1005989045   300.0000000000 0.4648986166   0.3869275393   0.5985895786   0.0044988586   0.0000353041   
               mean           5.5452983231   300.0000000000 0.4456197532   0.3763692269   0.5896232998   0.0035080863   0.0000229732   
               variance       0.0768204421   0.0000000000   0.0000986262   0.0000567928   0.0000366667   0.0000003239   0.0000000000   

NSGA3          minimum        4.2848106332   91.0000000000  0.3731812966   0.3472386904   0.5807605428   0.0026033474   0.0000254504   
               maximum        5.0904003769   104.0000000000 0.4002874873   0.3703488800   0.6111351367   0.0057322824   0.0001060732   
               mean           4.7143069312   99.6000000000  0.3880661609   0.3601483090   0.5966628098   0.0042442890   0.0000607649   
               variance       0.0516124277   13.8400000000  0.0000718334   0.0000390277   0.0000654562   0.0000006485   0.0000000005   

UNSGA3         minimum        4.0694951508   89.0000000000  0.3752731277   0.3521339385   0.5855956664   0.0029331825   0.0000348656   
               maximum        5.2621793317   104.0000000000 0.3890652142   0.3639963080   0.6122173625   0.0088641709   0.0002442427   
               mean           4.7189732910   96.7000000000  0.3830046941   0.3575340227   0.5975969206   0.0043373861   0.0000712943   
               variance       0.1079935749   17.2100000000  0.0000198076   0.0000150796   0.0000518835   0.0000024774   0.0000000034   

CTAEA          minimum        2.1829554925   153.0000000000 0.3932356542   0.3722480918   0.5643812637   0.0031377433   0.0000346830   
               maximum        2.6844730503   153.0000000000 0.4177627251   0.3969006244   0.5868363889   0.0111861526   0.0002355563   
               mean           2.4735368965   153.0000000000 0.4036329988   0.3807873511   0.5778231527   0.0060145920   0.0000919524   
               variance       0.0276645882   0.0000000000   0.0000611861   0.0000590483   0.0000478707   0.0000038746   0.0000000026   

SMSEMOA        minimum        1.6357283417   100.0000000000 0.4326961232   0.3937021336   0.5346023596   0.0033432509   0.0000372826   
               maximum        2.3662642211   100.0000000000 0.4746068053   0.4200271919   0.5644384060   0.0059669811   0.0000837995   
               mean           1.9497387317   100.0000000000 0.4496718914   0.4041788941   0.5505659957   0.0045728294   0.0000597361   
               variance       0.0526950892   0.0000000000   0.0001881317   0.0000975997   0.0001081810   0.0000006713   0.0000000002   

RVEA           minimum        2.1044649246   153.0000000000 0.4247106513   0.3931310500   0.5397501133   0.0073823310   0.0000981897   
               maximum        2.8217803518   153.0000000000 0.4436688309   0.4065921169   0.5556177626   0.0206791244   0.0006124710   
               mean           2.4812713593   153.0000000000 0.4316349847   0.4005459902   0.5477533852   0.0143054707   0.0003421803   
               variance       0.0415129546   0.0000000000   0.0000352526   0.0000221500   0.0000399396   0.0000127449   0.0000000195   
