Algorithm      Metric         Mean_time      Solutions      GD             IGD            HV             S              STE            

NSGA2          minimum        3.7787954171   250.0000000000 0.4351283040   0.3799781901   0.5666618419   0.0029444236   0.0000154131   
               maximum        4.7367929045   250.0000000000 0.4799568147   0.3999759875   0.5926852030   0.0045829874   0.0000362198   
               mean           4.3968985452   250.0000000000 0.4595097438   0.3882116082   0.5791907253   0.0037546342   0.0000251254   
               variance       0.0657648285   0.0000000000   0.0001904065   0.0000474689   0.0000632171   0.0000002244   0.0000000000   

NSGA3          minimum        3.0187920050   90.0000000000  0.3877543874   0.3590128007   0.5689815160   0.0029372420   0.0000322289   
               maximum        4.2763254573   104.0000000000 0.4113674700   0.3829396281   0.6012990641   0.0053222937   0.0000933827   
               mean           3.7641614879   98.2000000000  0.3939492425   0.3644961373   0.5890133931   0.0042658950   0.0000591348   
               variance       0.1325264433   12.7600000000  0.0000494089   0.0000445447   0.0000619224   0.0000005731   0.0000000003   

UNSGA3         minimum        3.3518808794   93.0000000000  0.3820386154   0.3574116055   0.5803347853   0.0026238768   0.0000271239   
               maximum        4.4104342915   108.0000000000 0.4035594746   0.3704519452   0.5936506863   0.0065747946   0.0001541968   
               mean           3.7764117216   99.3000000000  0.3928678915   0.3649225213   0.5871806649   0.0038834183   0.0000560686   
               variance       0.0987895278   17.0100000000  0.0000368847   0.0000164779   0.0000234722   0.0000010600   0.0000000012   

CTAEA          minimum        2.1196598744   153.0000000000 0.3932356542   0.3722480918   0.5643812637   0.0031377433   0.0000346830   
               maximum        2.8962223467   153.0000000000 0.4177627251   0.3969006244   0.5868363889   0.0111861526   0.0002355563   
               mean           2.4948428387   153.0000000000 0.4036329988   0.3807873511   0.5778231527   0.0060145920   0.0000919524   
               variance       0.0492488560   0.0000000000   0.0000611861   0.0000590483   0.0000478707   0.0000038746   0.0000000026   

SMSEMOA        minimum        1.6676717487   100.0000000000 0.4326961232   0.3937021336   0.5346023596   0.0033432509   0.0000372826   
               maximum        2.1825452513   100.0000000000 0.4746068053   0.4200271919   0.5644384060   0.0059669811   0.0000837995   
               mean           1.9596386528   100.0000000000 0.4496718914   0.4041788941   0.5505659957   0.0045728294   0.0000597361   
               variance       0.0260500097   0.0000000000   0.0001881317   0.0000975997   0.0001081810   0.0000006713   0.0000000002   

RVEA           minimum        2.1118076131   153.0000000000 0.4247106513   0.3931310500   0.5397501133   0.0073823310   0.0000981897   
               maximum        2.7618002814   153.0000000000 0.4436688309   0.4065921169   0.5556177626   0.0206791244   0.0006124710   
               mean           2.5078075292   153.0000000000 0.4316349847   0.4005459902   0.5477533852   0.0143054707   0.0003421803   
               variance       0.0430250890   0.0000000000   0.0000352526   0.0000221500   0.0000399396   0.0000127449   0.0000000195   
