Algorithm      Metric         Mean_time      Solutions      GD             IGD            HV             S              STE            

P100           minimum        1.6692291005   100.0000000000 0.4326961232   0.3937021336   0.5346023596   0.0033432509   0.0000372826   
               maximum        2.3575842412   100.0000000000 0.4746068053   0.4200271919   0.5644384060   0.0059669811   0.0000837995   
               mean           1.9749415613   100.0000000000 0.4496718914   0.4041788941   0.5505659957   0.0045728294   0.0000597361   
               variance       0.0386061808   0.0000000000   0.0001881317   0.0000975997   0.0001081810   0.0000006713   0.0000000002   

P150           minimum        1.7811614271   100.0000000000 0.4326961232   0.3937021336   0.5346023596   0.0033432509   0.0000372826   
               maximum        2.2507687085   100.0000000000 0.4746068053   0.4200271919   0.5644384060   0.0059669811   0.0000837995   
               mean           2.0249941673   100.0000000000 0.4496718914   0.4041788941   0.5505659957   0.0045728294   0.0000597361   
               variance       0.0160859586   0.0000000000   0.0001881317   0.0000975997   0.0001081810   0.0000006713   0.0000000002   

P200           minimum        1.6372096683   100.0000000000 0.4326961232   0.3937021336   0.5346023596   0.0033432509   0.0000372826   
               maximum        2.3846790955   100.0000000000 0.4746068053   0.4200271919   0.5644384060   0.0059669811   0.0000837995   
               mean           1.9977164276   100.0000000000 0.4496718914   0.4041788941   0.5505659957   0.0045728294   0.0000597361   
               variance       0.0383573806   0.0000000000   0.0001881317   0.0000975997   0.0001081810   0.0000006713   0.0000000002   

P250           minimum        1.6676717487   100.0000000000 0.4326961232   0.3937021336   0.5346023596   0.0033432509   0.0000372826   
               maximum        2.1825452513   100.0000000000 0.4746068053   0.4200271919   0.5644384060   0.0059669811   0.0000837995   
               mean           1.9596386528   100.0000000000 0.4496718914   0.4041788941   0.5505659957   0.0045728294   0.0000597361   
               variance       0.0260500097   0.0000000000   0.0001881317   0.0000975997   0.0001081810   0.0000006713   0.0000000002   

P300           minimum        1.6357283417   100.0000000000 0.4326961232   0.3937021336   0.5346023596   0.0033432509   0.0000372826   
               maximum        2.3662642211   100.0000000000 0.4746068053   0.4200271919   0.5644384060   0.0059669811   0.0000837995   
               mean           1.9497387317   100.0000000000 0.4496718914   0.4041788941   0.5505659957   0.0045728294   0.0000597361   
               variance       0.0526950892   0.0000000000   0.0001881317   0.0000975997   0.0001081810   0.0000006713   0.0000000002   
