1 43.33781428571427 38.0
1 45.63655952380953 37.0
2 43.33781428571427 38.0
2 44.713364285714285 36.0
2 44.04716428571428 37.0
3 43.33781428571427 38.0
3 44.713364285714285 36.0
3 44.04716428571428 37.0
3 43.060985714285714 39.0
4 42.84750476190476 37.0
4 43.73807857142857 36.0
5 42.84750476190476 37.0
5 43.73807857142857 36.0
6 41.97944761904761 35.0
6 44.63426666666667 34.0
7 41.97944761904761 35.0
7 44.63426666666667 34.0
8 41.97944761904761 35.0
8 44.63426666666667 34.0
9 41.97944761904761 35.0
9 44.63426666666667 34.0
10 41.97944761904761 35.0
10 44.63426666666667 34.0
11 41.97944761904761 35.0
11 44.63426666666667 34.0
12 41.97944761904761 35.0
12 44.63426666666667 34.0
13 41.97944761904761 35.0
13 44.63426666666667 34.0
14 41.97944761904761 35.0
14 44.63426666666667 34.0
15 41.97944761904761 35.0
15 43.56101428571428 34.0
16 41.97944761904761 35.0
16 43.56101428571428 34.0
17 41.97944761904761 35.0
17 43.56101428571428 34.0
18 41.97944761904761 35.0
18 43.172776190476185 33.0
19 41.97944761904761 35.0
19 43.172776190476185 33.0
20 41.97944761904761 35.0
20 43.172776190476185 33.0
21 41.97944761904761 35.0
21 43.172776190476185 33.0
21 41.79805476190476 39.0
22 41.97944761904761 35.0
22 43.172776190476185 33.0
22 41.79805476190476 39.0
22 42.582438095238096 34.0
23 41.97944761904761 35.0
23 43.172776190476185 33.0
23 42.582438095238096 34.0
23 41.57001904761904 37.0
24 41.97944761904761 35.0
24 43.172776190476185 33.0
24 42.582438095238096 34.0
24 41.57001904761904 37.0
25 41.97944761904761 35.0
25 43.172776190476185 33.0
25 42.582438095238096 34.0
25 41.57001904761904 37.0
26 41.97944761904761 35.0
26 43.172776190476185 33.0
26 41.57001904761904 37.0
26 42.128730952380955 34.0
27 41.195845238095245 33.0
28 41.195845238095245 33.0
29 41.195845238095245 33.0
30 41.195845238095245 33.0
31 41.195845238095245 33.0
32 41.195845238095245 33.0
33 41.195845238095245 33.0
34 41.195845238095245 33.0
35 41.195845238095245 33.0
36 41.195845238095245 33.0
37 41.195845238095245 33.0
38 41.195845238095245 33.0
39 41.195845238095245 33.0
40 41.195845238095245 33.0
41 41.195845238095245 33.0
41 41.112469047619044 35.0
42 41.195845238095245 33.0
42 41.112469047619044 35.0
43 41.195845238095245 33.0
43 41.112469047619044 35.0
43 41.724135714285715 31.0
44 41.195845238095245 33.0
44 41.112469047619044 35.0
44 41.724135714285715 31.0
45 41.195845238095245 33.0
45 41.112469047619044 35.0
45 41.724135714285715 31.0
46 41.195845238095245 33.0
46 41.112469047619044 35.0
46 41.724135714285715 31.0
47 41.195845238095245 33.0
47 41.112469047619044 35.0
47 41.724135714285715 31.0
48 41.195845238095245 33.0
48 41.112469047619044 35.0
48 41.724135714285715 31.0
49 41.195845238095245 33.0
49 41.112469047619044 35.0
49 41.724135714285715 31.0
50 41.195845238095245 33.0
50 41.112469047619044 35.0
50 41.724135714285715 31.0
51 41.195845238095245 33.0
51 41.112469047619044 35.0
51 41.724135714285715 31.0
52 41.195845238095245 33.0
52 41.112469047619044 35.0
52 41.724135714285715 31.0
53 41.195845238095245 33.0
53 41.112469047619044 35.0
53 41.724135714285715 31.0
54 41.195845238095245 33.0
54 41.112469047619044 35.0
54 41.724135714285715 31.0
55 41.195845238095245 33.0
55 41.112469047619044 35.0
55 41.724135714285715 31.0
56 41.195845238095245 33.0
56 41.112469047619044 35.0
56 41.724135714285715 31.0
57 41.195845238095245 33.0
57 41.112469047619044 35.0
57 41.724135714285715 31.0
58 41.195845238095245 33.0
58 41.112469047619044 35.0
58 41.724135714285715 31.0
59 41.195845238095245 33.0
59 41.112469047619044 35.0
59 41.724135714285715 31.0
60 41.195845238095245 33.0
60 41.112469047619044 35.0
60 41.724135714285715 31.0
61 41.195845238095245 33.0
61 41.112469047619044 35.0
61 41.724135714285715 31.0
62 41.195845238095245 33.0
62 41.112469047619044 35.0
62 41.724135714285715 31.0
63 41.195845238095245 33.0
63 41.112469047619044 35.0
63 41.724135714285715 31.0
64 41.195845238095245 33.0
64 41.112469047619044 35.0
64 41.724135714285715 31.0
65 41.195845238095245 33.0
65 41.112469047619044 35.0
65 41.724135714285715 31.0
66 41.195845238095245 33.0
66 41.112469047619044 35.0
66 41.724135714285715 31.0
67 41.195845238095245 33.0
67 41.112469047619044 35.0
67 41.724135714285715 31.0
68 41.195845238095245 33.0
68 41.112469047619044 35.0
68 41.724135714285715 31.0
69 41.195845238095245 33.0
69 41.112469047619044 35.0
69 41.724135714285715 31.0
70 41.195845238095245 33.0
70 41.112469047619044 35.0
70 41.724135714285715 31.0
71 41.195845238095245 33.0
71 41.112469047619044 35.0
71 41.724135714285715 31.0
72 41.195845238095245 33.0
72 41.112469047619044 35.0
72 41.724135714285715 31.0
73 41.195845238095245 33.0
73 41.112469047619044 35.0
73 41.724135714285715 31.0
74 41.195845238095245 33.0
74 41.112469047619044 35.0
74 41.724135714285715 31.0
75 41.195845238095245 33.0
75 41.112469047619044 35.0
75 41.724135714285715 31.0
76 41.195845238095245 33.0
76 41.112469047619044 35.0
76 41.724135714285715 31.0
77 41.195845238095245 33.0
77 41.112469047619044 35.0
77 41.724135714285715 31.0
78 41.195845238095245 33.0
78 41.112469047619044 35.0
78 41.724135714285715 31.0
79 41.195845238095245 33.0
79 41.112469047619044 35.0
79 41.724135714285715 31.0
80 41.195845238095245 33.0
80 41.112469047619044 35.0
80 41.724135714285715 31.0
81 41.195845238095245 33.0
81 41.112469047619044 35.0
81 41.724135714285715 31.0
82 41.195845238095245 33.0
82 41.112469047619044 35.0
82 41.724135714285715 31.0
83 41.195845238095245 33.0
83 41.112469047619044 35.0
83 41.724135714285715 31.0
84 41.195845238095245 33.0
84 41.112469047619044 35.0
84 41.724135714285715 31.0
85 41.195845238095245 33.0
85 41.112469047619044 35.0
85 41.724135714285715 31.0
86 41.195845238095245 33.0
86 41.112469047619044 35.0
86 41.724135714285715 31.0
87 41.195845238095245 33.0
87 41.112469047619044 35.0
87 41.724135714285715 31.0
88 41.195845238095245 33.0
88 41.112469047619044 35.0
88 41.724135714285715 31.0
89 41.195845238095245 33.0
89 41.112469047619044 35.0
89 41.724135714285715 31.0
90 41.195845238095245 33.0
90 41.112469047619044 35.0
90 41.724135714285715 31.0
91 41.195845238095245 33.0
91 41.112469047619044 35.0
91 41.724135714285715 31.0
92 41.195845238095245 33.0
92 41.112469047619044 35.0
92 41.724135714285715 31.0
93 41.195845238095245 33.0
93 41.112469047619044 35.0
93 41.724135714285715 31.0
94 41.195845238095245 33.0
94 41.112469047619044 35.0
94 41.724135714285715 31.0
95 41.195845238095245 33.0
95 41.112469047619044 35.0
95 41.724135714285715 31.0
96 41.195845238095245 33.0
96 41.112469047619044 35.0
96 41.724135714285715 31.0
97 41.195845238095245 33.0
97 41.112469047619044 35.0
97 41.724135714285715 31.0
98 41.195845238095245 33.0
98 41.112469047619044 35.0
98 41.724135714285715 31.0
99 41.195845238095245 33.0
99 41.112469047619044 35.0
99 41.724135714285715 31.0
100 41.195845238095245 33.0
100 41.112469047619044 35.0
100 41.724135714285715 31.0
