1 45.90623095238096 35.0
1 43.427821428571434 36.0
2 45.90623095238096 35.0
2 43.427821428571434 36.0
2 43.15286904761905 40.0
3 43.40237619047619 34.0
3 42.807045238095235 41.0
3 43.12782619047619 37.0
4 43.40237619047619 34.0
4 42.807045238095235 41.0
4 43.12782619047619 37.0
4 42.823321428571425 39.0
4 44.33629761904762 32.0
5 43.40237619047619 34.0
5 44.33629761904762 32.0
5 42.525373809523806 37.0
6 43.40237619047619 34.0
6 44.33629761904762 32.0
6 42.525373809523806 37.0
6 42.57114047619048 36.0
7 43.40237619047619 34.0
7 44.33629761904762 32.0
7 42.525373809523806 37.0
7 42.57114047619048 36.0
7 42.95934761904762 35.0
8 42.525373809523806 37.0
8 42.57114047619048 36.0
8 42.95934761904762 35.0
8 43.39635476190477 31.0
8 42.508823809523804 39.0
9 42.525373809523806 37.0
9 42.57114047619048 36.0
9 42.95934761904762 35.0
9 43.39635476190477 31.0
9 41.92997857142856 39.0
10 43.39635476190477 31.0
10 41.92997857142856 39.0
10 42.15706904761905 35.0
11 43.39635476190477 31.0
11 41.92997857142856 39.0
11 42.15009285714285 34.0
12 43.39635476190477 31.0
12 41.92997857142856 39.0
12 42.15009285714285 34.0
13 43.39635476190477 31.0
13 41.92997857142856 39.0
13 42.15009285714285 34.0
14 43.39635476190477 31.0
14 42.15009285714285 34.0
14 41.83759285714285 37.0
14 43.35285238095237 33.0
15 43.39635476190477 31.0
15 42.15009285714285 34.0
15 41.83759285714285 37.0
15 43.35285238095237 33.0
16 43.39635476190477 31.0
16 42.15009285714285 34.0
16 41.83759285714285 37.0
16 43.35285238095237 33.0
17 43.39635476190477 31.0
17 42.15009285714285 34.0
17 41.83759285714285 37.0
17 43.35285238095237 33.0
18 43.39635476190477 31.0
18 42.15009285714285 34.0
18 41.83759285714285 37.0
18 43.35285238095237 33.0
19 43.39635476190477 31.0
19 42.15009285714285 34.0
19 41.83759285714285 37.0
19 43.35285238095237 33.0
19 41.46702857142857 38.0
20 43.39635476190477 31.0
20 42.15009285714285 34.0
20 41.83759285714285 37.0
20 41.46702857142857 38.0
20 43.12049523809524 33.0
21 43.39635476190477 31.0
21 42.15009285714285 34.0
21 41.83759285714285 37.0
21 41.46702857142857 38.0
21 43.12049523809524 33.0
22 43.39635476190477 31.0
22 42.15009285714285 34.0
22 41.46702857142857 38.0
22 43.12049523809524 33.0
22 41.65586190476191 36.0
22 42.118233333333336 35.0
23 43.39635476190477 31.0
23 42.15009285714285 34.0
23 41.46702857142857 38.0
23 43.12049523809524 33.0
23 41.65586190476191 36.0
23 42.118233333333336 35.0
24 43.39635476190477 31.0
24 42.15009285714285 34.0
24 41.46702857142857 38.0
24 43.12049523809524 33.0
24 41.65586190476191 36.0
24 42.118233333333336 35.0
25 43.39635476190477 31.0
25 42.15009285714285 34.0
25 41.46702857142857 38.0
25 43.12049523809524 33.0
25 41.65586190476191 36.0
25 42.118233333333336 35.0
26 43.39635476190477 31.0
26 42.15009285714285 34.0
26 41.46702857142857 38.0
26 43.12049523809524 33.0
26 41.65586190476191 36.0
26 42.118233333333336 35.0
27 43.39635476190477 31.0
27 41.46702857142857 38.0
27 41.65586190476191 36.0
27 42.05087380952381 33.0
28 43.39635476190477 31.0
28 41.46702857142857 38.0
28 41.65586190476191 36.0
28 42.05087380952381 33.0
29 43.39635476190477 31.0
29 41.46702857142857 38.0
29 41.65586190476191 36.0
29 42.05087380952381 33.0
30 43.39635476190477 31.0
30 41.46702857142857 38.0
30 41.65586190476191 36.0
30 42.05087380952381 33.0
31 43.39635476190477 31.0
31 41.46702857142857 38.0
31 41.65586190476191 36.0
31 42.05087380952381 33.0
32 43.39635476190477 31.0
32 41.46702857142857 38.0
32 41.65586190476191 36.0
32 42.05087380952381 33.0
33 43.39635476190477 31.0
33 41.46702857142857 38.0
33 41.65586190476191 36.0
33 42.05087380952381 33.0
34 43.39635476190477 31.0
34 41.46702857142857 38.0
34 41.65586190476191 36.0
34 42.05087380952381 33.0
35 43.39635476190477 31.0
35 41.46702857142857 38.0
35 41.65586190476191 36.0
35 42.05087380952381 33.0
36 43.39635476190477 31.0
36 41.46702857142857 38.0
36 41.65586190476191 36.0
36 42.05087380952381 33.0
37 43.39635476190477 31.0
37 41.46702857142857 38.0
37 41.65586190476191 36.0
37 42.05087380952381 33.0
38 43.39635476190477 31.0
38 41.46702857142857 38.0
38 41.65586190476191 36.0
38 42.05087380952381 33.0
39 43.39635476190477 31.0
39 41.46702857142857 38.0
39 41.65586190476191 36.0
39 42.05087380952381 33.0
40 43.39635476190477 31.0
40 41.46702857142857 38.0
40 41.65586190476191 36.0
40 42.05087380952381 33.0
41 43.39635476190477 31.0
41 41.46702857142857 38.0
41 41.65586190476191 36.0
41 42.05087380952381 33.0
42 43.39635476190477 31.0
42 41.46702857142857 38.0
42 41.65586190476191 36.0
42 42.05087380952381 33.0
43 43.39635476190477 31.0
43 41.46702857142857 38.0
43 41.65586190476191 36.0
43 42.05087380952381 33.0
44 43.39635476190477 31.0
44 41.46702857142857 38.0
44 41.65586190476191 36.0
44 42.05087380952381 33.0
45 43.39635476190477 31.0
45 41.46702857142857 38.0
45 41.65586190476191 36.0
45 42.05087380952381 33.0
46 43.39635476190477 31.0
46 41.46702857142857 38.0
46 41.65586190476191 36.0
46 42.05087380952381 33.0
47 43.39635476190477 31.0
47 41.46702857142857 38.0
47 41.65586190476191 36.0
47 42.05087380952381 33.0
48 43.39635476190477 31.0
48 41.46702857142857 38.0
48 41.65586190476191 36.0
48 42.05087380952381 33.0
49 43.39635476190477 31.0
49 41.46702857142857 38.0
49 41.65586190476191 36.0
49 42.05087380952381 33.0
50 43.39635476190477 31.0
50 41.46702857142857 38.0
50 41.65586190476191 36.0
50 42.05087380952381 33.0
51 43.39635476190477 31.0
51 41.46702857142857 38.0
51 41.65586190476191 36.0
51 42.05087380952381 33.0
52 43.39635476190477 31.0
52 41.46702857142857 38.0
52 41.65586190476191 36.0
52 42.05087380952381 33.0
53 43.39635476190477 31.0
53 41.46702857142857 38.0
53 41.65586190476191 36.0
53 42.05087380952381 33.0
54 43.39635476190477 31.0
54 41.46702857142857 38.0
54 41.65586190476191 36.0
54 42.05087380952381 33.0
55 43.39635476190477 31.0
55 41.46702857142857 38.0
55 41.65586190476191 36.0
55 42.05087380952381 33.0
56 43.39635476190477 31.0
56 41.46702857142857 38.0
56 41.65586190476191 36.0
56 42.05087380952381 33.0
57 43.39635476190477 31.0
57 41.46702857142857 38.0
57 41.65586190476191 36.0
57 42.05087380952381 33.0
58 43.39635476190477 31.0
58 41.46702857142857 38.0
58 41.65586190476191 36.0
58 42.05087380952381 33.0
59 43.39635476190477 31.0
59 41.46702857142857 38.0
59 41.65586190476191 36.0
59 42.05087380952381 33.0
60 43.39635476190477 31.0
60 41.46702857142857 38.0
60 41.65586190476191 36.0
60 42.05087380952381 33.0
61 43.39635476190477 31.0
61 41.15435476190476 32.0
62 43.39635476190477 31.0
62 41.15435476190476 32.0
63 43.39635476190477 31.0
63 41.15435476190476 32.0
64 43.39635476190477 31.0
64 41.15435476190476 32.0
65 43.39635476190477 31.0
65 41.15435476190476 32.0
66 43.39635476190477 31.0
66 41.15435476190476 32.0
67 43.39635476190477 31.0
67 41.15435476190476 32.0
68 43.39635476190477 31.0
68 41.15435476190476 32.0
69 43.39635476190477 31.0
69 41.15435476190476 32.0
70 43.39635476190477 31.0
70 41.15435476190476 32.0
71 43.39635476190477 31.0
71 41.15435476190476 32.0
72 43.39635476190477 31.0
72 41.15435476190476 32.0
73 43.39635476190477 31.0
73 41.15435476190476 32.0
74 43.39635476190477 31.0
74 41.15435476190476 32.0
75 43.39635476190477 31.0
75 41.15435476190476 32.0
76 43.39635476190477 31.0
76 41.15435476190476 32.0
77 43.39635476190477 31.0
77 41.15435476190476 32.0
78 43.39635476190477 31.0
78 41.15435476190476 32.0
79 43.39635476190477 31.0
79 41.15435476190476 32.0
80 43.39635476190477 31.0
80 41.15435476190476 32.0
81 43.39635476190477 31.0
81 41.15435476190476 32.0
82 43.39635476190477 31.0
82 41.15435476190476 32.0
83 43.39635476190477 31.0
83 41.15435476190476 32.0
84 43.39635476190477 31.0
84 41.15435476190476 32.0
85 43.39635476190477 31.0
85 41.15435476190476 32.0
86 43.39635476190477 31.0
86 41.15435476190476 32.0
87 43.39635476190477 31.0
87 41.15435476190476 32.0
88 43.39635476190477 31.0
88 41.15435476190476 32.0
89 43.39635476190477 31.0
89 41.15435476190476 32.0
90 43.39635476190477 31.0
90 41.15435476190476 32.0
91 43.39635476190477 31.0
91 41.15435476190476 32.0
92 43.39635476190477 31.0
92 41.15435476190476 32.0
93 43.39635476190477 31.0
93 41.15435476190476 32.0
94 43.39635476190477 31.0
94 41.15435476190476 32.0
95 43.39635476190477 31.0
95 41.15435476190476 32.0
96 43.39635476190477 31.0
96 41.15435476190476 32.0
97 43.39635476190477 31.0
97 41.15435476190476 32.0
98 43.39635476190477 31.0
98 41.15435476190476 32.0
99 43.39635476190477 31.0
99 41.15435476190476 32.0
100 43.39635476190477 31.0
100 41.15435476190476 32.0
