1 45.2066380952381 36.0
1 43.02475952380953 38.0
1 44.35207380952381 37.0
2 45.2066380952381 36.0
2 43.02475952380953 38.0
2 44.35207380952381 37.0
2 42.95490000000001 44.0
3 45.2066380952381 36.0
3 44.35207380952381 37.0
3 42.65143095238094 38.0
4 45.2066380952381 36.0
4 42.65143095238094 38.0
4 42.330573809523806 42.0
4 42.85178095238095 37.0
5 42.65143095238094 38.0
5 42.85178095238095 37.0
5 42.210859523809525 39.0
5 43.42267857142856 34.0
6 42.65143095238094 38.0
6 42.85178095238095 37.0
6 42.210859523809525 39.0
6 43.200364285714286 34.0
7 42.210859523809525 39.0
7 43.200364285714286 34.0
7 42.89294999999999 35.0
7 42.354523809523805 36.0
8 42.210859523809525 39.0
8 43.200364285714286 34.0
8 42.89294999999999 35.0
8 42.354523809523805 36.0
9 42.210859523809525 39.0
9 42.354523809523805 36.0
9 42.81491904761904 34.0
10 42.210859523809525 39.0
10 42.354523809523805 36.0
10 42.81491904761904 34.0
11 42.354523809523805 36.0
11 42.81491904761904 34.0
11 41.87370714285715 39.0
12 42.81491904761904 34.0
12 42.37354523809524 35.0
12 41.80945 36.0
13 42.81491904761904 34.0
13 42.37354523809524 35.0
13 41.80945 36.0
14 42.81491904761904 34.0
14 42.37354523809524 35.0
14 41.80945 36.0
15 42.81491904761904 34.0
15 42.37354523809524 35.0
15 41.80945 36.0
16 42.81491904761904 34.0
16 41.80945 36.0
16 42.03355 35.0
17 41.67245476190477 34.0
18 41.67245476190477 34.0
19 41.67245476190477 34.0
20 41.67245476190477 34.0
21 41.67245476190477 34.0
22 41.67245476190477 34.0
22 43.55491190476191 33.0
23 41.67245476190477 34.0
23 43.55491190476191 33.0
24 41.67245476190477 34.0
24 43.55491190476191 33.0
24 41.48598095238095 36.0
25 41.67245476190477 34.0
25 43.55491190476191 33.0
25 41.48598095238095 36.0
26 41.67245476190477 34.0
26 43.55491190476191 33.0
26 41.48598095238095 36.0
27 41.67245476190477 34.0
27 43.55491190476191 33.0
27 41.48598095238095 36.0
27 41.42235000000001 38.0
28 41.67245476190477 34.0
28 41.48598095238095 36.0
28 41.42235000000001 38.0
28 43.29157619047619 32.0
29 41.67245476190477 34.0
29 41.48598095238095 36.0
29 41.42235000000001 38.0
29 43.29157619047619 32.0
30 41.67245476190477 34.0
30 41.48598095238095 36.0
30 41.42235000000001 38.0
30 43.29157619047619 32.0
31 41.67245476190477 34.0
31 41.48598095238095 36.0
31 41.42235000000001 38.0
31 43.29157619047619 32.0
32 41.67245476190477 34.0
32 41.48598095238095 36.0
32 41.42235000000001 38.0
32 42.29656428571428 30.0
33 41.67245476190477 34.0
33 41.48598095238095 36.0
33 41.42235000000001 38.0
33 42.29656428571428 30.0
34 41.67245476190477 34.0
34 41.48598095238095 36.0
34 41.42235000000001 38.0
34 42.29656428571428 30.0
35 41.67245476190477 34.0
35 41.48598095238095 36.0
35 41.42235000000001 38.0
35 42.29656428571428 30.0
36 41.67245476190477 34.0
36 41.48598095238095 36.0
36 41.42235000000001 38.0
36 42.29656428571428 30.0
37 41.67245476190477 34.0
37 41.48598095238095 36.0
37 41.42235000000001 38.0
37 42.29656428571428 30.0
38 41.67245476190477 34.0
38 41.48598095238095 36.0
38 41.42235000000001 38.0
38 42.29656428571428 30.0
39 41.67245476190477 34.0
39 41.48598095238095 36.0
39 41.42235000000001 38.0
39 42.29656428571428 30.0
40 41.67245476190477 34.0
40 41.48598095238095 36.0
40 41.42235000000001 38.0
40 42.29656428571428 30.0
41 41.67245476190477 34.0
41 41.42235000000001 38.0
41 42.29656428571428 30.0
41 41.444838095238104 36.0
42 41.67245476190477 34.0
42 41.42235000000001 38.0
42 42.29656428571428 30.0
42 41.444838095238104 36.0
43 41.67245476190477 34.0
43 41.42235000000001 38.0
43 42.29656428571428 30.0
43 41.444838095238104 36.0
44 41.67245476190477 34.0
44 41.42235000000001 38.0
44 42.29656428571428 30.0
44 41.444838095238104 36.0
45 41.67245476190477 34.0
45 41.42235000000001 38.0
45 42.29656428571428 30.0
45 41.444838095238104 36.0
46 41.67245476190477 34.0
46 41.42235000000001 38.0
46 42.29656428571428 30.0
46 41.444838095238104 36.0
47 41.67245476190477 34.0
47 41.42235000000001 38.0
47 42.29656428571428 30.0
47 41.444838095238104 36.0
48 41.67245476190477 34.0
48 41.42235000000001 38.0
48 42.29656428571428 30.0
48 41.444838095238104 36.0
49 41.67245476190477 34.0
49 41.42235000000001 38.0
49 42.29656428571428 30.0
49 41.444838095238104 36.0
50 41.67245476190477 34.0
50 41.42235000000001 38.0
50 42.29656428571428 30.0
50 41.444838095238104 36.0
51 41.67245476190477 34.0
51 41.42235000000001 38.0
51 42.29656428571428 30.0
51 41.444838095238104 36.0
52 41.67245476190477 34.0
52 41.42235000000001 38.0
52 42.29656428571428 30.0
52 41.444838095238104 36.0
53 41.67245476190477 34.0
53 41.42235000000001 38.0
53 42.29656428571428 30.0
53 41.444838095238104 36.0
54 41.42235000000001 38.0
54 42.29656428571428 30.0
54 41.444838095238104 36.0
54 41.66948333333334 32.0
55 41.42235000000001 38.0
55 42.29656428571428 30.0
55 41.444838095238104 36.0
55 41.66948333333334 32.0
56 41.42235000000001 38.0
56 42.29656428571428 30.0
56 41.444838095238104 36.0
56 41.66948333333334 32.0
57 41.42235000000001 38.0
57 42.29656428571428 30.0
57 41.444838095238104 36.0
57 41.66948333333334 32.0
58 41.42235000000001 38.0
58 42.29656428571428 30.0
58 41.444838095238104 36.0
58 41.66948333333334 32.0
59 41.42235000000001 38.0
59 42.29656428571428 30.0
59 41.444838095238104 36.0
59 41.66948333333334 32.0
60 41.42235000000001 38.0
60 42.29656428571428 30.0
60 41.444838095238104 36.0
60 41.66948333333334 32.0
61 41.42235000000001 38.0
61 42.29656428571428 30.0
61 41.444838095238104 36.0
61 41.66948333333334 32.0
62 41.42235000000001 38.0
62 42.29656428571428 30.0
62 41.444838095238104 36.0
62 41.66948333333334 32.0
63 41.42235000000001 38.0
63 42.29656428571428 30.0
63 41.444838095238104 36.0
63 41.66948333333334 32.0
64 41.42235000000001 38.0
64 42.29656428571428 30.0
64 41.444838095238104 36.0
64 41.66948333333334 32.0
65 41.42235000000001 38.0
65 42.29656428571428 30.0
65 41.444838095238104 36.0
65 41.66948333333334 32.0
66 41.42235000000001 38.0
66 42.29656428571428 30.0
66 41.444838095238104 36.0
66 41.66948333333334 32.0
67 41.42235000000001 38.0
67 42.29656428571428 30.0
67 41.444838095238104 36.0
67 41.66948333333334 32.0
68 41.42235000000001 38.0
68 42.29656428571428 30.0
68 41.444838095238104 36.0
68 41.66948333333334 32.0
69 41.42235000000001 38.0
69 42.29656428571428 30.0
69 41.444838095238104 36.0
69 41.66948333333334 32.0
70 41.42235000000001 38.0
70 42.29656428571428 30.0
70 41.444838095238104 36.0
70 41.66948333333334 32.0
71 41.42235000000001 38.0
71 42.29656428571428 30.0
71 41.444838095238104 36.0
71 41.66948333333334 32.0
72 41.42235000000001 38.0
72 42.29656428571428 30.0
72 41.444838095238104 36.0
72 41.66948333333334 32.0
73 41.42235000000001 38.0
73 42.29656428571428 30.0
73 41.444838095238104 36.0
73 41.66948333333334 32.0
74 41.42235000000001 38.0
74 42.29656428571428 30.0
74 41.444838095238104 36.0
74 41.66948333333334 32.0
75 41.42235000000001 38.0
75 42.29656428571428 30.0
75 41.444838095238104 36.0
75 41.66948333333334 32.0
76 41.42235000000001 38.0
76 42.29656428571428 30.0
76 41.444838095238104 36.0
76 41.66948333333334 32.0
77 41.42235000000001 38.0
77 42.29656428571428 30.0
77 41.444838095238104 36.0
77 41.66948333333334 32.0
78 41.42235000000001 38.0
78 42.29656428571428 30.0
78 41.444838095238104 36.0
78 41.66948333333334 32.0
79 41.42235000000001 38.0
79 42.29656428571428 30.0
79 41.444838095238104 36.0
79 41.66948333333334 32.0
80 41.42235000000001 38.0
80 42.29656428571428 30.0
80 41.444838095238104 36.0
80 41.66948333333334 32.0
81 41.42235000000001 38.0
81 42.29656428571428 30.0
81 41.444838095238104 36.0
81 41.66948333333334 32.0
82 42.29656428571428 30.0
82 41.66948333333334 32.0
82 41.12947380952381 33.0
83 42.29656428571428 30.0
83 41.66948333333334 32.0
83 41.12947380952381 33.0
84 42.29656428571428 30.0
84 41.66948333333334 32.0
84 41.12947380952381 33.0
85 42.29656428571428 30.0
85 41.66948333333334 32.0
85 41.12947380952381 33.0
86 42.29656428571428 30.0
86 41.66948333333334 32.0
86 41.12947380952381 33.0
87 42.29656428571428 30.0
87 41.66948333333334 32.0
87 41.12947380952381 33.0
88 42.29656428571428 30.0
88 41.66948333333334 32.0
88 41.12947380952381 33.0
89 42.29656428571428 30.0
89 41.66948333333334 32.0
89 41.12947380952381 33.0
90 42.29656428571428 30.0
90 41.66948333333334 32.0
90 41.12947380952381 33.0
91 42.29656428571428 30.0
91 41.66948333333334 32.0
91 41.12947380952381 33.0
92 42.29656428571428 30.0
92 41.66948333333334 32.0
92 41.12947380952381 33.0
93 42.29656428571428 30.0
93 41.66948333333334 32.0
93 41.12947380952381 33.0
94 42.29656428571428 30.0
94 41.66948333333334 32.0
94 41.12947380952381 33.0
95 42.29656428571428 30.0
95 41.66948333333334 32.0
95 41.12947380952381 33.0
96 42.29656428571428 30.0
96 41.66948333333334 32.0
96 41.12947380952381 33.0
97 42.29656428571428 30.0
97 41.66948333333334 32.0
97 41.12947380952381 33.0
98 42.29656428571428 30.0
98 41.66948333333334 32.0
98 41.12947380952381 33.0
99 42.29656428571428 30.0
99 41.66948333333334 32.0
99 41.12947380952381 33.0
100 42.29656428571428 30.0
100 41.66948333333334 32.0
100 41.12947380952381 33.0
