1 43.643011904761906 36.0
1 43.351150000000004 40.0
1 43.61594523809523 37.0
2 43.643011904761906 36.0
2 43.61594523809523 37.0
2 43.00756190476191 39.0
3 43.00756190476191 39.0
3 43.22073333333333 38.0
3 43.24347142857143 34.0
4 43.00756190476191 39.0
4 43.22073333333333 38.0
4 43.24347142857143 34.0
4 42.948147619047624 40.0
5 43.24347142857143 34.0
5 42.7526380952381 37.0
6 43.24347142857143 34.0
6 42.52168095238095 36.0
7 43.24347142857143 34.0
7 42.52168095238095 36.0
8 43.24347142857143 34.0
8 42.52168095238095 36.0
8 42.25449761904761 37.0
9 43.24347142857143 34.0
9 42.52168095238095 36.0
9 42.25449761904761 37.0
10 43.24347142857143 34.0
10 42.52168095238095 36.0
10 42.25449761904761 37.0
11 41.860464285714286 33.0
12 41.860464285714286 33.0
13 41.860464285714286 33.0
14 41.860464285714286 33.0
15 41.860464285714286 33.0
16 41.860464285714286 33.0
17 41.860464285714286 33.0
18 41.860464285714286 33.0
19 41.860464285714286 33.0
20 41.860464285714286 33.0
21 41.860464285714286 33.0
22 41.860464285714286 33.0
22 41.60231904761905 35.0
23 41.860464285714286 33.0
23 41.60231904761905 35.0
24 41.860464285714286 33.0
24 41.60231904761905 35.0
25 41.860464285714286 33.0
25 41.60231904761905 35.0
26 41.860464285714286 33.0
26 41.60231904761905 35.0
26 40.97122619047619 37.0
27 41.860464285714286 33.0
27 41.60231904761905 35.0
27 40.97122619047619 37.0
28 41.860464285714286 33.0
28 41.60231904761905 35.0
28 40.97122619047619 37.0
29 41.860464285714286 33.0
29 41.60231904761905 35.0
29 40.97122619047619 37.0
30 41.860464285714286 33.0
30 41.60231904761905 35.0
30 40.97122619047619 37.0
31 41.860464285714286 33.0
31 41.60231904761905 35.0
31 40.97122619047619 37.0
32 41.860464285714286 33.0
32 41.60231904761905 35.0
32 40.97122619047619 37.0
32 42.53283571428571 32.0
33 41.860464285714286 33.0
33 41.60231904761905 35.0
33 40.97122619047619 37.0
33 42.53283571428571 32.0
34 41.860464285714286 33.0
34 41.60231904761905 35.0
34 40.97122619047619 37.0
34 42.53283571428571 32.0
35 41.860464285714286 33.0
35 41.60231904761905 35.0
35 40.97122619047619 37.0
35 42.53283571428571 32.0
36 41.860464285714286 33.0
36 41.60231904761905 35.0
36 40.97122619047619 37.0
36 42.53283571428571 32.0
36 41.84010714285714 34.0
37 41.860464285714286 33.0
37 41.60231904761905 35.0
37 40.97122619047619 37.0
37 42.53283571428571 32.0
37 41.84010714285714 34.0
38 41.860464285714286 33.0
38 41.60231904761905 35.0
38 40.97122619047619 37.0
38 42.53283571428571 32.0
38 41.84010714285714 34.0
39 41.860464285714286 33.0
39 41.60231904761905 35.0
39 40.97122619047619 37.0
39 42.53283571428571 32.0
39 41.84010714285714 34.0
40 41.860464285714286 33.0
40 41.60231904761905 35.0
40 40.97122619047619 37.0
40 42.53283571428571 32.0
40 41.84010714285714 34.0
41 41.860464285714286 33.0
41 41.60231904761905 35.0
41 40.97122619047619 37.0
41 42.53283571428571 32.0
41 41.84010714285714 34.0
42 41.860464285714286 33.0
42 41.60231904761905 35.0
42 40.97122619047619 37.0
42 42.53283571428571 32.0
42 41.84010714285714 34.0
43 41.860464285714286 33.0
43 41.60231904761905 35.0
43 40.97122619047619 37.0
43 42.53283571428571 32.0
43 41.84010714285714 34.0
44 41.860464285714286 33.0
44 41.60231904761905 35.0
44 40.97122619047619 37.0
44 42.53283571428571 32.0
44 41.84010714285714 34.0
45 41.860464285714286 33.0
45 41.60231904761905 35.0
45 40.97122619047619 37.0
45 42.53283571428571 32.0
45 41.84010714285714 34.0
46 41.860464285714286 33.0
46 41.60231904761905 35.0
46 40.97122619047619 37.0
46 42.53283571428571 32.0
46 41.79479285714286 34.0
47 41.860464285714286 33.0
47 41.60231904761905 35.0
47 40.97122619047619 37.0
47 42.53283571428571 32.0
47 41.79479285714286 34.0
48 41.860464285714286 33.0
48 41.60231904761905 35.0
48 40.97122619047619 37.0
48 42.53283571428571 32.0
48 41.79479285714286 34.0
49 41.860464285714286 33.0
49 41.60231904761905 35.0
49 40.97122619047619 37.0
49 42.53283571428571 32.0
49 41.79479285714286 34.0
50 41.860464285714286 33.0
50 41.60231904761905 35.0
50 40.97122619047619 37.0
50 42.53283571428571 32.0
50 41.79479285714286 34.0
51 41.860464285714286 33.0
51 41.60231904761905 35.0
51 40.97122619047619 37.0
51 42.53283571428571 32.0
51 41.79479285714286 34.0
52 41.860464285714286 33.0
52 41.60231904761905 35.0
52 40.97122619047619 37.0
52 42.53283571428571 32.0
52 41.79479285714286 34.0
53 41.860464285714286 33.0
53 41.60231904761905 35.0
53 40.97122619047619 37.0
53 41.79479285714286 34.0
53 42.38912857142857 32.0
54 41.860464285714286 33.0
54 41.60231904761905 35.0
54 40.97122619047619 37.0
54 41.79479285714286 34.0
54 42.38912857142857 32.0
55 41.860464285714286 33.0
55 41.60231904761905 35.0
55 40.97122619047619 37.0
55 41.79479285714286 34.0
55 42.38912857142857 32.0
56 41.860464285714286 33.0
56 41.60231904761905 35.0
56 40.97122619047619 37.0
56 41.79479285714286 34.0
56 42.38912857142857 32.0
57 41.860464285714286 33.0
57 41.60231904761905 35.0
57 40.97122619047619 37.0
57 41.79479285714286 34.0
57 42.38912857142857 32.0
58 41.860464285714286 33.0
58 41.60231904761905 35.0
58 40.97122619047619 37.0
58 41.79479285714286 34.0
58 42.38912857142857 32.0
59 41.860464285714286 33.0
59 41.60231904761905 35.0
59 40.97122619047619 37.0
59 41.79479285714286 34.0
59 42.38912857142857 32.0
60 41.860464285714286 33.0
60 41.60231904761905 35.0
60 40.97122619047619 37.0
60 41.79479285714286 34.0
60 42.38912857142857 32.0
61 41.860464285714286 33.0
61 41.60231904761905 35.0
61 40.97122619047619 37.0
61 41.79479285714286 34.0
61 42.38912857142857 32.0
62 41.860464285714286 33.0
62 41.60231904761905 35.0
62 40.97122619047619 37.0
62 41.79479285714286 34.0
62 41.87107380952381 32.0
63 41.860464285714286 33.0
63 41.60231904761905 35.0
63 40.97122619047619 37.0
63 41.79479285714286 34.0
63 41.87107380952381 32.0
64 41.860464285714286 33.0
64 41.60231904761905 35.0
64 40.97122619047619 37.0
64 41.79479285714286 34.0
64 41.87107380952381 32.0
65 41.860464285714286 33.0
65 40.97122619047619 37.0
65 41.79479285714286 34.0
65 41.87107380952381 32.0
65 41.48397857142857 35.0
66 41.860464285714286 33.0
66 40.97122619047619 37.0
66 41.79479285714286 34.0
66 41.87107380952381 32.0
66 41.48397857142857 35.0
67 41.860464285714286 33.0
67 40.97122619047619 37.0
67 41.79479285714286 34.0
67 41.87107380952381 32.0
67 41.48397857142857 35.0
68 41.860464285714286 33.0
68 40.97122619047619 37.0
68 41.79479285714286 34.0
68 41.87107380952381 32.0
68 41.48397857142857 35.0
69 41.860464285714286 33.0
69 40.97122619047619 37.0
69 41.79479285714286 34.0
69 41.87107380952381 32.0
69 41.48397857142857 35.0
70 41.860464285714286 33.0
70 40.97122619047619 37.0
70 41.79479285714286 34.0
70 41.87107380952381 32.0
70 41.48397857142857 35.0
71 41.860464285714286 33.0
71 40.97122619047619 37.0
71 41.79479285714286 34.0
71 41.87107380952381 32.0
71 41.48397857142857 35.0
72 41.860464285714286 33.0
72 40.97122619047619 37.0
72 41.79479285714286 34.0
72 41.87107380952381 32.0
72 41.48397857142857 35.0
73 41.860464285714286 33.0
73 40.97122619047619 37.0
73 41.79479285714286 34.0
73 41.87107380952381 32.0
73 41.48397857142857 35.0
74 41.860464285714286 33.0
74 40.97122619047619 37.0
74 41.79479285714286 34.0
74 41.87107380952381 32.0
74 41.48397857142857 35.0
75 41.860464285714286 33.0
75 40.97122619047619 37.0
75 41.79479285714286 34.0
75 41.87107380952381 32.0
75 41.48397857142857 35.0
76 41.860464285714286 33.0
76 40.97122619047619 37.0
76 41.79479285714286 34.0
76 41.87107380952381 32.0
76 41.48397857142857 35.0
77 41.860464285714286 33.0
77 40.97122619047619 37.0
77 41.79479285714286 34.0
77 41.87107380952381 32.0
77 41.48397857142857 35.0
78 41.860464285714286 33.0
78 40.97122619047619 37.0
78 41.79479285714286 34.0
78 41.87107380952381 32.0
78 41.48397857142857 35.0
79 41.860464285714286 33.0
79 40.97122619047619 37.0
79 41.79479285714286 34.0
79 41.87107380952381 32.0
79 41.48397857142857 35.0
80 41.860464285714286 33.0
80 40.97122619047619 37.0
80 41.79479285714286 34.0
80 41.87107380952381 32.0
80 41.48397857142857 35.0
81 41.860464285714286 33.0
81 40.97122619047619 37.0
81 41.79479285714286 34.0
81 41.87107380952381 32.0
81 41.48397857142857 35.0
82 41.860464285714286 33.0
82 40.97122619047619 37.0
82 41.79479285714286 34.0
82 41.87107380952381 32.0
82 41.48397857142857 35.0
83 41.860464285714286 33.0
83 40.97122619047619 37.0
83 41.79479285714286 34.0
83 41.87107380952381 32.0
83 41.48397857142857 35.0
84 41.860464285714286 33.0
84 40.97122619047619 37.0
84 41.79479285714286 34.0
84 41.87107380952381 32.0
84 41.48397857142857 35.0
85 41.860464285714286 33.0
85 40.97122619047619 37.0
85 41.79479285714286 34.0
85 41.87107380952381 32.0
85 41.48397857142857 35.0
86 41.860464285714286 33.0
86 40.97122619047619 37.0
86 41.79479285714286 34.0
86 41.87107380952381 32.0
86 41.48397857142857 35.0
87 41.860464285714286 33.0
87 40.97122619047619 37.0
87 41.79479285714286 34.0
87 41.87107380952381 32.0
87 41.48397857142857 35.0
88 41.860464285714286 33.0
88 40.97122619047619 37.0
88 41.79479285714286 34.0
88 41.87107380952381 32.0
88 41.48397857142857 35.0
89 41.860464285714286 33.0
89 40.97122619047619 37.0
89 41.79479285714286 34.0
89 41.87107380952381 32.0
89 41.48397857142857 35.0
90 41.860464285714286 33.0
90 40.97122619047619 37.0
90 41.79479285714286 34.0
90 41.87107380952381 32.0
90 41.48397857142857 35.0
91 41.860464285714286 33.0
91 40.97122619047619 37.0
91 41.79479285714286 34.0
91 41.87107380952381 32.0
91 41.48397857142857 35.0
92 41.860464285714286 33.0
92 40.97122619047619 37.0
92 41.79479285714286 34.0
92 41.87107380952381 32.0
92 41.48397857142857 35.0
93 41.860464285714286 33.0
93 40.97122619047619 37.0
93 41.79479285714286 34.0
93 41.87107380952381 32.0
93 41.48397857142857 35.0
94 41.860464285714286 33.0
94 40.97122619047619 37.0
94 41.79479285714286 34.0
94 41.87107380952381 32.0
94 41.48397857142857 35.0
95 41.860464285714286 33.0
95 40.97122619047619 37.0
95 41.79479285714286 34.0
95 41.87107380952381 32.0
95 41.48397857142857 35.0
96 41.860464285714286 33.0
96 40.97122619047619 37.0
96 41.79479285714286 34.0
96 41.87107380952381 32.0
96 41.48397857142857 35.0
97 41.860464285714286 33.0
97 40.97122619047619 37.0
97 41.79479285714286 34.0
97 41.87107380952381 32.0
97 41.48397857142857 35.0
98 41.860464285714286 33.0
98 40.97122619047619 37.0
98 41.79479285714286 34.0
98 41.87107380952381 32.0
98 41.48397857142857 35.0
99 41.860464285714286 33.0
99 40.97122619047619 37.0
99 41.79479285714286 34.0
99 41.87107380952381 32.0
99 41.48397857142857 35.0
100 41.860464285714286 33.0
100 40.97122619047619 37.0
100 41.79479285714286 34.0
100 41.87107380952381 32.0
100 41.48397857142857 35.0
