1 44.006530952380956 36.0
1 43.68617857142857 40.0
2 44.006530952380956 36.0
2 43.449733333333334 37.0
2 43.201997619047624 38.0
3 44.006530952380956 36.0
3 43.449733333333334 37.0
3 43.14370238095237 43.0
3 43.15077142857143 38.0
4 43.449733333333334 37.0
4 43.14370238095237 43.0
4 43.15077142857143 38.0
4 43.55186190476191 36.0
5 43.343250000000005 34.0
5 42.34011666666666 38.0
6 43.343250000000005 34.0
6 42.34011666666666 38.0
6 42.6322880952381 37.0
7 43.343250000000005 34.0
7 42.34011666666666 38.0
7 42.80871190476191 36.0
7 42.48682619047619 37.0
8 42.54336428571429 34.0
8 42.77856904761905 33.0
8 42.24328809523809 36.0
9 42.54336428571429 34.0
9 42.77856904761905 33.0
9 42.24328809523809 36.0
9 42.439164285714284 35.0
10 42.54336428571429 34.0
10 42.77856904761905 33.0
10 42.24328809523809 36.0
10 42.439164285714284 35.0
11 42.54336428571429 34.0
11 42.77856904761905 33.0
11 42.24328809523809 36.0
11 42.439164285714284 35.0
12 42.54336428571429 34.0
12 42.77856904761905 33.0
12 42.439164285714284 35.0
12 42.08391428571428 36.0
13 42.54336428571429 34.0
13 42.77856904761905 33.0
13 42.439164285714284 35.0
13 42.08391428571428 36.0
13 41.905540476190474 37.0
14 42.54336428571429 34.0
14 42.77856904761905 33.0
14 42.439164285714284 35.0
14 41.905540476190474 37.0
15 42.54336428571429 34.0
15 42.77856904761905 33.0
15 42.439164285714284 35.0
15 41.905540476190474 37.0
15 42.08391428571428 36.0
16 42.54336428571429 34.0
16 42.77856904761905 33.0
16 42.439164285714284 35.0
16 41.905540476190474 37.0
16 42.08391428571428 36.0
17 42.77856904761905 33.0
17 41.905540476190474 37.0
17 41.936816666666665 34.0
18 42.77856904761905 33.0
18 41.905540476190474 37.0
18 41.936816666666665 34.0
19 42.77856904761905 33.0
19 41.936816666666665 34.0
19 41.89304761904762 37.0
20 42.77856904761905 33.0
20 41.936816666666665 34.0
20 41.89304761904762 37.0
21 42.77856904761905 33.0
21 41.936816666666665 34.0
21 41.89304761904762 37.0
22 42.77856904761905 33.0
22 41.936816666666665 34.0
22 41.89304761904762 37.0
23 42.77856904761905 33.0
23 41.936816666666665 34.0
23 41.70600476190476 37.0
24 42.77856904761905 33.0
24 41.936816666666665 34.0
24 41.70600476190476 37.0
24 41.87911666666667 36.0
25 42.77856904761905 33.0
25 41.936816666666665 34.0
25 41.70600476190476 37.0
25 41.87911666666667 36.0
26 42.77856904761905 33.0
26 41.936816666666665 34.0
26 41.70600476190476 37.0
26 41.87911666666667 36.0
27 42.77856904761905 33.0
27 41.70600476190476 37.0
27 41.856964285714284 34.0
28 42.77856904761905 33.0
28 41.70600476190476 37.0
28 41.856964285714284 34.0
29 42.77856904761905 33.0
29 41.70600476190476 37.0
29 41.856964285714284 34.0
29 41.75226428571428 35.0
30 42.77856904761905 33.0
30 41.70600476190476 37.0
30 41.856964285714284 34.0
30 41.75226428571428 35.0
31 42.77856904761905 33.0
31 41.70600476190476 37.0
31 41.856964285714284 34.0
31 41.75226428571428 35.0
32 42.77856904761905 33.0
32 41.70600476190476 37.0
32 41.856964285714284 34.0
33 42.77856904761905 33.0
33 41.70600476190476 37.0
33 41.856964285714284 34.0
34 42.77856904761905 33.0
34 41.70600476190476 37.0
34 41.856964285714284 34.0
35 42.77856904761905 33.0
35 41.70600476190476 37.0
35 41.856964285714284 34.0
36 42.77856904761905 33.0
36 41.70600476190476 37.0
36 41.856964285714284 34.0
37 42.77856904761905 33.0
37 41.70600476190476 37.0
37 41.856964285714284 34.0
38 42.77856904761905 33.0
38 41.70600476190476 37.0
38 41.856964285714284 34.0
39 42.77856904761905 33.0
39 41.70600476190476 37.0
39 41.856964285714284 34.0
40 42.77856904761905 33.0
40 41.70600476190476 37.0
40 41.856964285714284 34.0
40 42.909283333333335 31.0
41 41.70600476190476 37.0
41 41.856964285714284 34.0
41 42.909283333333335 31.0
41 42.599711904761904 33.0
42 41.70600476190476 37.0
42 41.856964285714284 34.0
42 42.909283333333335 31.0
42 42.599711904761904 33.0
43 41.856964285714284 34.0
43 42.909283333333335 31.0
43 42.599711904761904 33.0
43 41.59965476190476 35.0
44 41.856964285714284 34.0
44 42.909283333333335 31.0
44 42.599711904761904 33.0
44 41.59965476190476 35.0
45 41.856964285714284 34.0
45 42.909283333333335 31.0
45 42.599711904761904 33.0
45 41.59965476190476 35.0
46 41.856964285714284 34.0
46 42.909283333333335 31.0
46 42.599711904761904 33.0
46 41.59965476190476 35.0
47 41.856964285714284 34.0
47 42.909283333333335 31.0
47 42.599711904761904 33.0
47 41.59965476190476 35.0
48 41.856964285714284 34.0
48 42.909283333333335 31.0
48 42.599711904761904 33.0
48 41.59965476190476 35.0
49 41.856964285714284 34.0
49 42.909283333333335 31.0
49 42.599711904761904 33.0
49 41.59965476190476 35.0
50 41.856964285714284 34.0
50 42.909283333333335 31.0
50 42.599711904761904 33.0
50 41.59965476190476 35.0
51 41.856964285714284 34.0
51 42.909283333333335 31.0
51 42.599711904761904 33.0
51 41.59965476190476 35.0
52 41.856964285714284 34.0
52 42.909283333333335 31.0
52 42.599711904761904 33.0
52 41.59965476190476 35.0
53 41.856964285714284 34.0
53 42.909283333333335 31.0
53 42.599711904761904 33.0
53 41.59965476190476 35.0
54 41.856964285714284 34.0
54 42.909283333333335 31.0
54 42.599711904761904 33.0
54 41.59965476190476 35.0
55 41.856964285714284 34.0
55 42.909283333333335 31.0
55 42.599711904761904 33.0
55 41.59965476190476 35.0
56 41.856964285714284 34.0
56 42.909283333333335 31.0
56 42.599711904761904 33.0
56 41.59965476190476 35.0
57 41.856964285714284 34.0
57 42.909283333333335 31.0
57 42.599711904761904 33.0
57 41.59965476190476 35.0
58 41.856964285714284 34.0
58 42.909283333333335 31.0
58 41.59965476190476 35.0
58 42.069054761904766 33.0
59 41.856964285714284 34.0
59 42.909283333333335 31.0
59 41.59965476190476 35.0
59 42.069054761904766 33.0
60 41.856964285714284 34.0
60 42.909283333333335 31.0
60 41.59965476190476 35.0
60 42.069054761904766 33.0
61 41.856964285714284 34.0
61 42.909283333333335 31.0
61 41.59965476190476 35.0
61 42.069054761904766 33.0
62 41.856964285714284 34.0
62 42.909283333333335 31.0
62 41.59965476190476 35.0
62 42.069054761904766 33.0
63 41.856964285714284 34.0
63 42.909283333333335 31.0
63 41.59965476190476 35.0
63 42.069054761904766 33.0
64 41.856964285714284 34.0
64 42.909283333333335 31.0
64 41.59965476190476 35.0
64 42.069054761904766 33.0
65 41.856964285714284 34.0
65 42.909283333333335 31.0
65 41.59965476190476 35.0
65 42.069054761904766 33.0
66 41.856964285714284 34.0
66 42.909283333333335 31.0
66 41.59965476190476 35.0
66 42.069054761904766 33.0
67 41.856964285714284 34.0
67 42.909283333333335 31.0
67 41.59965476190476 35.0
67 42.069054761904766 33.0
68 41.856964285714284 34.0
68 42.909283333333335 31.0
68 41.59965476190476 35.0
68 42.069054761904766 33.0
69 41.856964285714284 34.0
69 42.909283333333335 31.0
69 41.59965476190476 35.0
69 42.069054761904766 33.0
70 41.856964285714284 34.0
70 42.909283333333335 31.0
70 41.59965476190476 35.0
70 42.069054761904766 33.0
71 41.856964285714284 34.0
71 42.909283333333335 31.0
71 41.59965476190476 35.0
71 42.069054761904766 33.0
72 41.856964285714284 34.0
72 42.909283333333335 31.0
72 41.59965476190476 35.0
72 42.069054761904766 33.0
73 41.856964285714284 34.0
73 42.909283333333335 31.0
73 41.59965476190476 35.0
73 42.069054761904766 33.0
74 41.856964285714284 34.0
74 42.909283333333335 31.0
74 41.59965476190476 35.0
74 42.069054761904766 33.0
75 41.856964285714284 34.0
75 42.909283333333335 31.0
75 41.59965476190476 35.0
75 42.069054761904766 33.0
76 41.856964285714284 34.0
76 42.909283333333335 31.0
76 41.59965476190476 35.0
76 42.069054761904766 33.0
77 41.856964285714284 34.0
77 42.909283333333335 31.0
77 41.59965476190476 35.0
77 42.069054761904766 33.0
78 41.856964285714284 34.0
78 42.909283333333335 31.0
78 41.59965476190476 35.0
78 42.069054761904766 33.0
79 41.856964285714284 34.0
79 42.909283333333335 31.0
79 41.59965476190476 35.0
79 42.069054761904766 33.0
80 41.856964285714284 34.0
80 42.909283333333335 31.0
80 41.59965476190476 35.0
80 42.069054761904766 33.0
80 41.51759047619047 39.0
81 41.856964285714284 34.0
81 42.909283333333335 31.0
81 41.59965476190476 35.0
81 42.069054761904766 33.0
81 41.51759047619047 39.0
82 41.856964285714284 34.0
82 42.909283333333335 31.0
82 41.59965476190476 35.0
82 42.069054761904766 33.0
82 41.51759047619047 39.0
83 41.856964285714284 34.0
83 42.909283333333335 31.0
83 41.59965476190476 35.0
83 42.069054761904766 33.0
83 41.51759047619047 39.0
84 41.856964285714284 34.0
84 42.909283333333335 31.0
84 41.59965476190476 35.0
84 42.069054761904766 33.0
84 41.51759047619047 39.0
85 41.856964285714284 34.0
85 42.909283333333335 31.0
85 41.59965476190476 35.0
85 42.069054761904766 33.0
85 41.51759047619047 39.0
86 41.856964285714284 34.0
86 42.909283333333335 31.0
86 41.59965476190476 35.0
86 42.069054761904766 33.0
86 41.51759047619047 39.0
87 41.856964285714284 34.0
87 42.909283333333335 31.0
87 41.59965476190476 35.0
87 42.069054761904766 33.0
87 41.51759047619047 39.0
88 41.856964285714284 34.0
88 42.909283333333335 31.0
88 41.59965476190476 35.0
88 42.069054761904766 33.0
88 41.51759047619047 39.0
89 41.856964285714284 34.0
89 42.909283333333335 31.0
89 41.59965476190476 35.0
89 42.069054761904766 33.0
89 41.51759047619047 39.0
90 41.856964285714284 34.0
90 42.909283333333335 31.0
90 41.59965476190476 35.0
90 42.069054761904766 33.0
90 41.51759047619047 39.0
91 41.856964285714284 34.0
91 42.909283333333335 31.0
91 41.59965476190476 35.0
91 42.069054761904766 33.0
91 41.51759047619047 39.0
92 41.856964285714284 34.0
92 42.909283333333335 31.0
92 41.59965476190476 35.0
92 42.069054761904766 33.0
92 41.51759047619047 39.0
93 41.856964285714284 34.0
93 42.909283333333335 31.0
93 41.59965476190476 35.0
93 42.069054761904766 33.0
93 41.51759047619047 39.0
94 41.856964285714284 34.0
94 42.909283333333335 31.0
94 41.59965476190476 35.0
94 42.069054761904766 33.0
94 41.51759047619047 39.0
95 41.856964285714284 34.0
95 42.909283333333335 31.0
95 41.59965476190476 35.0
95 42.069054761904766 33.0
95 41.51759047619047 39.0
96 41.856964285714284 34.0
96 42.909283333333335 31.0
96 41.59965476190476 35.0
96 42.069054761904766 33.0
96 41.51759047619047 39.0
97 41.856964285714284 34.0
97 42.909283333333335 31.0
97 41.59965476190476 35.0
97 42.069054761904766 33.0
97 41.51759047619047 39.0
98 41.856964285714284 34.0
98 42.909283333333335 31.0
98 41.59965476190476 35.0
98 42.069054761904766 33.0
98 41.51759047619047 39.0
98 42.468900000000005 32.0
99 41.856964285714284 34.0
99 42.909283333333335 31.0
99 41.59965476190476 35.0
99 42.069054761904766 33.0
99 41.51759047619047 39.0
99 42.468900000000005 32.0
100 41.856964285714284 34.0
100 42.909283333333335 31.0
100 41.59965476190476 35.0
100 42.069054761904766 33.0
100 41.51759047619047 39.0
100 42.468900000000005 32.0
