1 42.882047619047626 39.0
1 43.23335238095238 34.0
2 43.23335238095238 34.0
2 42.491369047619045 35.0
3 43.23335238095238 34.0
3 42.491369047619045 35.0
3 43.65680238095237 33.0
3 42.19451904761904 38.0
4 43.23335238095238 34.0
4 42.491369047619045 35.0
4 43.65680238095237 33.0
4 41.95819047619048 39.0
4 42.14319285714286 37.0
5 42.491369047619045 35.0
5 43.65680238095237 33.0
5 42.14319285714286 37.0
5 42.719571428571435 34.0
5 41.787080952380954 38.0
5 42.35044285714285 36.0
6 43.65680238095237 33.0
6 42.14319285714286 37.0
6 41.787080952380954 38.0
6 42.33965952380952 35.0
6 42.63154047619047 34.0
7 41.787080952380954 38.0
7 42.33965952380952 35.0
7 42.467954761904764 33.0
7 41.445442857142865 39.0
7 42.01743333333333 37.0
8 41.787080952380954 38.0
8 42.467954761904764 33.0
8 41.445442857142865 39.0
8 42.01743333333333 37.0
8 42.10244047619048 34.0
9 41.445442857142865 39.0
9 42.01743333333333 37.0
9 42.045871428571424 33.0
9 41.72398809523809 38.0
10 41.445442857142865 39.0
10 42.97931190476191 31.0
10 41.80392619047618 35.0
10 41.97253095238096 32.0
10 41.51989761904761 37.0
11 41.445442857142865 39.0
11 42.97931190476191 31.0
11 41.97253095238096 32.0
11 41.456295238095244 33.0
12 42.97931190476191 31.0
12 41.97253095238096 32.0
12 41.456295238095244 33.0
12 41.20865238095238 35.0
13 42.97931190476191 31.0
13 41.97253095238096 32.0
13 41.456295238095244 33.0
13 41.20865238095238 35.0
14 42.97931190476191 31.0
14 41.97253095238096 32.0
14 41.456295238095244 33.0
14 41.20865238095238 35.0
15 42.97931190476191 31.0
15 41.97253095238096 32.0
15 41.456295238095244 33.0
15 41.20865238095238 35.0
15 40.96512142857143 37.0
16 42.97931190476191 31.0
16 41.97253095238096 32.0
16 41.456295238095244 33.0
16 41.20865238095238 35.0
16 40.96512142857143 37.0
17 42.97931190476191 31.0
17 41.97253095238096 32.0
17 41.456295238095244 33.0
17 41.20865238095238 35.0
17 40.96512142857143 37.0
18 42.97931190476191 31.0
18 41.97253095238096 32.0
18 41.456295238095244 33.0
18 41.20865238095238 35.0
18 40.96512142857143 37.0
19 42.97931190476191 31.0
19 41.97253095238096 32.0
19 41.456295238095244 33.0
19 41.20865238095238 35.0
19 40.96512142857143 37.0
20 42.97931190476191 31.0
20 41.97253095238096 32.0
20 41.456295238095244 33.0
20 41.20865238095238 35.0
20 40.96512142857143 37.0
21 42.97931190476191 31.0
21 41.97253095238096 32.0
21 41.456295238095244 33.0
21 40.96512142857143 37.0
21 41.11053571428572 35.0
22 42.97931190476191 31.0
22 41.97253095238096 32.0
22 41.456295238095244 33.0
22 40.96512142857143 37.0
22 41.11053571428572 35.0
23 42.97931190476191 31.0
23 41.97253095238096 32.0
23 41.456295238095244 33.0
23 41.11053571428572 35.0
23 40.89463095238095 37.0
24 42.97931190476191 31.0
24 41.97253095238096 32.0
24 41.456295238095244 33.0
24 41.11053571428572 35.0
24 40.89463095238095 37.0
25 42.97931190476191 31.0
25 41.97253095238096 32.0
25 41.456295238095244 33.0
25 40.89463095238095 37.0
25 40.992911904761904 35.0
26 42.97931190476191 31.0
26 41.97253095238096 32.0
26 41.456295238095244 33.0
26 40.89463095238095 37.0
26 40.992911904761904 35.0
27 42.97931190476191 31.0
27 41.97253095238096 32.0
27 41.456295238095244 33.0
27 40.89463095238095 37.0
27 40.992911904761904 35.0
28 42.97931190476191 31.0
28 41.97253095238096 32.0
28 41.456295238095244 33.0
28 40.89463095238095 37.0
28 40.992911904761904 35.0
29 42.97931190476191 31.0
29 41.97253095238096 32.0
29 41.456295238095244 33.0
29 40.89463095238095 37.0
29 40.992911904761904 35.0
30 42.97931190476191 31.0
30 41.97253095238096 32.0
30 41.456295238095244 33.0
30 40.89463095238095 37.0
30 40.992911904761904 35.0
31 42.97931190476191 31.0
31 41.97253095238096 32.0
31 41.456295238095244 33.0
31 40.992911904761904 35.0
31 40.77050238095238 36.0
32 42.97931190476191 31.0
32 41.97253095238096 32.0
32 41.456295238095244 33.0
32 40.992911904761904 35.0
32 40.77050238095238 36.0
33 42.97931190476191 31.0
33 41.97253095238096 32.0
33 41.456295238095244 33.0
33 40.992911904761904 35.0
33 40.77050238095238 36.0
34 42.97931190476191 31.0
34 41.97253095238096 32.0
34 41.456295238095244 33.0
34 40.992911904761904 35.0
34 40.77050238095238 36.0
35 42.97931190476191 31.0
35 41.97253095238096 32.0
35 41.456295238095244 33.0
35 40.992911904761904 35.0
35 40.77050238095238 36.0
35 41.113054761904756 34.0
36 42.97931190476191 31.0
36 41.97253095238096 32.0
36 41.456295238095244 33.0
36 40.992911904761904 35.0
36 41.113054761904756 34.0
36 40.22862857142857 36.0
37 42.97931190476191 31.0
37 41.97253095238096 32.0
37 41.456295238095244 33.0
37 40.992911904761904 35.0
37 41.113054761904756 34.0
37 40.22862857142857 36.0
38 42.97931190476191 31.0
38 41.97253095238096 32.0
38 41.456295238095244 33.0
38 40.992911904761904 35.0
38 41.113054761904756 34.0
38 40.22862857142857 36.0
39 42.97931190476191 31.0
39 41.97253095238096 32.0
39 41.456295238095244 33.0
39 40.992911904761904 35.0
39 41.113054761904756 34.0
39 40.22862857142857 36.0
40 42.97931190476191 31.0
40 41.97253095238096 32.0
40 41.456295238095244 33.0
40 40.992911904761904 35.0
40 41.113054761904756 34.0
40 40.22862857142857 36.0
41 42.97931190476191 31.0
41 41.97253095238096 32.0
41 41.456295238095244 33.0
41 40.992911904761904 35.0
41 41.113054761904756 34.0
41 40.22862857142857 36.0
42 42.97931190476191 31.0
42 41.97253095238096 32.0
42 41.456295238095244 33.0
42 40.992911904761904 35.0
42 41.113054761904756 34.0
42 40.22862857142857 36.0
43 42.97931190476191 31.0
43 41.97253095238096 32.0
43 41.456295238095244 33.0
43 40.992911904761904 35.0
43 41.113054761904756 34.0
43 40.22862857142857 36.0
44 42.97931190476191 31.0
44 41.97253095238096 32.0
44 41.456295238095244 33.0
44 40.992911904761904 35.0
44 41.113054761904756 34.0
44 40.22862857142857 36.0
45 42.97931190476191 31.0
45 41.97253095238096 32.0
45 40.22862857142857 36.0
45 40.90682619047619 33.0
46 42.97931190476191 31.0
46 41.97253095238096 32.0
46 40.22862857142857 36.0
46 40.90682619047619 33.0
47 42.97931190476191 31.0
47 41.97253095238096 32.0
47 40.22862857142857 36.0
47 40.90682619047619 33.0
48 42.97931190476191 31.0
48 41.97253095238096 32.0
48 40.22862857142857 36.0
48 40.90682619047619 33.0
49 42.97931190476191 31.0
49 41.97253095238096 32.0
49 40.22862857142857 36.0
49 40.90682619047619 33.0
50 42.97931190476191 31.0
50 41.97253095238096 32.0
50 40.22862857142857 36.0
50 40.90682619047619 33.0
51 42.97931190476191 31.0
51 41.97253095238096 32.0
51 40.22862857142857 36.0
51 40.90682619047619 33.0
52 42.97931190476191 31.0
52 41.97253095238096 32.0
52 40.22862857142857 36.0
52 40.90682619047619 33.0
53 42.97931190476191 31.0
53 41.97253095238096 32.0
53 40.22862857142857 36.0
53 40.90682619047619 33.0
54 42.97931190476191 31.0
54 41.97253095238096 32.0
54 40.22862857142857 36.0
54 40.90682619047619 33.0
55 42.97931190476191 31.0
55 41.97253095238096 32.0
55 40.22862857142857 36.0
55 40.90682619047619 33.0
56 42.97931190476191 31.0
56 41.97253095238096 32.0
56 40.22862857142857 36.0
56 40.90682619047619 33.0
57 40.22862857142857 36.0
57 40.90682619047619 33.0
57 41.78688809523809 32.0
57 42.94667857142858 31.0
58 40.22862857142857 36.0
58 40.90682619047619 33.0
58 41.78688809523809 32.0
58 42.94667857142858 31.0
59 40.22862857142857 36.0
59 40.90682619047619 33.0
59 41.78688809523809 32.0
59 42.94667857142858 31.0
60 40.22862857142857 36.0
60 40.90682619047619 33.0
60 41.78688809523809 32.0
60 42.94667857142858 31.0
61 40.22862857142857 36.0
61 40.90682619047619 33.0
61 41.78688809523809 32.0
61 42.94667857142858 31.0
62 40.22862857142857 36.0
62 40.90682619047619 33.0
62 41.78688809523809 32.0
62 42.94667857142858 31.0
63 40.22862857142857 36.0
63 40.90682619047619 33.0
63 41.170990476190475 31.0
64 40.22862857142857 36.0
64 40.90682619047619 33.0
64 41.170990476190475 31.0
65 40.22862857142857 36.0
65 40.90682619047619 33.0
65 41.170990476190475 31.0
66 40.22862857142857 36.0
66 40.90682619047619 33.0
66 41.170990476190475 31.0
67 40.22862857142857 36.0
67 40.90682619047619 33.0
67 41.170990476190475 31.0
68 40.22862857142857 36.0
68 40.90682619047619 33.0
68 41.170990476190475 31.0
69 40.22862857142857 36.0
69 40.90682619047619 33.0
69 41.170990476190475 31.0
70 40.22862857142857 36.0
70 40.90682619047619 33.0
70 41.170990476190475 31.0
71 40.22862857142857 36.0
71 40.90682619047619 33.0
71 41.170990476190475 31.0
72 40.22862857142857 36.0
72 41.170990476190475 31.0
72 40.879571428571424 33.0
73 40.22862857142857 36.0
73 41.170990476190475 31.0
73 40.879571428571424 33.0
74 40.22862857142857 36.0
74 41.170990476190475 31.0
74 40.879571428571424 33.0
75 40.22862857142857 36.0
75 41.170990476190475 31.0
75 40.879571428571424 33.0
76 40.22862857142857 36.0
76 41.170990476190475 31.0
76 40.879571428571424 33.0
77 40.22862857142857 36.0
77 41.170990476190475 31.0
77 40.879571428571424 33.0
78 40.22862857142857 36.0
78 41.170990476190475 31.0
78 40.879571428571424 33.0
79 40.22862857142857 36.0
79 41.170990476190475 31.0
79 40.879571428571424 33.0
80 40.22862857142857 36.0
80 41.170990476190475 31.0
80 40.879571428571424 33.0
81 40.22862857142857 36.0
81 41.170990476190475 31.0
81 40.879571428571424 33.0
82 40.22862857142857 36.0
82 41.170990476190475 31.0
82 40.879571428571424 33.0
83 40.22862857142857 36.0
83 41.170990476190475 31.0
83 40.879571428571424 33.0
84 40.22862857142857 36.0
84 41.170990476190475 31.0
84 40.879571428571424 33.0
85 40.22862857142857 36.0
85 41.170990476190475 31.0
85 40.879571428571424 33.0
86 40.22862857142857 36.0
86 41.170990476190475 31.0
86 40.879571428571424 33.0
87 40.22862857142857 36.0
87 41.170990476190475 31.0
87 40.879571428571424 33.0
88 40.22862857142857 36.0
88 41.170990476190475 31.0
88 40.879571428571424 33.0
89 40.22862857142857 36.0
89 41.170990476190475 31.0
89 40.879571428571424 33.0
90 40.22862857142857 36.0
90 41.170990476190475 31.0
90 40.879571428571424 33.0
91 40.22862857142857 36.0
91 41.170990476190475 31.0
91 40.879571428571424 33.0
92 40.22862857142857 36.0
92 41.170990476190475 31.0
92 40.879571428571424 33.0
93 40.22862857142857 36.0
93 41.170990476190475 31.0
93 40.879571428571424 33.0
94 40.22862857142857 36.0
94 41.170990476190475 31.0
94 40.879571428571424 33.0
95 40.22862857142857 36.0
95 41.170990476190475 31.0
95 40.879571428571424 33.0
96 40.22862857142857 36.0
96 41.170990476190475 31.0
96 40.879571428571424 33.0
97 40.22862857142857 36.0
97 41.170990476190475 31.0
97 40.879571428571424 33.0
98 40.22862857142857 36.0
98 41.170990476190475 31.0
98 40.879571428571424 33.0
99 40.22862857142857 36.0
99 41.170990476190475 31.0
99 40.879571428571424 33.0
100 40.22862857142857 36.0
100 41.170990476190475 31.0
100 40.879571428571424 33.0
