1 45.15953095238095 33.0
1 42.24174047619047 34.0
2 45.15953095238095 33.0
2 42.24174047619047 34.0
3 45.15953095238095 33.0
3 42.24174047619047 34.0
3 42.19962857142857 39.0
4 45.15953095238095 33.0
4 41.5987 34.0
5 41.5987 34.0
5 42.736352380952376 33.0
6 41.5987 34.0
6 42.736352380952376 33.0
7 41.5987 34.0
7 42.736352380952376 33.0
8 41.5987 34.0
8 42.736352380952376 33.0
8 44.64527142857142 32.0
8 41.522864285714284 39.0
9 41.5987 34.0
9 44.64527142857142 32.0
9 41.522864285714284 39.0
9 42.113550000000004 33.0
10 41.5987 34.0
10 44.64527142857142 32.0
10 41.522864285714284 39.0
10 42.113550000000004 33.0
11 41.5987 34.0
11 44.64527142857142 32.0
11 41.522864285714284 39.0
11 42.113550000000004 33.0
12 41.5987 34.0
12 44.64527142857142 32.0
12 42.113550000000004 33.0
12 41.35572142857142 39.0
13 41.5987 34.0
13 44.64527142857142 32.0
13 41.35572142857142 39.0
13 42.03394523809525 33.0
14 44.64527142857142 32.0
14 41.13357142857142 33.0
15 44.64527142857142 32.0
15 41.13357142857142 33.0
16 44.64527142857142 32.0
16 41.13357142857142 33.0
17 44.64527142857142 32.0
17 41.13357142857142 33.0
18 44.64527142857142 32.0
18 41.13357142857142 33.0
18 41.13158095238096 34.0
19 44.64527142857142 32.0
19 41.13357142857142 33.0
19 41.13158095238096 34.0
20 41.13357142857142 33.0
20 41.13158095238096 34.0
20 42.361023809523815 31.0
20 41.071014285714284 36.0
21 41.13357142857142 33.0
21 41.13158095238096 34.0
21 42.361023809523815 31.0
21 41.071014285714284 36.0
22 41.13357142857142 33.0
22 41.13158095238096 34.0
22 42.361023809523815 31.0
22 41.071014285714284 36.0
23 41.13357142857142 33.0
23 41.13158095238096 34.0
23 42.361023809523815 31.0
23 41.071014285714284 36.0
23 41.968690476190474 32.0
24 41.13357142857142 33.0
24 41.13158095238096 34.0
24 42.361023809523815 31.0
24 41.071014285714284 36.0
24 41.968690476190474 32.0
24 40.88110952380953 39.0
25 41.13357142857142 33.0
25 41.13158095238096 34.0
25 42.361023809523815 31.0
25 41.071014285714284 36.0
25 41.968690476190474 32.0
25 40.88110952380953 39.0
26 42.361023809523815 31.0
26 41.968690476190474 32.0
26 40.88110952380953 39.0
26 41.00850476190476 33.0
27 42.361023809523815 31.0
27 41.968690476190474 32.0
27 40.88110952380953 39.0
27 41.00850476190476 33.0
28 42.361023809523815 31.0
28 41.968690476190474 32.0
28 40.88110952380953 39.0
28 41.00850476190476 33.0
29 42.361023809523815 31.0
29 41.968690476190474 32.0
29 40.88110952380953 39.0
29 41.00850476190476 33.0
30 42.361023809523815 31.0
30 41.968690476190474 32.0
30 40.88110952380953 39.0
30 41.00850476190476 33.0
31 42.361023809523815 31.0
31 41.968690476190474 32.0
31 40.88110952380953 39.0
31 41.00850476190476 33.0
32 40.88110952380953 39.0
32 41.00850476190476 33.0
32 41.52616904761904 31.0
33 40.88110952380953 39.0
33 41.00850476190476 33.0
33 41.52616904761904 31.0
34 40.88110952380953 39.0
34 41.00850476190476 33.0
34 41.52616904761904 31.0
35 41.00850476190476 33.0
35 41.52616904761904 31.0
35 40.78494523809523 37.0
36 41.00850476190476 33.0
36 41.52616904761904 31.0
36 40.78494523809523 37.0
37 41.00850476190476 33.0
37 41.52616904761904 31.0
37 40.69996666666666 36.0
38 41.00850476190476 33.0
38 41.52616904761904 31.0
38 40.69996666666666 36.0
39 41.00850476190476 33.0
39 41.52616904761904 31.0
39 40.69996666666666 36.0
40 41.00850476190476 33.0
40 41.52616904761904 31.0
40 40.69996666666666 36.0
41 41.00850476190476 33.0
41 41.52616904761904 31.0
41 40.69996666666666 36.0
42 41.52616904761904 31.0
42 40.539966666666665 33.0
43 41.52616904761904 31.0
43 40.539966666666665 33.0
44 41.52616904761904 31.0
44 40.539966666666665 33.0
45 41.52616904761904 31.0
45 40.539966666666665 33.0
46 41.52616904761904 31.0
46 40.539966666666665 33.0
47 41.52616904761904 31.0
47 40.539966666666665 33.0
48 41.52616904761904 31.0
48 40.539966666666665 33.0
49 41.52616904761904 31.0
49 40.539966666666665 33.0
50 41.52616904761904 31.0
50 40.539966666666665 33.0
50 40.02358095238095 36.0
51 41.52616904761904 31.0
51 40.539966666666665 33.0
51 40.02358095238095 36.0
52 41.52616904761904 31.0
52 40.539966666666665 33.0
52 40.02358095238095 36.0
53 41.52616904761904 31.0
53 40.539966666666665 33.0
53 40.02358095238095 36.0
54 41.52616904761904 31.0
54 40.539966666666665 33.0
54 40.02358095238095 36.0
55 41.52616904761904 31.0
55 40.539966666666665 33.0
55 40.02358095238095 36.0
56 41.52616904761904 31.0
56 40.539966666666665 33.0
56 40.02358095238095 36.0
57 41.52616904761904 31.0
57 40.539966666666665 33.0
57 40.02358095238095 36.0
58 41.52616904761904 31.0
58 40.539966666666665 33.0
58 40.02358095238095 36.0
59 41.52616904761904 31.0
59 40.539966666666665 33.0
59 40.02358095238095 36.0
60 41.52616904761904 31.0
60 40.539966666666665 33.0
60 40.02358095238095 36.0
61 41.52616904761904 31.0
61 40.539966666666665 33.0
61 40.02358095238095 36.0
62 41.52616904761904 31.0
62 40.539966666666665 33.0
62 40.02358095238095 36.0
63 41.52616904761904 31.0
63 40.539966666666665 33.0
63 40.02358095238095 36.0
64 41.52616904761904 31.0
64 40.539966666666665 33.0
64 40.02358095238095 36.0
65 41.52616904761904 31.0
65 40.539966666666665 33.0
65 40.02358095238095 36.0
66 41.52616904761904 31.0
66 40.539966666666665 33.0
66 40.02358095238095 36.0
67 41.52616904761904 31.0
67 40.539966666666665 33.0
67 40.02358095238095 36.0
68 41.52616904761904 31.0
68 40.539966666666665 33.0
68 40.02358095238095 36.0
69 41.52616904761904 31.0
69 40.539966666666665 33.0
69 40.02358095238095 36.0
70 41.52616904761904 31.0
70 40.539966666666665 33.0
70 40.02358095238095 36.0
71 41.52616904761904 31.0
71 40.539966666666665 33.0
71 40.02358095238095 36.0
71 41.10778571428571 32.0
72 41.52616904761904 31.0
72 40.539966666666665 33.0
72 40.02358095238095 36.0
72 41.10778571428571 32.0
73 41.52616904761904 31.0
73 40.539966666666665 33.0
73 40.02358095238095 36.0
73 41.10778571428571 32.0
74 41.52616904761904 31.0
74 40.539966666666665 33.0
74 40.02358095238095 36.0
74 41.10778571428571 32.0
75 41.52616904761904 31.0
75 40.539966666666665 33.0
75 40.02358095238095 36.0
75 41.10778571428571 32.0
76 41.52616904761904 31.0
76 40.539966666666665 33.0
76 40.02358095238095 36.0
76 41.10778571428571 32.0
77 41.52616904761904 31.0
77 40.539966666666665 33.0
77 40.02358095238095 36.0
77 41.10778571428571 32.0
78 41.52616904761904 31.0
78 40.539966666666665 33.0
78 40.02358095238095 36.0
78 41.10778571428571 32.0
79 41.52616904761904 31.0
79 40.539966666666665 33.0
79 40.02358095238095 36.0
79 41.10778571428571 32.0
80 41.52616904761904 31.0
80 40.539966666666665 33.0
80 40.02358095238095 36.0
80 41.10778571428571 32.0
81 41.52616904761904 31.0
81 40.539966666666665 33.0
81 40.02358095238095 36.0
81 41.10778571428571 32.0
82 41.52616904761904 31.0
82 40.539966666666665 33.0
82 40.02358095238095 36.0
82 41.10778571428571 32.0
83 41.52616904761904 31.0
83 40.539966666666665 33.0
83 40.02358095238095 36.0
83 41.10778571428571 32.0
84 41.52616904761904 31.0
84 40.539966666666665 33.0
84 40.02358095238095 36.0
84 41.10778571428571 32.0
85 41.52616904761904 31.0
85 40.539966666666665 33.0
85 40.02358095238095 36.0
85 41.10778571428571 32.0
86 41.52616904761904 31.0
86 40.539966666666665 33.0
86 40.02358095238095 36.0
86 41.10778571428571 32.0
87 41.52616904761904 31.0
87 40.539966666666665 33.0
87 40.02358095238095 36.0
87 41.10778571428571 32.0
88 41.52616904761904 31.0
88 40.539966666666665 33.0
88 40.02358095238095 36.0
88 41.10778571428571 32.0
89 41.52616904761904 31.0
89 40.539966666666665 33.0
89 40.02358095238095 36.0
89 41.10778571428571 32.0
90 41.52616904761904 31.0
90 40.539966666666665 33.0
90 40.02358095238095 36.0
90 41.10778571428571 32.0
91 41.52616904761904 31.0
91 40.539966666666665 33.0
91 40.02358095238095 36.0
91 41.10778571428571 32.0
92 41.52616904761904 31.0
92 40.539966666666665 33.0
92 40.02358095238095 36.0
92 41.10778571428571 32.0
93 41.52616904761904 31.0
93 40.539966666666665 33.0
93 40.02358095238095 36.0
93 41.10778571428571 32.0
94 41.52616904761904 31.0
94 40.539966666666665 33.0
94 40.02358095238095 36.0
94 41.10778571428571 32.0
95 41.52616904761904 31.0
95 40.539966666666665 33.0
95 40.02358095238095 36.0
95 41.10778571428571 32.0
96 41.52616904761904 31.0
96 40.539966666666665 33.0
96 40.02358095238095 36.0
96 41.10778571428571 32.0
97 41.52616904761904 31.0
97 40.539966666666665 33.0
97 40.02358095238095 36.0
97 41.10778571428571 32.0
98 41.52616904761904 31.0
98 40.539966666666665 33.0
98 40.02358095238095 36.0
98 41.10778571428571 32.0
99 41.52616904761904 31.0
99 40.539966666666665 33.0
99 40.02358095238095 36.0
99 41.10778571428571 32.0
100 41.52616904761904 31.0
100 40.539966666666665 33.0
100 40.02358095238095 36.0
100 41.10778571428571 32.0
