1 44.674259523809525 34.0
1 42.4060761904762 39.0
1 43.09844047619048 38.0
2 43.46375952380952 35.0
2 42.4060761904762 39.0
2 43.69547857142857 34.0
3 42.4060761904762 39.0
3 43.69547857142857 34.0
3 42.60990238095238 37.0
4 42.4060761904762 39.0
4 43.69547857142857 34.0
5 42.4060761904762 39.0
5 43.69547857142857 34.0
5 43.37332619047619 35.0
5 41.94405238095238 43.0
6 41.864802380952376 40.0
6 43.23767857142857 34.0
7 41.864802380952376 40.0
7 43.23767857142857 34.0
7 41.88296666666666 36.0
8 41.88296666666666 36.0
8 41.743073809523814 37.0
8 43.04900238095238 32.0
9 41.88296666666666 36.0
9 41.743073809523814 37.0
9 43.04900238095238 32.0
9 42.29002619047619 34.0
10 41.88296666666666 36.0
10 41.743073809523814 37.0
10 43.04900238095238 32.0
11 41.88296666666666 36.0
11 41.743073809523814 37.0
11 43.04900238095238 32.0
12 43.04900238095238 32.0
12 42.830345238095234 33.0
12 41.96752619047619 34.0
12 41.500576190476195 37.0
13 43.04900238095238 32.0
13 42.830345238095234 33.0
13 41.96752619047619 34.0
13 41.500576190476195 37.0
14 41.500576190476195 37.0
14 42.098197619047625 32.0
15 41.500576190476195 37.0
15 42.098197619047625 32.0
16 41.500576190476195 37.0
16 42.098197619047625 32.0
17 42.098197619047625 32.0
17 41.86452619047619 33.0
17 41.01952619047619 38.0
18 42.098197619047625 32.0
18 41.86452619047619 33.0
18 41.01952619047619 38.0
19 42.098197619047625 32.0
19 41.86452619047619 33.0
19 41.01952619047619 38.0
19 41.067840476190476 34.0
20 42.098197619047625 32.0
20 41.01952619047619 38.0
20 41.067840476190476 34.0
21 42.098197619047625 32.0
21 41.01952619047619 38.0
21 41.067840476190476 34.0
22 42.098197619047625 32.0
22 41.01952619047619 38.0
22 41.067840476190476 34.0
23 42.098197619047625 32.0
23 41.01952619047619 38.0
23 41.067840476190476 34.0
24 42.098197619047625 32.0
24 41.01952619047619 38.0
24 41.067840476190476 34.0
25 42.098197619047625 32.0
25 41.01952619047619 38.0
25 41.067840476190476 34.0
26 42.098197619047625 32.0
26 41.01952619047619 38.0
26 41.067840476190476 34.0
27 42.098197619047625 32.0
27 41.01952619047619 38.0
27 41.067840476190476 34.0
28 42.098197619047625 32.0
28 41.01952619047619 38.0
28 41.067840476190476 34.0
29 42.098197619047625 32.0
29 41.01952619047619 38.0
29 41.067840476190476 34.0
30 42.098197619047625 32.0
30 41.86452619047619 33.0
30 41.01200238095238 34.0
31 41.01200238095238 34.0
31 41.6541880952381 32.0
32 41.01200238095238 34.0
32 41.6541880952381 32.0
33 41.01200238095238 34.0
33 41.6541880952381 32.0
34 40.04866666666666 32.0
35 40.04866666666666 32.0
36 40.04866666666666 32.0
37 40.04866666666666 32.0
37 43.15450952380952 30.0
38 40.04866666666666 32.0
38 43.15450952380952 30.0
39 40.04866666666666 32.0
39 43.15450952380952 30.0
40 40.04866666666666 32.0
40 43.15450952380952 30.0
41 40.04866666666666 32.0
41 43.15450952380952 30.0
42 40.04866666666666 32.0
42 43.15450952380952 30.0
43 40.04866666666666 32.0
43 43.15450952380952 30.0
44 40.04866666666666 32.0
44 43.15450952380952 30.0
45 40.04866666666666 32.0
45 43.15450952380952 30.0
46 40.04866666666666 32.0
46 43.15450952380952 30.0
47 40.04866666666666 32.0
47 43.15450952380952 30.0
48 40.04866666666666 32.0
48 43.15450952380952 30.0
49 40.04866666666666 32.0
49 43.15450952380952 30.0
50 40.04866666666666 32.0
50 43.15450952380952 30.0
51 40.04866666666666 32.0
51 43.15450952380952 30.0
52 40.04866666666666 32.0
52 43.15450952380952 30.0
53 40.04866666666666 32.0
53 43.15450952380952 30.0
54 40.04866666666666 32.0
54 43.15450952380952 30.0
55 40.04866666666666 32.0
55 43.15450952380952 30.0
56 40.04866666666666 32.0
56 43.15450952380952 30.0
57 40.04866666666666 32.0
57 43.15450952380952 30.0
58 40.04866666666666 32.0
58 43.15450952380952 30.0
59 40.04866666666666 32.0
59 43.15450952380952 30.0
60 40.04866666666666 32.0
60 43.15450952380952 30.0
61 40.04866666666666 32.0
61 43.15450952380952 30.0
62 40.04866666666666 32.0
62 43.15450952380952 30.0
63 40.04866666666666 32.0
63 43.15450952380952 30.0
64 40.04866666666666 32.0
64 43.15450952380952 30.0
65 40.04866666666666 32.0
65 43.15450952380952 30.0
66 40.04866666666666 32.0
66 43.15450952380952 30.0
67 40.04866666666666 32.0
67 43.15450952380952 30.0
68 40.04866666666666 32.0
68 43.15450952380952 30.0
69 40.04866666666666 32.0
69 43.15450952380952 30.0
70 40.04866666666666 32.0
70 43.15450952380952 30.0
71 40.04866666666666 32.0
71 43.15450952380952 30.0
72 40.04866666666666 32.0
72 43.15450952380952 30.0
73 40.04866666666666 32.0
73 43.15450952380952 30.0
74 40.04866666666666 32.0
74 43.15450952380952 30.0
75 40.04866666666666 32.0
75 43.15450952380952 30.0
76 40.04866666666666 32.0
76 43.15450952380952 30.0
77 40.04866666666666 32.0
77 43.15450952380952 30.0
78 40.04866666666666 32.0
78 43.15450952380952 30.0
79 40.04866666666666 32.0
79 43.15450952380952 30.0
80 40.04866666666666 32.0
80 43.15450952380952 30.0
81 40.04866666666666 32.0
81 43.15450952380952 30.0
82 40.04866666666666 32.0
82 43.15450952380952 30.0
83 40.04866666666666 32.0
83 43.15450952380952 30.0
84 40.04866666666666 32.0
84 43.15450952380952 30.0
85 40.04866666666666 32.0
85 43.15450952380952 30.0
86 40.04866666666666 32.0
86 43.15450952380952 30.0
87 40.04866666666666 32.0
87 43.15450952380952 30.0
88 40.04866666666666 32.0
88 43.15450952380952 30.0
89 40.04866666666666 32.0
89 43.15450952380952 30.0
90 40.04866666666666 32.0
90 43.15450952380952 30.0
91 40.04866666666666 32.0
91 43.15450952380952 30.0
92 40.04866666666666 32.0
92 43.15450952380952 30.0
93 40.04866666666666 32.0
93 43.15450952380952 30.0
94 40.04866666666666 32.0
94 43.15450952380952 30.0
95 40.04866666666666 32.0
95 43.15450952380952 30.0
96 40.04866666666666 32.0
96 43.15450952380952 30.0
97 40.04866666666666 32.0
97 43.15450952380952 30.0
98 40.04866666666666 32.0
98 43.15450952380952 30.0
99 40.04866666666666 32.0
99 43.15450952380952 30.0
100 40.04866666666666 32.0
100 43.15450952380952 30.0
