1 45.56045714285714 33.0
1 43.46539523809523 38.0
1 44.006926190476186 34.0
2 45.56045714285714 33.0
2 44.006926190476186 34.0
2 42.677976190476194 36.0
3 45.56045714285714 33.0
3 44.006926190476186 34.0
3 41.76947619047618 39.0
4 45.56045714285714 33.0
4 44.006926190476186 34.0
4 43.52875238095238 35.0
4 41.76947619047618 39.0
5 45.56045714285714 33.0
5 43.18279523809524 34.0
5 41.511695238095236 38.0
6 45.56045714285714 33.0
6 43.18279523809524 34.0
6 41.511695238095236 38.0
7 41.511695238095236 38.0
7 42.41348571428571 33.0
8 41.511695238095236 38.0
8 42.41348571428571 33.0
8 41.783116666666665 37.0
9 41.511695238095236 38.0
9 42.41348571428571 33.0
10 41.511695238095236 38.0
10 42.41348571428571 33.0
10 42.11902857142857 35.0
11 41.511695238095236 38.0
11 42.025957142857145 32.0
12 41.511695238095236 38.0
12 42.025957142857145 32.0
13 41.511695238095236 38.0
13 42.025957142857145 32.0
14 41.511695238095236 38.0
14 41.914090476190474 35.0
14 41.70625476190476 36.0
14 41.99538333333333 32.0
15 41.511695238095236 38.0
15 41.99538333333333 32.0
15 41.558507142857145 35.0
16 41.99538333333333 32.0
16 41.17734523809524 35.0
17 41.17734523809524 35.0
17 42.964819047619045 31.0
18 41.99538333333333 32.0
18 41.17734523809524 35.0
18 42.964819047619045 31.0
19 41.99538333333333 32.0
19 41.17734523809524 35.0
19 42.964819047619045 31.0
20 41.8166880952381 33.0
20 42.964819047619045 31.0
20 40.83153333333333 38.0
21 42.964819047619045 31.0
21 40.812397619047616 34.0
22 42.964819047619045 31.0
22 40.812397619047616 34.0
23 42.964819047619045 31.0
23 40.812397619047616 34.0
24 42.964819047619045 31.0
24 40.812397619047616 34.0
25 42.964819047619045 31.0
25 40.812397619047616 34.0
26 42.964819047619045 31.0
26 40.812397619047616 34.0
26 40.72137380952381 37.0
27 42.964819047619045 31.0
27 40.812397619047616 34.0
27 40.72137380952381 37.0
28 42.964819047619045 31.0
28 41.19816904761905 33.0
28 40.812397619047616 34.0
28 40.682383333333334 36.0
29 42.964819047619045 31.0
29 40.812397619047616 34.0
29 40.682383333333334 36.0
30 42.964819047619045 31.0
30 40.812397619047616 34.0
30 40.682383333333334 36.0
31 40.682383333333334 36.0
31 42.70924047619048 31.0
32 41.49005714285715 32.0
32 42.70924047619048 31.0
32 40.031933333333335 34.0
33 40.031933333333335 34.0
33 42.7412880952381 30.0
34 40.031933333333335 34.0
34 42.7412880952381 30.0
34 40.98822857142857 32.0
35 40.031933333333335 34.0
35 42.7412880952381 30.0
35 40.98822857142857 32.0
36 40.031933333333335 34.0
36 42.7412880952381 30.0
36 40.98822857142857 32.0
37 40.031933333333335 34.0
37 42.7412880952381 30.0
37 40.98822857142857 32.0
38 40.031933333333335 34.0
38 42.7412880952381 30.0
38 40.98822857142857 32.0
39 40.031933333333335 34.0
39 42.7412880952381 30.0
40 40.031933333333335 34.0
40 42.7412880952381 30.0
41 40.031933333333335 34.0
41 40.412461904761905 29.0
42 40.031933333333335 34.0
42 40.412461904761905 29.0
43 40.031933333333335 34.0
43 40.412461904761905 29.0
44 40.031933333333335 34.0
44 40.412461904761905 29.0
45 40.031933333333335 34.0
45 40.412461904761905 29.0
46 40.031933333333335 34.0
46 40.412461904761905 29.0
47 40.412461904761905 29.0
47 39.41756904761905 34.0
48 40.412461904761905 29.0
48 39.41756904761905 34.0
49 40.412461904761905 29.0
49 39.41756904761905 34.0
50 40.412461904761905 29.0
50 39.41756904761905 34.0
51 40.412461904761905 29.0
51 39.41756904761905 34.0
52 40.412461904761905 29.0
52 39.41756904761905 34.0
53 40.412461904761905 29.0
53 39.41756904761905 34.0
54 40.412461904761905 29.0
54 39.41756904761905 34.0
55 40.412461904761905 29.0
55 39.41756904761905 34.0
56 40.412461904761905 29.0
56 39.41756904761905 34.0
57 40.412461904761905 29.0
57 39.41756904761905 34.0
58 40.412461904761905 29.0
58 39.41756904761905 34.0
59 40.412461904761905 29.0
59 39.41756904761905 34.0
60 40.412461904761905 29.0
60 39.41756904761905 34.0
61 40.412461904761905 29.0
61 39.41756904761905 34.0
62 40.412461904761905 29.0
62 39.41756904761905 34.0
63 40.412461904761905 29.0
63 39.41756904761905 34.0
64 40.412461904761905 29.0
64 39.41756904761905 34.0
65 40.412461904761905 29.0
65 39.41756904761905 34.0
66 40.412461904761905 29.0
66 39.41756904761905 34.0
67 40.412461904761905 29.0
67 39.41756904761905 34.0
68 40.412461904761905 29.0
68 39.41756904761905 34.0
69 40.412461904761905 29.0
69 39.41756904761905 34.0
70 40.412461904761905 29.0
70 39.41756904761905 34.0
71 40.412461904761905 29.0
71 39.41756904761905 34.0
72 40.412461904761905 29.0
72 39.41756904761905 34.0
73 40.412461904761905 29.0
73 39.41756904761905 34.0
74 40.412461904761905 29.0
74 39.41756904761905 34.0
75 40.412461904761905 29.0
75 39.41756904761905 34.0
76 40.412461904761905 29.0
76 39.41756904761905 34.0
77 40.412461904761905 29.0
77 39.41756904761905 34.0
78 40.412461904761905 29.0
78 39.41756904761905 34.0
79 40.412461904761905 29.0
79 39.41756904761905 34.0
80 40.412461904761905 29.0
80 39.41756904761905 34.0
81 40.412461904761905 29.0
81 39.41756904761905 34.0
82 40.412461904761905 29.0
82 39.41756904761905 34.0
83 40.412461904761905 29.0
83 39.41756904761905 34.0
84 40.412461904761905 29.0
84 39.41756904761905 34.0
85 40.412461904761905 29.0
85 39.41756904761905 34.0
86 40.412461904761905 29.0
86 39.41756904761905 34.0
87 40.412461904761905 29.0
87 39.41756904761905 34.0
88 40.412461904761905 29.0
88 39.41756904761905 34.0
89 40.412461904761905 29.0
89 39.41756904761905 34.0
90 40.412461904761905 29.0
90 39.41756904761905 34.0
91 40.412461904761905 29.0
91 39.41756904761905 34.0
92 40.412461904761905 29.0
92 39.41756904761905 34.0
93 40.412461904761905 29.0
93 39.41756904761905 34.0
94 40.412461904761905 29.0
94 39.41756904761905 34.0
95 40.412461904761905 29.0
95 39.41756904761905 34.0
96 40.412461904761905 29.0
96 39.41756904761905 34.0
97 40.412461904761905 29.0
97 39.41756904761905 34.0
98 40.412461904761905 29.0
98 39.41756904761905 34.0
99 40.412461904761905 29.0
99 39.41756904761905 34.0
100 40.412461904761905 29.0
100 39.41756904761905 34.0
