1 43.64106904761905 42.0
1 44.145692857142855 35.0
1 43.38000476190476 43.0
2 42.682071428571426 38.0
2 43.08745952380952 35.0
3 42.682071428571426 38.0
3 43.580373809523806 33.0
3 42.40660476190477 43.0
4 42.682071428571426 38.0
4 43.580373809523806 33.0
4 42.40660476190477 43.0
5 43.580373809523806 33.0
5 42.954673809523804 36.0
5 42.363949999999996 38.0
6 43.580373809523806 33.0
6 42.46637142857143 37.0
6 42.21752380952381 38.0
7 41.78860952380953 37.0
7 42.26560952380952 33.0
8 41.78860952380953 37.0
8 42.26560952380952 33.0
9 41.78860952380953 37.0
9 42.26560952380952 33.0
10 41.78860952380953 37.0
10 42.26560952380952 33.0
11 41.78860952380953 37.0
11 42.26560952380952 33.0
11 41.86692142857142 36.0
12 41.45567857142857 34.0
12 41.399797619047625 38.0
12 42.06882380952381 33.0
13 41.45567857142857 34.0
13 41.399797619047625 38.0
13 42.06882380952381 33.0
13 41.42995476190477 36.0
14 41.45567857142857 34.0
14 41.399797619047625 38.0
14 42.06882380952381 33.0
14 41.42995476190477 36.0
15 42.06882380952381 33.0
15 41.37725952380953 35.0
16 42.06882380952381 33.0
16 41.37725952380953 35.0
17 41.37725952380953 35.0
17 41.770830952380955 33.0
17 41.40351904761905 34.0
18 41.770830952380955 33.0
18 41.40351904761905 34.0
18 41.26849523809524 35.0
19 41.26849523809524 35.0
19 41.45578095238095 32.0
19 41.21810000000001 37.0
20 41.45578095238095 32.0
20 40.41515476190476 37.0
21 41.45578095238095 32.0
21 40.41515476190476 37.0
22 41.45578095238095 32.0
22 40.41515476190476 37.0
23 41.45578095238095 32.0
23 40.41515476190476 37.0
24 41.45578095238095 32.0
24 40.41515476190476 37.0
25 41.45578095238095 32.0
25 40.41515476190476 37.0
26 41.45578095238095 32.0
26 40.41515476190476 37.0
27 41.45578095238095 32.0
27 40.41515476190476 37.0
28 40.41515476190476 37.0
28 41.3870857142857 33.0
28 42.769866666666665 31.0
29 40.41515476190476 37.0
29 42.769866666666665 31.0
29 43.00016666666667 30.0
30 40.41515476190476 37.0
30 42.769866666666665 31.0
30 43.00016666666667 30.0
31 40.41515476190476 37.0
31 42.769866666666665 31.0
31 43.00016666666667 30.0
32 40.41515476190476 37.0
32 42.769866666666665 31.0
32 43.00016666666667 30.0
33 40.41515476190476 37.0
33 43.00016666666667 30.0
34 43.00016666666667 30.0
34 40.62670952380952 35.0
34 40.647380952380956 31.0
34 40.250249999999994 37.0
35 43.00016666666667 30.0
35 40.647380952380956 31.0
35 40.250249999999994 37.0
36 43.00016666666667 30.0
36 40.647380952380956 31.0
36 40.250249999999994 37.0
37 43.00016666666667 30.0
37 40.647380952380956 31.0
37 40.250249999999994 37.0
38 43.00016666666667 30.0
38 40.647380952380956 31.0
38 40.250249999999994 37.0
39 43.00016666666667 30.0
39 40.647380952380956 31.0
39 39.949869047619046 32.0
40 43.00016666666667 30.0
40 40.647380952380956 31.0
40 39.949869047619046 32.0
41 43.00016666666667 30.0
41 40.647380952380956 31.0
41 39.949869047619046 32.0
42 43.00016666666667 30.0
42 40.647380952380956 31.0
42 39.949869047619046 32.0
43 43.00016666666667 30.0
43 40.647380952380956 31.0
43 39.949869047619046 32.0
44 43.00016666666667 30.0
44 40.647380952380956 31.0
44 39.949869047619046 32.0
45 43.00016666666667 30.0
45 40.647380952380956 31.0
45 39.949869047619046 32.0
46 43.00016666666667 30.0
46 40.647380952380956 31.0
46 39.949869047619046 32.0
47 43.00016666666667 30.0
47 40.647380952380956 31.0
47 39.949869047619046 32.0
48 43.00016666666667 30.0
48 40.647380952380956 31.0
48 39.949869047619046 32.0
49 43.00016666666667 30.0
49 40.647380952380956 31.0
49 39.949869047619046 32.0
50 43.00016666666667 30.0
50 40.647380952380956 31.0
50 39.949869047619046 32.0
51 43.00016666666667 30.0
51 40.647380952380956 31.0
51 39.949869047619046 32.0
52 43.00016666666667 30.0
52 40.647380952380956 31.0
52 39.949869047619046 32.0
53 43.00016666666667 30.0
53 40.647380952380956 31.0
53 39.949869047619046 32.0
54 43.00016666666667 30.0
54 40.647380952380956 31.0
54 39.949869047619046 32.0
55 43.00016666666667 30.0
55 40.647380952380956 31.0
55 39.949869047619046 32.0
56 43.00016666666667 30.0
56 40.647380952380956 31.0
56 39.949869047619046 32.0
57 43.00016666666667 30.0
57 40.647380952380956 31.0
57 39.949869047619046 32.0
58 43.00016666666667 30.0
58 40.647380952380956 31.0
58 39.949869047619046 32.0
59 43.00016666666667 30.0
59 40.647380952380956 31.0
59 39.949869047619046 32.0
60 43.00016666666667 30.0
60 40.647380952380956 31.0
60 39.949869047619046 32.0
61 43.00016666666667 30.0
61 40.647380952380956 31.0
61 39.949869047619046 32.0
62 43.00016666666667 30.0
62 40.647380952380956 31.0
62 39.949869047619046 32.0
63 43.00016666666667 30.0
63 40.647380952380956 31.0
63 39.949869047619046 32.0
64 43.00016666666667 30.0
64 40.647380952380956 31.0
64 39.949869047619046 32.0
65 43.00016666666667 30.0
65 40.647380952380956 31.0
65 39.949869047619046 32.0
66 43.00016666666667 30.0
66 40.647380952380956 31.0
66 39.949869047619046 32.0
67 43.00016666666667 30.0
67 40.647380952380956 31.0
67 39.949869047619046 32.0
68 43.00016666666667 30.0
68 40.647380952380956 31.0
68 39.949869047619046 32.0
69 43.00016666666667 30.0
69 40.647380952380956 31.0
69 39.949869047619046 32.0
70 43.00016666666667 30.0
70 40.647380952380956 31.0
70 39.949869047619046 32.0
71 43.00016666666667 30.0
71 40.647380952380956 31.0
71 39.949869047619046 32.0
72 43.00016666666667 30.0
72 40.647380952380956 31.0
72 39.949869047619046 32.0
73 43.00016666666667 30.0
73 40.647380952380956 31.0
73 39.949869047619046 32.0
74 43.00016666666667 30.0
74 40.647380952380956 31.0
74 39.949869047619046 32.0
75 43.00016666666667 30.0
75 40.647380952380956 31.0
75 39.949869047619046 32.0
76 43.00016666666667 30.0
76 40.647380952380956 31.0
76 39.949869047619046 32.0
77 43.00016666666667 30.0
77 40.647380952380956 31.0
77 39.949869047619046 32.0
78 43.00016666666667 30.0
78 40.647380952380956 31.0
78 39.949869047619046 32.0
79 43.00016666666667 30.0
79 40.647380952380956 31.0
79 39.949869047619046 32.0
80 43.00016666666667 30.0
80 40.647380952380956 31.0
80 39.949869047619046 32.0
81 43.00016666666667 30.0
81 40.647380952380956 31.0
81 39.949869047619046 32.0
82 43.00016666666667 30.0
82 40.647380952380956 31.0
82 39.949869047619046 32.0
83 43.00016666666667 30.0
83 40.647380952380956 31.0
83 39.949869047619046 32.0
84 43.00016666666667 30.0
84 40.647380952380956 31.0
84 39.949869047619046 32.0
85 43.00016666666667 30.0
85 40.647380952380956 31.0
85 39.949869047619046 32.0
86 43.00016666666667 30.0
86 40.647380952380956 31.0
86 39.949869047619046 32.0
87 43.00016666666667 30.0
87 40.647380952380956 31.0
87 39.949869047619046 32.0
88 43.00016666666667 30.0
88 40.647380952380956 31.0
88 39.949869047619046 32.0
89 43.00016666666667 30.0
89 40.647380952380956 31.0
89 39.949869047619046 32.0
90 43.00016666666667 30.0
90 40.647380952380956 31.0
90 39.949869047619046 32.0
91 43.00016666666667 30.0
91 40.647380952380956 31.0
91 39.949869047619046 32.0
92 43.00016666666667 30.0
92 40.647380952380956 31.0
92 39.949869047619046 32.0
93 43.00016666666667 30.0
93 40.647380952380956 31.0
93 39.949869047619046 32.0
94 43.00016666666667 30.0
94 40.647380952380956 31.0
94 39.949869047619046 32.0
95 43.00016666666667 30.0
95 40.647380952380956 31.0
95 39.949869047619046 32.0
96 43.00016666666667 30.0
96 40.647380952380956 31.0
96 39.949869047619046 32.0
97 43.00016666666667 30.0
97 40.647380952380956 31.0
97 39.949869047619046 32.0
98 43.00016666666667 30.0
98 40.647380952380956 31.0
98 39.949869047619046 32.0
99 43.00016666666667 30.0
99 40.647380952380956 31.0
99 39.949869047619046 32.0
100 43.00016666666667 30.0
100 40.647380952380956 31.0
100 39.949869047619046 32.0
