1 42.882047619047626 39.0
1 43.23335238095238 34.0
2 42.22694285714286 37.0
2 44.73350952380954 32.0
3 42.22694285714286 37.0
3 44.73350952380954 32.0
4 43.23335238095238 34.0
4 42.22694285714286 37.0
4 44.73350952380954 32.0
5 43.23335238095238 34.0
5 44.73350952380954 32.0
5 42.13637380952381 35.0
6 43.23335238095238 34.0
6 44.73350952380954 32.0
6 42.13637380952381 35.0
7 43.23335238095238 34.0
7 44.73350952380954 32.0
7 42.13637380952381 35.0
7 42.01151190476191 40.0
8 44.73350952380954 32.0
8 41.07826904761905 37.0
9 44.73350952380954 32.0
9 41.07826904761905 37.0
10 44.73350952380954 32.0
10 41.07826904761905 37.0
11 44.73350952380954 32.0
11 41.07826904761905 37.0
12 44.73350952380954 32.0
12 41.039902380952384 36.0
13 44.73350952380954 32.0
13 41.039902380952384 36.0
14 44.73350952380954 32.0
14 41.039902380952384 36.0
15 44.73350952380954 32.0
15 41.039902380952384 36.0
15 40.5360119047619 39.0
16 44.73350952380954 32.0
16 40.48595952380953 38.0
17 44.73350952380954 32.0
17 40.48595952380953 38.0
18 44.73350952380954 32.0
18 40.48595952380953 38.0
19 40.48595952380953 38.0
19 42.516861904761896 31.0
20 40.48595952380953 38.0
20 42.516861904761896 31.0
20 42.34374523809524 32.0
21 40.48595952380953 38.0
21 42.516861904761896 31.0
21 42.34374523809524 32.0
22 40.48595952380953 38.0
22 42.516861904761896 31.0
22 42.34374523809524 32.0
23 40.48595952380953 38.0
23 42.516861904761896 31.0
23 42.116435714285714 32.0
24 40.48595952380953 38.0
24 42.516861904761896 31.0
25 40.48595952380953 38.0
25 42.516861904761896 31.0
25 41.9806 34.0
26 40.48595952380953 38.0
26 40.62261428571429 31.0
27 40.48595952380953 38.0
27 40.62261428571429 31.0
28 40.48595952380953 38.0
28 40.62261428571429 31.0
29 40.48595952380953 38.0
29 40.62261428571429 31.0
30 40.48595952380953 38.0
30 40.62261428571429 31.0
31 40.62261428571429 31.0
31 40.48592619047619 38.0
32 40.62261428571429 31.0
32 40.48592619047619 38.0
33 40.62261428571429 31.0
33 40.48592619047619 38.0
34 40.62261428571429 31.0
34 40.48592619047619 38.0
35 40.62261428571429 31.0
35 40.48592619047619 38.0
36 40.62261428571429 31.0
36 40.48592619047619 38.0
37 40.62261428571429 31.0
37 40.48592619047619 38.0
38 40.62261428571429 31.0
38 40.48592619047619 38.0
39 40.62261428571429 31.0
39 40.48592619047619 38.0
40 40.62261428571429 31.0
40 40.48592619047619 38.0
41 40.62261428571429 31.0
41 39.915033333333334 36.0
42 40.62261428571429 31.0
42 39.915033333333334 36.0
43 40.62261428571429 31.0
43 39.915033333333334 36.0
44 40.62261428571429 31.0
44 39.915033333333334 36.0
45 40.62261428571429 31.0
45 39.915033333333334 36.0
46 40.62261428571429 31.0
46 39.915033333333334 36.0
47 40.62261428571429 31.0
47 39.915033333333334 36.0
48 40.62261428571429 31.0
48 39.915033333333334 36.0
49 40.62261428571429 31.0
49 39.915033333333334 36.0
50 40.62261428571429 31.0
50 39.915033333333334 36.0
51 40.62261428571429 31.0
51 39.915033333333334 36.0
52 40.62261428571429 31.0
52 39.915033333333334 36.0
53 40.62261428571429 31.0
53 39.915033333333334 36.0
54 40.62261428571429 31.0
54 39.915033333333334 36.0
55 40.62261428571429 31.0
55 39.915033333333334 36.0
56 40.62261428571429 31.0
56 39.915033333333334 36.0
57 40.62261428571429 31.0
57 39.915033333333334 36.0
58 40.62261428571429 31.0
58 39.915033333333334 36.0
59 40.62261428571429 31.0
59 39.915033333333334 36.0
60 40.62261428571429 31.0
60 39.915033333333334 36.0
61 40.62261428571429 31.0
61 39.915033333333334 36.0
61 40.12039047619048 35.0
62 40.62261428571429 31.0
62 39.915033333333334 36.0
62 40.12039047619048 35.0
63 40.62261428571429 31.0
63 39.915033333333334 36.0
63 40.12039047619048 35.0
64 40.62261428571429 31.0
64 39.915033333333334 36.0
64 40.12039047619048 35.0
65 40.62261428571429 31.0
65 39.915033333333334 36.0
65 40.12039047619048 35.0
66 40.62261428571429 31.0
66 39.915033333333334 36.0
66 40.12039047619048 35.0
67 40.62261428571429 31.0
67 39.915033333333334 36.0
67 40.12039047619048 35.0
68 40.62261428571429 31.0
68 39.915033333333334 36.0
68 40.12039047619048 35.0
69 40.62261428571429 31.0
69 39.915033333333334 36.0
69 40.12039047619048 35.0
70 40.62261428571429 31.0
70 39.915033333333334 36.0
70 40.12039047619048 35.0
71 40.62261428571429 31.0
71 39.915033333333334 36.0
71 40.12039047619048 35.0
72 40.62261428571429 31.0
72 39.915033333333334 36.0
72 40.12039047619048 35.0
73 40.62261428571429 31.0
73 39.915033333333334 36.0
73 40.12039047619048 35.0
74 40.62261428571429 31.0
74 39.915033333333334 36.0
74 40.12039047619048 35.0
75 40.62261428571429 31.0
75 39.915033333333334 36.0
75 40.12039047619048 35.0
76 40.62261428571429 31.0
76 39.915033333333334 36.0
76 40.12039047619048 35.0
77 40.62261428571429 31.0
77 39.915033333333334 36.0
77 40.12039047619048 35.0
78 40.62261428571429 31.0
78 39.915033333333334 36.0
78 40.12039047619048 35.0
79 40.62261428571429 31.0
79 39.915033333333334 36.0
79 40.12039047619048 35.0
80 40.62261428571429 31.0
80 39.915033333333334 36.0
80 40.12039047619048 35.0
81 40.62261428571429 31.0
81 39.915033333333334 36.0
81 40.12039047619048 35.0
82 40.62261428571429 31.0
82 39.915033333333334 36.0
82 40.12039047619048 35.0
83 40.62261428571429 31.0
83 39.915033333333334 36.0
83 40.12039047619048 35.0
84 40.62261428571429 31.0
84 39.915033333333334 36.0
84 40.12039047619048 35.0
85 40.62261428571429 31.0
85 39.915033333333334 36.0
85 40.12039047619048 35.0
86 40.62261428571429 31.0
86 39.915033333333334 36.0
86 40.12039047619048 35.0
87 40.62261428571429 31.0
87 39.915033333333334 36.0
87 40.12039047619048 35.0
88 40.62261428571429 31.0
88 39.915033333333334 36.0
88 40.12039047619048 35.0
89 40.62261428571429 31.0
89 39.915033333333334 36.0
89 40.12039047619048 35.0
90 40.62261428571429 31.0
90 39.915033333333334 36.0
90 40.12039047619048 35.0
91 40.62261428571429 31.0
91 39.915033333333334 36.0
91 40.12039047619048 35.0
92 40.62261428571429 31.0
92 39.915033333333334 36.0
92 40.12039047619048 35.0
93 40.62261428571429 31.0
93 39.915033333333334 36.0
93 40.12039047619048 35.0
94 40.62261428571429 31.0
94 39.915033333333334 36.0
94 40.12039047619048 35.0
95 40.62261428571429 31.0
95 39.915033333333334 36.0
95 40.12039047619048 35.0
96 40.62261428571429 31.0
96 39.915033333333334 36.0
96 40.12039047619048 35.0
97 40.62261428571429 31.0
97 39.915033333333334 36.0
97 40.12039047619048 35.0
98 40.62261428571429 31.0
98 39.915033333333334 36.0
98 40.12039047619048 35.0
99 40.62261428571429 31.0
99 39.915033333333334 36.0
99 40.12039047619048 35.0
100 40.62261428571429 31.0
100 39.915033333333334 36.0
100 40.12039047619048 35.0
