1 45.56045714285714 33.0
1 43.46539523809523 38.0
1 44.006926190476186 34.0
1 43.52875238095238 35.0
2 45.56045714285714 33.0
2 44.006926190476186 34.0
2 43.52875238095238 35.0
2 42.74704523809523 37.0
3 45.56045714285714 33.0
3 44.006926190476186 34.0
3 43.52875238095238 35.0
3 42.74704523809523 37.0
3 43.13955952380951 36.0
3 42.52529047619048 39.0
4 45.56045714285714 33.0
4 42.52529047619048 39.0
4 42.36184523809523 41.0
4 42.56943333333334 37.0
4 42.91397142857142 35.0
4 43.30773095238095 34.0
4 42.834661904761894 36.0
5 45.56045714285714 33.0
5 42.52529047619048 39.0
5 42.56943333333334 37.0
5 42.91397142857142 35.0
5 43.30773095238095 34.0
5 42.60238809523809 36.0
5 42.07096428571429 40.0
6 45.56045714285714 33.0
6 42.91397142857142 35.0
6 43.30773095238095 34.0
6 42.06061428571428 36.0
7 45.56045714285714 33.0
7 42.06061428571428 36.0
7 42.505764285714285 34.0
8 42.505764285714285 34.0
8 41.7487 35.0
8 43.1555880952381 31.0
8 43.14876904761904 33.0
9 42.505764285714285 34.0
9 41.7487 35.0
9 43.1555880952381 31.0
9 43.14876904761904 33.0
10 42.505764285714285 34.0
10 41.7487 35.0
10 43.1555880952381 31.0
10 42.65474047619048 33.0
11 41.7487 35.0
11 43.1555880952381 31.0
11 42.337861904761894 32.0
12 41.7487 35.0
12 43.1555880952381 31.0
12 42.337861904761894 32.0
13 41.7487 35.0
13 43.1555880952381 31.0
13 42.337861904761894 32.0
14 41.7487 35.0
14 43.1555880952381 31.0
14 42.337861904761894 32.0
15 41.7487 35.0
15 43.1555880952381 31.0
15 42.337861904761894 32.0
15 42.069221428571424 34.0
15 41.30155476190476 36.0
16 41.7487 35.0
16 42.337861904761894 32.0
16 42.069221428571424 34.0
16 41.30155476190476 36.0
16 43.13809523809523 31.0
17 41.7487 35.0
17 42.337861904761894 32.0
17 42.069221428571424 34.0
17 41.30155476190476 36.0
17 43.13809523809523 31.0
18 41.7487 35.0
18 42.337861904761894 32.0
18 41.30155476190476 36.0
18 43.13809523809523 31.0
18 41.76105952380953 33.0
19 41.7487 35.0
19 42.337861904761894 32.0
19 41.30155476190476 36.0
19 43.13809523809523 31.0
19 41.76105952380953 33.0
20 41.7487 35.0
20 42.337861904761894 32.0
20 41.30155476190476 36.0
20 43.13809523809523 31.0
20 41.76105952380953 33.0
20 40.83588333333333 38.0
21 41.7487 35.0
21 42.337861904761894 32.0
21 41.30155476190476 36.0
21 43.13809523809523 31.0
21 41.76105952380953 33.0
21 40.83588333333333 38.0
22 41.7487 35.0
22 42.337861904761894 32.0
22 41.30155476190476 36.0
22 43.13809523809523 31.0
22 41.76105952380953 33.0
22 40.83588333333333 38.0
23 41.7487 35.0
23 42.337861904761894 32.0
23 41.30155476190476 36.0
23 41.76105952380953 33.0
23 40.83588333333333 38.0
23 42.676066666666664 31.0
24 42.337861904761894 32.0
24 42.676066666666664 31.0
24 40.79947857142857 36.0
24 41.36248333333333 33.0
25 42.337861904761894 32.0
25 42.676066666666664 31.0
25 40.79947857142857 36.0
25 41.36248333333333 33.0
26 42.337861904761894 32.0
26 42.676066666666664 31.0
26 40.79947857142857 36.0
26 41.36248333333333 33.0
27 42.337861904761894 32.0
27 42.676066666666664 31.0
27 40.79947857142857 36.0
27 41.36248333333333 33.0
28 42.337861904761894 32.0
28 42.676066666666664 31.0
28 40.79947857142857 36.0
28 41.36248333333333 33.0
29 42.337861904761894 32.0
29 42.676066666666664 31.0
29 41.36248333333333 33.0
29 40.71021666666667 35.0
30 42.337861904761894 32.0
30 42.676066666666664 31.0
30 41.36248333333333 33.0
30 40.71021666666667 35.0
31 42.337861904761894 32.0
31 42.676066666666664 31.0
31 41.36248333333333 33.0
31 40.71021666666667 35.0
32 42.337861904761894 32.0
32 42.676066666666664 31.0
32 41.36248333333333 33.0
32 40.71021666666667 35.0
32 41.336864285714285 34.0
33 42.337861904761894 32.0
33 42.676066666666664 31.0
33 41.36248333333333 33.0
33 40.71021666666667 35.0
33 41.336864285714285 34.0
34 42.337861904761894 32.0
34 41.36248333333333 33.0
34 40.71021666666667 35.0
34 41.336864285714285 34.0
34 42.56529761904763 31.0
35 42.337861904761894 32.0
35 41.36248333333333 33.0
35 40.71021666666667 35.0
35 41.336864285714285 34.0
35 42.56529761904763 31.0
36 42.337861904761894 32.0
36 40.71021666666667 35.0
36 42.56529761904763 31.0
36 41.2202738095238 33.0
37 42.337861904761894 32.0
37 40.71021666666667 35.0
37 42.56529761904763 31.0
37 41.2202738095238 33.0
38 42.337861904761894 32.0
38 40.71021666666667 35.0
38 42.56529761904763 31.0
38 41.2202738095238 33.0
39 42.337861904761894 32.0
39 40.71021666666667 35.0
39 42.56529761904763 31.0
39 41.2202738095238 33.0
40 42.337861904761894 32.0
40 40.71021666666667 35.0
40 42.56529761904763 31.0
40 41.2202738095238 33.0
41 42.337861904761894 32.0
41 40.71021666666667 35.0
41 42.56529761904763 31.0
41 41.2202738095238 33.0
42 42.337861904761894 32.0
42 40.71021666666667 35.0
42 42.56529761904763 31.0
42 41.2202738095238 33.0
43 42.337861904761894 32.0
43 40.71021666666667 35.0
43 42.56529761904763 31.0
43 41.2202738095238 33.0
44 42.337861904761894 32.0
44 40.71021666666667 35.0
44 42.56529761904763 31.0
44 41.2202738095238 33.0
45 40.71021666666667 35.0
45 42.56529761904763 31.0
45 41.2202738095238 33.0
45 40.35845 36.0
45 41.50307619047619 32.0
46 40.71021666666667 35.0
46 42.56529761904763 31.0
46 41.2202738095238 33.0
46 40.35845 36.0
46 41.50307619047619 32.0
47 40.71021666666667 35.0
47 42.56529761904763 31.0
47 41.2202738095238 33.0
47 40.35845 36.0
47 41.50307619047619 32.0
48 40.71021666666667 35.0
48 42.56529761904763 31.0
48 41.2202738095238 33.0
48 40.35845 36.0
48 41.50307619047619 32.0
49 40.71021666666667 35.0
49 42.56529761904763 31.0
49 41.2202738095238 33.0
49 40.35845 36.0
49 41.50307619047619 32.0
50 40.71021666666667 35.0
50 42.56529761904763 31.0
50 41.2202738095238 33.0
50 40.35845 36.0
50 41.50307619047619 32.0
51 40.71021666666667 35.0
51 42.56529761904763 31.0
51 41.2202738095238 33.0
51 40.35845 36.0
51 41.50307619047619 32.0
52 40.71021666666667 35.0
52 42.56529761904763 31.0
52 41.2202738095238 33.0
52 40.35845 36.0
52 41.50307619047619 32.0
53 40.71021666666667 35.0
53 42.56529761904763 31.0
53 41.2202738095238 33.0
53 40.35845 36.0
53 41.50307619047619 32.0
54 40.71021666666667 35.0
54 42.56529761904763 31.0
54 41.2202738095238 33.0
54 40.35845 36.0
54 41.50307619047619 32.0
55 40.71021666666667 35.0
55 42.56529761904763 31.0
55 41.2202738095238 33.0
55 40.35845 36.0
55 41.50307619047619 32.0
56 40.71021666666667 35.0
56 42.56529761904763 31.0
56 41.2202738095238 33.0
56 40.35845 36.0
56 41.50307619047619 32.0
57 40.71021666666667 35.0
57 42.56529761904763 31.0
57 41.2202738095238 33.0
57 40.35845 36.0
57 41.50307619047619 32.0
58 40.71021666666667 35.0
58 42.56529761904763 31.0
58 41.2202738095238 33.0
58 40.35845 36.0
58 41.50307619047619 32.0
59 40.71021666666667 35.0
59 42.56529761904763 31.0
59 41.2202738095238 33.0
59 40.35845 36.0
59 41.50307619047619 32.0
60 40.71021666666667 35.0
60 42.56529761904763 31.0
60 41.2202738095238 33.0
60 40.35845 36.0
60 41.50307619047619 32.0
61 40.71021666666667 35.0
61 41.2202738095238 33.0
61 40.35845 36.0
61 41.50307619047619 32.0
61 41.902942857142854 31.0
62 40.71021666666667 35.0
62 41.2202738095238 33.0
62 40.35845 36.0
62 41.50307619047619 32.0
62 41.902942857142854 31.0
63 40.71021666666667 35.0
63 41.2202738095238 33.0
63 40.35845 36.0
63 41.50307619047619 32.0
63 41.902942857142854 31.0
64 40.35845 36.0
64 41.902942857142854 31.0
64 40.56885476190475 32.0
65 40.35845 36.0
65 41.902942857142854 31.0
65 40.56885476190475 32.0
66 40.35845 36.0
66 41.902942857142854 31.0
66 40.56885476190475 32.0
67 40.35845 36.0
67 41.902942857142854 31.0
67 40.56885476190475 32.0
68 40.35845 36.0
68 41.902942857142854 31.0
68 40.56885476190475 32.0
69 40.35845 36.0
69 41.902942857142854 31.0
69 40.56885476190475 32.0
70 40.35845 36.0
70 41.902942857142854 31.0
70 40.56885476190475 32.0
71 40.35845 36.0
71 41.902942857142854 31.0
71 40.56885476190475 32.0
72 40.35845 36.0
72 41.902942857142854 31.0
72 40.56885476190475 32.0
73 40.35845 36.0
73 41.902942857142854 31.0
73 40.56885476190475 32.0
74 40.35845 36.0
74 41.902942857142854 31.0
74 40.56885476190475 32.0
75 40.35845 36.0
75 41.902942857142854 31.0
75 40.56885476190475 32.0
76 40.35845 36.0
76 41.902942857142854 31.0
76 40.56885476190475 32.0
77 40.35845 36.0
77 41.902942857142854 31.0
77 40.56885476190475 32.0
78 40.35845 36.0
78 41.902942857142854 31.0
78 40.56885476190475 32.0
79 40.35845 36.0
79 41.902942857142854 31.0
79 40.56885476190475 32.0
80 40.35845 36.0
80 41.902942857142854 31.0
80 40.56885476190475 32.0
81 40.35845 36.0
81 41.902942857142854 31.0
81 40.56885476190475 32.0
82 40.35845 36.0
82 41.902942857142854 31.0
82 40.56885476190475 32.0
83 40.35845 36.0
83 41.902942857142854 31.0
83 40.56885476190475 32.0
84 40.35845 36.0
84 41.902942857142854 31.0
84 40.56885476190475 32.0
85 40.35845 36.0
85 41.902942857142854 31.0
85 40.56885476190475 32.0
86 40.35845 36.0
86 41.902942857142854 31.0
86 40.56885476190475 32.0
87 40.35845 36.0
87 41.902942857142854 31.0
87 40.56885476190475 32.0
88 40.35845 36.0
88 41.902942857142854 31.0
88 40.56885476190475 32.0
89 40.35845 36.0
89 41.902942857142854 31.0
89 40.56885476190475 32.0
90 40.35845 36.0
90 41.902942857142854 31.0
90 40.56885476190475 32.0
91 40.35845 36.0
91 41.902942857142854 31.0
91 40.56885476190475 32.0
92 40.35845 36.0
92 41.902942857142854 31.0
92 40.56885476190475 32.0
93 40.35845 36.0
93 41.902942857142854 31.0
93 40.56885476190475 32.0
94 40.35845 36.0
94 41.902942857142854 31.0
94 40.56885476190475 32.0
95 40.35845 36.0
95 41.902942857142854 31.0
95 40.56885476190475 32.0
96 40.35845 36.0
96 41.902942857142854 31.0
96 40.56885476190475 32.0
97 40.35845 36.0
97 41.902942857142854 31.0
97 40.56885476190475 32.0
98 40.35845 36.0
98 41.902942857142854 31.0
98 40.56885476190475 32.0
99 40.35845 36.0
99 41.902942857142854 31.0
99 40.56885476190475 32.0
100 40.35845 36.0
100 41.902942857142854 31.0
100 40.56885476190475 32.0
