1 43.64106904761905 42.0
1 44.145692857142855 35.0
1 43.70844761904761 36.0
1 43.38000476190476 43.0
2 44.145692857142855 35.0
2 44.69981428571428 33.0
2 42.899235714285716 37.0
2 43.41730238095238 36.0
3 42.53899761904761 33.0
3 42.686745238095234 32.0
4 42.53899761904761 33.0
4 42.686745238095234 32.0
4 41.963797619047625 37.0
5 42.53899761904761 33.0
5 42.686745238095234 32.0
5 41.963797619047625 37.0
5 42.400485714285715 36.0
6 42.53899761904761 33.0
6 42.686745238095234 32.0
6 41.963797619047625 37.0
6 42.400485714285715 36.0
7 42.53899761904761 33.0
7 42.686745238095234 32.0
7 41.963797619047625 37.0
7 42.51463571428572 34.0
7 42.377897619047616 35.0
8 42.686745238095234 32.0
8 41.412309523809526 35.0
8 42.39541428571429 33.0
9 42.686745238095234 32.0
9 41.412309523809526 35.0
9 42.39541428571429 33.0
10 42.686745238095234 32.0
10 42.39541428571429 33.0
10 41.00168095238095 35.0
10 41.51410238095238 34.0
11 42.686745238095234 32.0
11 42.39541428571429 33.0
11 41.00168095238095 35.0
11 41.51410238095238 34.0
12 41.00168095238095 35.0
12 41.51410238095238 34.0
12 41.73458333333333 31.0
13 41.00168095238095 35.0
13 41.51410238095238 34.0
13 41.73458333333333 31.0
14 41.00168095238095 35.0
14 41.51410238095238 34.0
14 41.73458333333333 31.0
15 41.00168095238095 35.0
15 41.51410238095238 34.0
15 41.73458333333333 31.0
16 41.00168095238095 35.0
16 41.51410238095238 34.0
16 41.73458333333333 31.0
17 41.00168095238095 35.0
17 41.51410238095238 34.0
17 41.73458333333333 31.0
18 41.00168095238095 35.0
18 41.51410238095238 34.0
18 41.73458333333333 31.0
19 41.00168095238095 35.0
19 41.51410238095238 34.0
19 41.73458333333333 31.0
20 41.00168095238095 35.0
20 41.73458333333333 31.0
20 41.00292380952381 32.0
21 41.00168095238095 35.0
21 41.73458333333333 31.0
21 41.00292380952381 32.0
21 40.87126904761905 36.0
22 41.00168095238095 35.0
22 41.73458333333333 31.0
22 41.00292380952381 32.0
22 40.87126904761905 36.0
23 41.00168095238095 35.0
23 41.73458333333333 31.0
23 41.00292380952381 32.0
23 40.87126904761905 36.0
24 41.00168095238095 35.0
24 41.73458333333333 31.0
24 41.00292380952381 32.0
24 40.87126904761905 36.0
25 41.00168095238095 35.0
25 41.73458333333333 31.0
25 41.00292380952381 32.0
25 40.87126904761905 36.0
26 41.00168095238095 35.0
26 41.73458333333333 31.0
26 41.00292380952381 32.0
26 40.87126904761905 36.0
27 41.00168095238095 35.0
27 41.73458333333333 31.0
27 41.00292380952381 32.0
27 40.87126904761905 36.0
28 41.73458333333333 31.0
28 41.00292380952381 32.0
28 40.87126904761905 36.0
28 40.92132619047619 35.0
29 41.73458333333333 31.0
29 41.00292380952381 32.0
29 40.87126904761905 36.0
29 40.92132619047619 35.0
30 41.73458333333333 31.0
30 41.00292380952381 32.0
30 40.92132619047619 35.0
30 40.58513571428571 36.0
31 41.73458333333333 31.0
31 41.00292380952381 32.0
31 40.92132619047619 35.0
31 40.58513571428571 36.0
32 41.73458333333333 31.0
32 41.00292380952381 32.0
32 40.92132619047619 35.0
32 40.58513571428571 36.0
33 41.73458333333333 31.0
33 41.00292380952381 32.0
33 40.92132619047619 35.0
33 40.58513571428571 36.0
34 41.73458333333333 31.0
34 41.00292380952381 32.0
34 40.92132619047619 35.0
34 40.58513571428571 36.0
35 41.73458333333333 31.0
35 41.00292380952381 32.0
35 40.92132619047619 35.0
35 40.58513571428571 36.0
36 41.00292380952381 32.0
36 40.92132619047619 35.0
36 40.58513571428571 36.0
36 41.707730952380956 30.0
36 40.4966380952381 40.0
37 41.00292380952381 32.0
37 40.92132619047619 35.0
37 40.58513571428571 36.0
37 41.707730952380956 30.0
37 40.4966380952381 40.0
38 41.00292380952381 32.0
38 40.58513571428571 36.0
38 41.707730952380956 30.0
38 40.4966380952381 40.0
38 40.64480714285715 35.0
39 41.707730952380956 30.0
39 40.4966380952381 40.0
39 40.55009761904762 31.0
40 41.707730952380956 30.0
40 40.4966380952381 40.0
40 40.55009761904762 31.0
41 41.707730952380956 30.0
41 40.4966380952381 40.0
41 40.55009761904762 31.0
42 41.707730952380956 30.0
42 40.4966380952381 40.0
42 40.55009761904762 31.0
43 41.707730952380956 30.0
43 40.4966380952381 40.0
43 40.55009761904762 31.0
44 41.707730952380956 30.0
44 40.4966380952381 40.0
44 40.55009761904762 31.0
45 41.707730952380956 30.0
45 40.4966380952381 40.0
45 40.55009761904762 31.0
46 41.707730952380956 30.0
46 40.4966380952381 40.0
46 40.55009761904762 31.0
47 41.707730952380956 30.0
47 40.4966380952381 40.0
47 40.55009761904762 31.0
48 41.707730952380956 30.0
48 40.4966380952381 40.0
48 40.55009761904762 31.0
49 41.707730952380956 30.0
49 40.4966380952381 40.0
49 40.55009761904762 31.0
50 41.707730952380956 30.0
50 40.4966380952381 40.0
50 40.55009761904762 31.0
51 41.707730952380956 30.0
51 40.4966380952381 40.0
51 40.55009761904762 31.0
52 41.707730952380956 30.0
52 40.4966380952381 40.0
52 40.55009761904762 31.0
53 41.707730952380956 30.0
53 40.55009761904762 31.0
53 40.49067380952381 35.0
54 41.707730952380956 30.0
54 40.55009761904762 31.0
54 40.49067380952381 35.0
55 41.707730952380956 30.0
55 40.55009761904762 31.0
55 40.49067380952381 35.0
56 41.707730952380956 30.0
56 40.55009761904762 31.0
56 40.49067380952381 35.0
57 41.707730952380956 30.0
57 40.55009761904762 31.0
57 40.49067380952381 35.0
58 41.707730952380956 30.0
58 40.55009761904762 31.0
58 40.49067380952381 35.0
59 41.707730952380956 30.0
59 40.55009761904762 31.0
59 40.49067380952381 35.0
60 41.707730952380956 30.0
60 40.55009761904762 31.0
60 40.49067380952381 35.0
61 41.707730952380956 30.0
61 40.55009761904762 31.0
61 40.49067380952381 35.0
62 41.707730952380956 30.0
62 40.55009761904762 31.0
62 40.49067380952381 35.0
63 41.707730952380956 30.0
63 40.55009761904762 31.0
63 40.49067380952381 35.0
64 41.707730952380956 30.0
64 40.55009761904762 31.0
64 40.49067380952381 35.0
65 41.707730952380956 30.0
65 40.55009761904762 31.0
65 40.49067380952381 35.0
66 41.707730952380956 30.0
66 40.55009761904762 31.0
66 40.49067380952381 35.0
67 41.707730952380956 30.0
67 40.55009761904762 31.0
67 40.49067380952381 35.0
68 41.707730952380956 30.0
68 40.55009761904762 31.0
68 40.49067380952381 35.0
69 41.707730952380956 30.0
69 40.55009761904762 31.0
69 40.40511190476191 35.0
70 41.707730952380956 30.0
70 40.55009761904762 31.0
70 40.40511190476191 35.0
71 41.707730952380956 30.0
71 40.55009761904762 31.0
71 40.40511190476191 35.0
72 41.707730952380956 30.0
72 40.55009761904762 31.0
72 40.1558380952381 34.0
73 41.707730952380956 30.0
73 40.55009761904762 31.0
73 40.1558380952381 34.0
74 41.707730952380956 30.0
74 40.55009761904762 31.0
74 40.1558380952381 34.0
75 41.707730952380956 30.0
75 40.55009761904762 31.0
75 40.1558380952381 34.0
76 41.707730952380956 30.0
76 40.55009761904762 31.0
76 40.1558380952381 34.0
77 41.707730952380956 30.0
77 40.55009761904762 31.0
77 40.1558380952381 34.0
78 41.707730952380956 30.0
78 40.55009761904762 31.0
78 40.1558380952381 34.0
79 41.707730952380956 30.0
79 40.55009761904762 31.0
79 40.1558380952381 34.0
80 41.707730952380956 30.0
80 40.55009761904762 31.0
80 40.1558380952381 34.0
81 41.707730952380956 30.0
81 40.55009761904762 31.0
81 40.1558380952381 34.0
82 41.707730952380956 30.0
82 40.55009761904762 31.0
82 40.1558380952381 34.0
83 41.707730952380956 30.0
83 40.55009761904762 31.0
83 40.1558380952381 34.0
84 41.707730952380956 30.0
84 40.55009761904762 31.0
84 40.1558380952381 34.0
85 41.707730952380956 30.0
85 40.55009761904762 31.0
85 40.1558380952381 34.0
86 41.707730952380956 30.0
86 40.55009761904762 31.0
86 40.1558380952381 34.0
87 41.707730952380956 30.0
87 40.55009761904762 31.0
87 40.1558380952381 34.0
88 41.707730952380956 30.0
88 40.55009761904762 31.0
88 40.1558380952381 34.0
89 41.707730952380956 30.0
89 40.55009761904762 31.0
89 40.1558380952381 34.0
90 41.707730952380956 30.0
90 40.55009761904762 31.0
90 40.1558380952381 34.0
91 41.707730952380956 30.0
91 40.55009761904762 31.0
91 40.1558380952381 34.0
92 41.707730952380956 30.0
92 40.55009761904762 31.0
92 40.1558380952381 34.0
93 41.707730952380956 30.0
93 40.55009761904762 31.0
93 40.1558380952381 34.0
94 41.707730952380956 30.0
94 40.55009761904762 31.0
94 40.1558380952381 34.0
95 41.707730952380956 30.0
95 40.55009761904762 31.0
95 40.1558380952381 34.0
96 41.707730952380956 30.0
96 40.55009761904762 31.0
96 40.1558380952381 34.0
97 41.707730952380956 30.0
97 40.55009761904762 31.0
97 40.1558380952381 34.0
98 41.707730952380956 30.0
98 40.55009761904762 31.0
98 40.1558380952381 34.0
99 41.707730952380956 30.0
99 40.55009761904762 31.0
99 40.1558380952381 34.0
100 41.707730952380956 30.0
100 40.55009761904762 31.0
100 40.1558380952381 34.0
