1 45.15953095238095 33.0
1 42.24174047619047 34.0
2 45.15953095238095 33.0
2 42.24174047619047 34.0
3 45.15953095238095 33.0
3 42.020919047619046 34.0
4 45.15953095238095 33.0
4 42.020919047619046 34.0
5 45.15953095238095 33.0
5 42.020919047619046 34.0
6 45.15953095238095 33.0
6 42.020919047619046 34.0
7 45.15953095238095 33.0
7 42.020919047619046 34.0
8 45.15953095238095 33.0
8 42.020919047619046 34.0
8 41.43636428571428 41.0
8 41.51015952380953 36.0
9 45.15953095238095 33.0
9 42.020919047619046 34.0
9 41.43636428571428 41.0
9 41.51015952380953 36.0
10 45.15953095238095 33.0
10 42.020919047619046 34.0
10 41.43636428571428 41.0
10 41.51015952380953 36.0
11 45.15953095238095 33.0
11 42.020919047619046 34.0
11 41.43636428571428 41.0
11 41.51015952380953 36.0
12 45.15953095238095 33.0
12 41.43636428571428 41.0
12 41.51015952380953 36.0
13 41.51015952380953 36.0
13 41.97985476190476 34.0
13 41.136473809523814 38.0
13 43.65488095238096 32.0
14 41.97985476190476 34.0
14 41.136473809523814 38.0
14 43.65488095238096 32.0
15 41.97985476190476 34.0
15 41.136473809523814 38.0
15 43.65488095238096 32.0
15 43.26481904761905 33.0
16 43.65488095238096 32.0
16 40.964573809523806 38.0
16 41.30599761904762 33.0
17 43.65488095238096 32.0
17 40.964573809523806 38.0
17 41.30599761904762 33.0
17 41.04268571428572 34.0
18 43.65488095238096 32.0
18 40.964573809523806 38.0
18 41.30599761904762 33.0
18 41.04268571428572 34.0
19 43.65488095238096 32.0
19 40.964573809523806 38.0
19 41.30599761904762 33.0
20 43.65488095238096 32.0
20 40.964573809523806 38.0
20 41.30599761904762 33.0
21 40.964573809523806 38.0
21 41.30599761904762 33.0
21 41.04268571428572 34.0
21 42.827919047619055 32.0
22 40.964573809523806 38.0
22 41.30599761904762 33.0
22 41.04268571428572 34.0
22 42.827919047619055 32.0
23 40.964573809523806 38.0
23 41.04268571428572 34.0
23 41.04815952380952 32.0
24 40.964573809523806 38.0
24 41.04268571428572 34.0
24 41.04815952380952 32.0
24 41.00525238095238 37.0
25 40.964573809523806 38.0
25 41.04268571428572 34.0
25 41.04815952380952 32.0
25 41.00525238095238 37.0
26 40.499790476190476 36.0
26 40.913916666666665 31.0
27 40.499790476190476 36.0
27 40.913916666666665 31.0
28 40.499790476190476 36.0
28 40.913916666666665 31.0
29 40.499790476190476 36.0
29 40.913916666666665 31.0
30 40.913916666666665 31.0
30 40.38393571428572 33.0
31 40.913916666666665 31.0
31 40.38393571428572 33.0
32 40.913916666666665 31.0
32 40.38393571428572 33.0
33 40.913916666666665 31.0
33 40.38393571428572 33.0
34 40.913916666666665 31.0
34 40.38393571428572 33.0
35 40.913916666666665 31.0
35 40.38393571428572 33.0
36 40.913916666666665 31.0
36 40.38393571428572 33.0
37 40.913916666666665 31.0
37 40.38393571428572 33.0
38 40.913916666666665 31.0
38 40.38393571428572 33.0
39 40.913916666666665 31.0
39 40.38393571428572 33.0
40 40.913916666666665 31.0
40 40.38393571428572 33.0
41 40.913916666666665 31.0
41 40.38393571428572 33.0
42 40.913916666666665 31.0
42 40.38393571428572 33.0
43 40.913916666666665 31.0
43 40.38393571428572 33.0
44 40.913916666666665 31.0
44 40.38393571428572 33.0
45 40.913916666666665 31.0
45 40.38393571428572 33.0
46 40.913916666666665 31.0
46 40.38393571428572 33.0
47 40.913916666666665 31.0
47 40.38393571428572 33.0
47 40.150916666666674 39.0
48 40.913916666666665 31.0
48 40.150916666666674 39.0
48 40.25494523809524 33.0
49 40.913916666666665 31.0
49 40.150916666666674 39.0
49 40.25494523809524 33.0
50 40.913916666666665 31.0
50 40.150916666666674 39.0
50 40.25494523809524 33.0
50 40.228419047619056 36.0
51 40.913916666666665 31.0
51 40.150916666666674 39.0
51 40.25494523809524 33.0
51 40.228419047619056 36.0
52 40.913916666666665 31.0
52 40.150916666666674 39.0
52 40.25494523809524 33.0
52 40.228419047619056 36.0
53 40.913916666666665 31.0
53 40.150916666666674 39.0
53 40.25494523809524 33.0
53 40.228419047619056 36.0
54 40.913916666666665 31.0
54 40.150916666666674 39.0
54 40.25494523809524 33.0
54 40.228419047619056 36.0
55 40.913916666666665 31.0
55 40.150916666666674 39.0
55 40.25494523809524 33.0
55 40.228419047619056 36.0
56 40.913916666666665 31.0
56 40.150916666666674 39.0
56 40.25494523809524 33.0
56 40.228419047619056 36.0
57 40.913916666666665 31.0
57 40.150916666666674 39.0
57 40.25494523809524 33.0
57 40.228419047619056 36.0
58 40.913916666666665 31.0
58 40.150916666666674 39.0
58 40.25494523809524 33.0
58 40.228419047619056 36.0
59 40.913916666666665 31.0
59 40.150916666666674 39.0
59 40.25494523809524 33.0
59 40.228419047619056 36.0
60 40.913916666666665 31.0
60 40.150916666666674 39.0
60 40.25494523809524 33.0
60 40.228419047619056 36.0
61 40.913916666666665 31.0
61 40.150916666666674 39.0
61 40.25494523809524 33.0
61 40.228419047619056 36.0
62 40.913916666666665 31.0
62 40.150916666666674 39.0
62 40.25494523809524 33.0
62 40.228419047619056 36.0
63 40.913916666666665 31.0
63 40.150916666666674 39.0
63 40.25494523809524 33.0
63 40.228419047619056 36.0
64 40.913916666666665 31.0
64 40.150916666666674 39.0
64 40.25494523809524 33.0
64 40.228419047619056 36.0
65 40.913916666666665 31.0
65 40.150916666666674 39.0
65 40.25494523809524 33.0
65 40.228419047619056 36.0
66 40.913916666666665 31.0
66 40.150916666666674 39.0
66 40.25494523809524 33.0
66 40.228419047619056 36.0
67 40.913916666666665 31.0
67 40.150916666666674 39.0
67 40.25494523809524 33.0
67 40.228419047619056 36.0
68 40.913916666666665 31.0
68 40.150916666666674 39.0
68 40.25494523809524 33.0
68 40.228419047619056 36.0
69 40.913916666666665 31.0
69 40.150916666666674 39.0
69 40.25494523809524 33.0
69 40.228419047619056 36.0
70 40.913916666666665 31.0
70 40.150916666666674 39.0
70 40.25494523809524 33.0
70 40.228419047619056 36.0
71 40.913916666666665 31.0
71 40.150916666666674 39.0
71 40.25494523809524 33.0
71 40.228419047619056 36.0
72 40.913916666666665 31.0
72 40.150916666666674 39.0
72 40.25494523809524 33.0
72 40.228419047619056 36.0
73 40.913916666666665 31.0
73 40.150916666666674 39.0
73 40.25494523809524 33.0
73 40.228419047619056 36.0
74 40.913916666666665 31.0
74 40.150916666666674 39.0
74 40.25494523809524 33.0
74 40.228419047619056 36.0
75 40.913916666666665 31.0
75 40.150916666666674 39.0
75 40.25494523809524 33.0
75 40.228419047619056 36.0
76 40.150916666666674 39.0
76 40.25494523809524 33.0
76 40.228419047619056 36.0
76 40.38413095238095 31.0
77 40.150916666666674 39.0
77 40.25494523809524 33.0
77 40.228419047619056 36.0
77 40.38413095238095 31.0
78 40.150916666666674 39.0
78 40.25494523809524 33.0
78 40.228419047619056 36.0
78 40.38413095238095 31.0
79 40.150916666666674 39.0
79 40.25494523809524 33.0
79 40.228419047619056 36.0
79 40.38413095238095 31.0
80 40.150916666666674 39.0
80 40.25494523809524 33.0
80 40.228419047619056 36.0
80 40.38413095238095 31.0
81 40.150916666666674 39.0
81 40.25494523809524 33.0
81 40.228419047619056 36.0
81 40.38413095238095 31.0
82 40.150916666666674 39.0
82 40.25494523809524 33.0
82 40.228419047619056 36.0
82 40.38413095238095 31.0
83 40.150916666666674 39.0
83 40.25494523809524 33.0
83 40.228419047619056 36.0
83 40.38413095238095 31.0
84 40.150916666666674 39.0
84 40.25494523809524 33.0
84 40.228419047619056 36.0
84 40.38413095238095 31.0
85 40.150916666666674 39.0
85 40.25494523809524 33.0
85 40.228419047619056 36.0
85 40.38413095238095 31.0
86 40.150916666666674 39.0
86 40.25494523809524 33.0
86 40.228419047619056 36.0
86 40.38413095238095 31.0
87 40.150916666666674 39.0
87 40.25494523809524 33.0
87 40.228419047619056 36.0
87 40.38413095238095 31.0
88 40.150916666666674 39.0
88 40.25494523809524 33.0
88 40.228419047619056 36.0
88 40.38413095238095 31.0
89 40.150916666666674 39.0
89 40.25494523809524 33.0
89 40.228419047619056 36.0
89 40.38413095238095 31.0
90 40.150916666666674 39.0
90 40.25494523809524 33.0
90 40.228419047619056 36.0
90 40.38413095238095 31.0
91 40.150916666666674 39.0
91 40.25494523809524 33.0
91 40.228419047619056 36.0
91 40.38413095238095 31.0
92 40.150916666666674 39.0
92 40.25494523809524 33.0
92 40.228419047619056 36.0
92 40.38413095238095 31.0
93 40.150916666666674 39.0
93 40.228419047619056 36.0
93 40.38413095238095 31.0
94 40.150916666666674 39.0
94 40.228419047619056 36.0
94 40.38413095238095 31.0
95 40.150916666666674 39.0
95 40.228419047619056 36.0
95 40.38413095238095 31.0
96 40.150916666666674 39.0
96 40.228419047619056 36.0
96 40.38413095238095 31.0
97 40.150916666666674 39.0
97 40.228419047619056 36.0
97 40.38413095238095 31.0
98 40.150916666666674 39.0
98 40.228419047619056 36.0
98 40.38413095238095 31.0
99 40.150916666666674 39.0
99 40.228419047619056 36.0
99 40.38413095238095 31.0
100 40.150916666666674 39.0
100 40.228419047619056 36.0
100 40.38413095238095 31.0
