1 43.46375952380952 35.0
1 43.37012619047619 37.0
1 44.674259523809525 34.0
1 42.4060761904762 39.0
1 43.09844047619048 38.0
2 42.4060761904762 39.0
2 42.572407142857145 38.0
2 43.725899999999996 33.0
2 42.91387142857142 34.0
3 42.4060761904762 39.0
3 43.725899999999996 33.0
3 42.91387142857142 34.0
3 42.43945714285714 37.0
4 43.725899999999996 33.0
4 42.91387142857142 34.0
4 42.43945714285714 37.0
4 42.3342 39.0
4 42.49454761904762 36.0
5 42.20026428571429 38.0
5 42.41361666666667 33.0
6 42.41361666666667 33.0
6 41.586530952380954 34.0
7 42.41361666666667 33.0
7 41.586530952380954 34.0
7 44.67985476190475 32.0
8 42.41361666666667 33.0
8 41.586530952380954 34.0
8 44.67985476190475 32.0
8 41.21232857142857 37.0
9 42.41361666666667 33.0
9 41.586530952380954 34.0
9 44.67985476190475 32.0
9 41.21232857142857 37.0
10 42.41361666666667 33.0
10 41.586530952380954 34.0
10 44.67985476190475 32.0
10 41.21232857142857 37.0
11 42.41361666666667 33.0
11 41.586530952380954 34.0
11 44.67985476190475 32.0
11 41.21232857142857 37.0
12 42.41361666666667 33.0
12 41.21232857142857 37.0
12 44.03928571428572 32.0
12 41.33576904761905 34.0
13 42.41361666666667 33.0
13 41.21232857142857 37.0
13 44.03928571428572 32.0
13 41.33576904761905 34.0
14 42.41361666666667 33.0
14 41.21232857142857 37.0
14 44.03928571428572 32.0
14 41.33284761904763 34.0
15 42.41361666666667 33.0
15 41.33284761904763 34.0
15 42.9296 32.0
15 41.113838095238094 36.0
16 42.9296 32.0
16 41.113838095238094 36.0
16 42.20251666666667 33.0
16 41.23157142857142 34.0
17 41.113838095238094 36.0
17 41.23157142857142 34.0
17 42.153066666666675 30.0
18 41.113838095238094 36.0
18 41.23157142857142 34.0
18 42.153066666666675 30.0
19 41.113838095238094 36.0
19 41.23157142857142 34.0
19 42.153066666666675 30.0
19 41.48806904761905 33.0
20 42.153066666666675 30.0
20 40.725516666666664 33.0
21 42.153066666666675 30.0
21 40.725516666666664 33.0
22 42.153066666666675 30.0
22 40.637971428571426 33.0
23 42.153066666666675 30.0
23 40.637971428571426 33.0
24 42.153066666666675 30.0
24 40.637971428571426 33.0
25 42.153066666666675 30.0
25 40.637971428571426 33.0
25 41.70879047619048 32.0
26 42.153066666666675 30.0
26 40.637971428571426 33.0
26 41.70879047619048 32.0
27 42.153066666666675 30.0
27 40.637971428571426 33.0
27 41.70879047619048 32.0
28 42.153066666666675 30.0
28 40.637971428571426 33.0
28 41.70879047619048 32.0
29 42.153066666666675 30.0
29 40.637971428571426 33.0
29 41.70879047619048 32.0
30 42.153066666666675 30.0
30 40.417228571428566 32.0
31 42.153066666666675 30.0
31 40.417228571428566 32.0
32 42.153066666666675 30.0
32 40.417228571428566 32.0
33 42.153066666666675 30.0
33 40.417228571428566 32.0
34 42.153066666666675 30.0
34 40.417228571428566 32.0
35 42.153066666666675 30.0
35 40.417228571428566 32.0
36 42.153066666666675 30.0
36 40.417228571428566 32.0
37 42.153066666666675 30.0
37 40.417228571428566 32.0
38 42.153066666666675 30.0
38 40.417228571428566 32.0
38 40.198454761904756 33.0
39 42.153066666666675 30.0
39 40.417228571428566 32.0
39 40.198454761904756 33.0
40 42.153066666666675 30.0
40 40.417228571428566 32.0
40 40.198454761904756 33.0
41 42.153066666666675 30.0
41 40.417228571428566 32.0
41 40.198454761904756 33.0
42 42.153066666666675 30.0
42 40.417228571428566 32.0
42 40.198454761904756 33.0
43 42.153066666666675 30.0
43 40.417228571428566 32.0
43 40.198454761904756 33.0
44 42.153066666666675 30.0
44 40.417228571428566 32.0
44 40.198454761904756 33.0
45 42.153066666666675 30.0
45 40.417228571428566 32.0
45 40.198454761904756 33.0
46 40.417228571428566 32.0
46 40.198454761904756 33.0
46 41.540419047619054 30.0
47 40.417228571428566 32.0
47 40.198454761904756 33.0
47 41.540419047619054 30.0
48 40.417228571428566 32.0
48 40.198454761904756 33.0
48 41.540419047619054 30.0
49 40.417228571428566 32.0
49 40.198454761904756 33.0
49 41.540419047619054 30.0
50 40.417228571428566 32.0
50 40.198454761904756 33.0
50 41.540419047619054 30.0
51 40.417228571428566 32.0
51 40.198454761904756 33.0
51 41.540419047619054 30.0
52 40.417228571428566 32.0
52 40.198454761904756 33.0
52 41.540419047619054 30.0
53 40.417228571428566 32.0
53 40.198454761904756 33.0
53 41.540419047619054 30.0
54 40.417228571428566 32.0
54 40.198454761904756 33.0
54 41.540419047619054 30.0
55 40.417228571428566 32.0
55 40.198454761904756 33.0
55 41.540419047619054 30.0
56 40.417228571428566 32.0
56 40.198454761904756 33.0
56 41.540419047619054 30.0
57 40.417228571428566 32.0
57 40.198454761904756 33.0
57 41.540419047619054 30.0
58 40.417228571428566 32.0
58 40.198454761904756 33.0
58 41.540419047619054 30.0
59 40.417228571428566 32.0
59 40.198454761904756 33.0
59 41.540419047619054 30.0
60 40.417228571428566 32.0
60 40.198454761904756 33.0
60 41.540419047619054 30.0
61 40.417228571428566 32.0
61 40.198454761904756 33.0
61 41.540419047619054 30.0
62 40.417228571428566 32.0
62 40.198454761904756 33.0
62 41.540419047619054 30.0
63 40.417228571428566 32.0
63 40.198454761904756 33.0
63 41.540419047619054 30.0
64 40.417228571428566 32.0
64 40.198454761904756 33.0
64 41.540419047619054 30.0
65 40.417228571428566 32.0
65 40.198454761904756 33.0
65 41.540419047619054 30.0
66 40.417228571428566 32.0
66 40.198454761904756 33.0
66 41.540419047619054 30.0
67 40.417228571428566 32.0
67 40.198454761904756 33.0
67 41.540419047619054 30.0
68 40.417228571428566 32.0
68 40.198454761904756 33.0
68 41.540419047619054 30.0
69 40.417228571428566 32.0
69 40.198454761904756 33.0
69 41.540419047619054 30.0
70 40.417228571428566 32.0
70 40.198454761904756 33.0
70 41.540419047619054 30.0
71 40.417228571428566 32.0
71 40.198454761904756 33.0
71 41.540419047619054 30.0
72 40.417228571428566 32.0
72 40.198454761904756 33.0
72 41.540419047619054 30.0
73 40.417228571428566 32.0
73 40.198454761904756 33.0
73 41.540419047619054 30.0
74 40.417228571428566 32.0
74 40.198454761904756 33.0
74 41.540419047619054 30.0
75 40.417228571428566 32.0
75 40.198454761904756 33.0
75 41.540419047619054 30.0
76 40.417228571428566 32.0
76 40.198454761904756 33.0
76 41.540419047619054 30.0
77 40.417228571428566 32.0
77 40.198454761904756 33.0
77 41.540419047619054 30.0
78 40.417228571428566 32.0
78 40.198454761904756 33.0
78 41.540419047619054 30.0
79 40.417228571428566 32.0
79 40.198454761904756 33.0
79 41.540419047619054 30.0
80 40.417228571428566 32.0
80 40.198454761904756 33.0
80 41.540419047619054 30.0
81 40.417228571428566 32.0
81 40.198454761904756 33.0
81 41.540419047619054 30.0
82 40.417228571428566 32.0
82 40.198454761904756 33.0
82 41.540419047619054 30.0
83 40.417228571428566 32.0
83 40.198454761904756 33.0
83 41.540419047619054 30.0
84 40.417228571428566 32.0
84 40.198454761904756 33.0
84 41.540419047619054 30.0
85 40.417228571428566 32.0
85 40.198454761904756 33.0
85 41.540419047619054 30.0
86 40.417228571428566 32.0
86 40.198454761904756 33.0
86 41.540419047619054 30.0
87 40.417228571428566 32.0
87 40.198454761904756 33.0
87 41.540419047619054 30.0
88 40.417228571428566 32.0
88 40.198454761904756 33.0
88 41.540419047619054 30.0
89 40.417228571428566 32.0
89 40.198454761904756 33.0
89 41.540419047619054 30.0
90 40.417228571428566 32.0
90 40.198454761904756 33.0
90 41.540419047619054 30.0
91 40.417228571428566 32.0
91 40.198454761904756 33.0
91 41.540419047619054 30.0
92 40.417228571428566 32.0
92 40.198454761904756 33.0
92 41.540419047619054 30.0
93 40.417228571428566 32.0
93 40.198454761904756 33.0
93 41.540419047619054 30.0
94 40.417228571428566 32.0
94 40.198454761904756 33.0
94 41.540419047619054 30.0
95 40.417228571428566 32.0
95 40.198454761904756 33.0
95 41.540419047619054 30.0
96 40.417228571428566 32.0
96 40.198454761904756 33.0
96 41.540419047619054 30.0
97 40.417228571428566 32.0
97 40.198454761904756 33.0
97 41.540419047619054 30.0
98 40.417228571428566 32.0
98 40.198454761904756 33.0
98 41.540419047619054 30.0
99 40.417228571428566 32.0
99 40.198454761904756 33.0
99 41.540419047619054 30.0
100 40.417228571428566 32.0
100 40.198454761904756 33.0
100 41.540419047619054 30.0
