1 42.882047619047626 39.0
1 43.23335238095238 34.0
2 41.81054047619048 33.0
3 41.81054047619048 33.0
4 41.81054047619048 33.0
4 41.28962619047619 36.0
5 41.81054047619048 33.0
5 41.28962619047619 36.0
6 41.81054047619048 33.0
6 41.28962619047619 36.0
6 41.581202380952384 34.0
7 41.81054047619048 33.0
7 41.28962619047619 36.0
7 41.581202380952384 34.0
8 41.81054047619048 33.0
8 41.581202380952384 34.0
8 41.02764285714286 36.0
9 41.81054047619048 33.0
9 41.581202380952384 34.0
9 41.02764285714286 36.0
10 41.81054047619048 33.0
10 41.581202380952384 34.0
10 41.02764285714286 36.0
11 41.81054047619048 33.0
11 41.581202380952384 34.0
11 41.02764285714286 36.0
11 42.523714285714284 32.0
12 41.81054047619048 33.0
12 41.581202380952384 34.0
12 41.02764285714286 36.0
12 41.212226190476194 35.0
12 42.33845 30.0
13 41.81054047619048 33.0
13 41.02764285714286 36.0
13 41.212226190476194 35.0
13 42.33845 30.0
13 41.227464285714284 34.0
14 41.02764285714286 36.0
14 41.212226190476194 35.0
14 42.33845 30.0
14 41.227464285714284 34.0
14 42.27735 31.0
14 41.79489761904762 33.0
15 41.02764285714286 36.0
15 41.212226190476194 35.0
15 42.33845 30.0
15 41.227464285714284 34.0
15 42.27735 31.0
15 41.79489761904762 33.0
16 41.02764285714286 36.0
16 41.212226190476194 35.0
16 42.33845 30.0
16 41.227464285714284 34.0
16 42.27735 31.0
16 41.79489761904762 33.0
17 41.02764285714286 36.0
17 42.33845 30.0
17 42.27735 31.0
17 41.79489761904762 33.0
17 40.758519047619046 38.0
17 41.14806666666667 34.0
18 42.33845 30.0
18 42.27735 31.0
18 41.79489761904762 33.0
18 40.758519047619046 38.0
18 41.14806666666667 34.0
18 40.77155 36.0
19 42.33845 30.0
19 42.27735 31.0
19 41.79489761904762 33.0
19 40.758519047619046 38.0
19 41.14806666666667 34.0
19 40.77155 36.0
20 42.33845 30.0
20 42.27735 31.0
20 41.79489761904762 33.0
20 40.758519047619046 38.0
20 41.14806666666667 34.0
20 40.77155 36.0
21 42.33845 30.0
21 42.27735 31.0
21 40.758519047619046 38.0
21 41.14806666666667 34.0
21 40.77155 36.0
21 41.63656904761905 33.0
22 42.33845 30.0
22 42.27735 31.0
22 41.14806666666667 34.0
22 41.25829523809524 33.0
22 40.02905952380952 35.0
23 42.33845 30.0
23 42.27735 31.0
23 41.14806666666667 34.0
23 41.25829523809524 33.0
23 40.02905952380952 35.0
24 42.33845 30.0
24 42.27735 31.0
24 41.25829523809524 33.0
24 40.02905952380952 35.0
24 41.04053571428572 34.0
25 42.33845 30.0
25 42.27735 31.0
25 39.85383095238095 33.0
25 40.954340476190474 32.0
26 39.85383095238095 33.0
26 40.954340476190474 32.0
26 41.40013571428572 30.0
27 39.85383095238095 33.0
27 40.954340476190474 32.0
27 41.40013571428572 30.0
28 39.85383095238095 33.0
28 40.954340476190474 32.0
28 41.40013571428572 30.0
29 39.85383095238095 33.0
29 40.954340476190474 32.0
29 41.40013571428572 30.0
30 39.85383095238095 33.0
30 40.954340476190474 32.0
30 41.40013571428572 30.0
31 39.85383095238095 33.0
31 40.954340476190474 32.0
31 41.40013571428572 30.0
31 40.99702619047619 31.0
32 39.85383095238095 33.0
32 40.954340476190474 32.0
32 41.40013571428572 30.0
32 40.99702619047619 31.0
33 39.85383095238095 33.0
33 40.954340476190474 32.0
33 41.40013571428572 30.0
33 40.99702619047619 31.0
34 39.85383095238095 33.0
34 40.954340476190474 32.0
34 41.40013571428572 30.0
34 40.99702619047619 31.0
35 39.85383095238095 33.0
35 40.954340476190474 32.0
35 41.40013571428572 30.0
35 40.99702619047619 31.0
36 39.85383095238095 33.0
36 40.954340476190474 32.0
36 41.40013571428572 30.0
36 40.99702619047619 31.0
37 39.85383095238095 33.0
37 40.954340476190474 32.0
37 41.40013571428572 30.0
37 40.99702619047619 31.0
38 39.85383095238095 33.0
38 40.954340476190474 32.0
38 41.40013571428572 30.0
38 40.99702619047619 31.0
39 39.85383095238095 33.0
39 40.954340476190474 32.0
39 41.40013571428572 30.0
39 40.99702619047619 31.0
40 39.85383095238095 33.0
40 40.954340476190474 32.0
40 41.40013571428572 30.0
40 40.99702619047619 31.0
41 39.85383095238095 33.0
41 40.954340476190474 32.0
41 41.40013571428572 30.0
41 40.99702619047619 31.0
42 39.85383095238095 33.0
42 40.954340476190474 32.0
42 41.40013571428572 30.0
42 40.99702619047619 31.0
43 39.85383095238095 33.0
43 40.954340476190474 32.0
43 41.40013571428572 30.0
43 40.99702619047619 31.0
44 39.85383095238095 33.0
44 40.954340476190474 32.0
44 41.40013571428572 30.0
44 40.99702619047619 31.0
45 39.85383095238095 33.0
45 41.40013571428572 30.0
45 40.99702619047619 31.0
45 40.901654761904766 32.0
46 39.85383095238095 33.0
46 41.40013571428572 30.0
46 40.99702619047619 31.0
46 40.901654761904766 32.0
47 39.85383095238095 33.0
47 41.40013571428572 30.0
47 40.99702619047619 31.0
47 40.901654761904766 32.0
48 39.85383095238095 33.0
48 41.40013571428572 30.0
48 40.99702619047619 31.0
48 40.901654761904766 32.0
49 39.85383095238095 33.0
49 41.40013571428572 30.0
49 40.99702619047619 31.0
49 40.901654761904766 32.0
50 39.85383095238095 33.0
50 41.40013571428572 30.0
50 40.99702619047619 31.0
50 40.901654761904766 32.0
51 39.85383095238095 33.0
51 41.40013571428572 30.0
51 40.99702619047619 31.0
51 40.901654761904766 32.0
52 39.85383095238095 33.0
52 41.40013571428572 30.0
52 40.99702619047619 31.0
52 40.901654761904766 32.0
53 39.85383095238095 33.0
53 41.40013571428572 30.0
53 40.99702619047619 31.0
53 40.901654761904766 32.0
54 39.85383095238095 33.0
54 41.40013571428572 30.0
54 40.99702619047619 31.0
54 40.901654761904766 32.0
55 39.85383095238095 33.0
55 41.40013571428572 30.0
55 40.99702619047619 31.0
55 40.901654761904766 32.0
56 39.85383095238095 33.0
56 41.40013571428572 30.0
56 40.99702619047619 31.0
56 40.901654761904766 32.0
57 39.85383095238095 33.0
57 41.40013571428572 30.0
57 40.99702619047619 31.0
57 40.901654761904766 32.0
58 39.85383095238095 33.0
58 41.40013571428572 30.0
58 40.99702619047619 31.0
58 40.901654761904766 32.0
59 39.85383095238095 33.0
59 41.40013571428572 30.0
59 40.99702619047619 31.0
59 40.901654761904766 32.0
60 39.85383095238095 33.0
60 41.40013571428572 30.0
60 40.99702619047619 31.0
60 40.901654761904766 32.0
61 39.85383095238095 33.0
61 41.40013571428572 30.0
61 40.99702619047619 31.0
61 40.901654761904766 32.0
62 39.85383095238095 33.0
62 41.40013571428572 30.0
62 40.99702619047619 31.0
62 40.901654761904766 32.0
63 39.85383095238095 33.0
63 41.40013571428572 30.0
63 40.99702619047619 31.0
63 40.901654761904766 32.0
64 39.85383095238095 33.0
64 41.40013571428572 30.0
64 40.99702619047619 31.0
64 40.901654761904766 32.0
65 39.85383095238095 33.0
65 41.40013571428572 30.0
65 40.99702619047619 31.0
65 40.901654761904766 32.0
66 39.85383095238095 33.0
66 41.40013571428572 30.0
66 40.99702619047619 31.0
66 40.901654761904766 32.0
67 39.85383095238095 33.0
67 41.40013571428572 30.0
67 40.99702619047619 31.0
67 40.901654761904766 32.0
68 39.85383095238095 33.0
68 41.40013571428572 30.0
68 40.99702619047619 31.0
68 40.901654761904766 32.0
69 39.85383095238095 33.0
69 41.40013571428572 30.0
69 40.99702619047619 31.0
69 40.901654761904766 32.0
70 39.85383095238095 33.0
70 41.40013571428572 30.0
70 40.99702619047619 31.0
70 40.901654761904766 32.0
71 39.85383095238095 33.0
71 41.40013571428572 30.0
71 40.99702619047619 31.0
71 40.901654761904766 32.0
72 39.85383095238095 33.0
72 41.40013571428572 30.0
72 40.99702619047619 31.0
72 40.901654761904766 32.0
73 39.85383095238095 33.0
73 41.40013571428572 30.0
73 40.99702619047619 31.0
73 40.901654761904766 32.0
74 39.85383095238095 33.0
74 41.40013571428572 30.0
74 40.99702619047619 31.0
74 40.901654761904766 32.0
75 39.85383095238095 33.0
75 41.40013571428572 30.0
75 40.99702619047619 31.0
75 40.901654761904766 32.0
76 39.85383095238095 33.0
76 41.40013571428572 30.0
76 40.99702619047619 31.0
76 40.901654761904766 32.0
77 39.85383095238095 33.0
77 41.40013571428572 30.0
77 40.99702619047619 31.0
77 40.901654761904766 32.0
78 39.85383095238095 33.0
78 41.40013571428572 30.0
78 40.99702619047619 31.0
78 40.901654761904766 32.0
79 39.85383095238095 33.0
79 41.40013571428572 30.0
79 40.99702619047619 31.0
79 40.901654761904766 32.0
80 39.85383095238095 33.0
80 41.40013571428572 30.0
80 40.99702619047619 31.0
80 40.901654761904766 32.0
81 39.85383095238095 33.0
81 41.40013571428572 30.0
81 40.99702619047619 31.0
81 40.901654761904766 32.0
82 39.85383095238095 33.0
82 41.40013571428572 30.0
82 40.99702619047619 31.0
82 40.901654761904766 32.0
83 39.85383095238095 33.0
83 41.40013571428572 30.0
83 40.99702619047619 31.0
83 40.901654761904766 32.0
84 39.85383095238095 33.0
84 41.40013571428572 30.0
84 40.99702619047619 31.0
84 40.901654761904766 32.0
85 39.85383095238095 33.0
85 41.40013571428572 30.0
85 40.99702619047619 31.0
85 40.901654761904766 32.0
86 39.85383095238095 33.0
86 41.40013571428572 30.0
86 40.99702619047619 31.0
86 40.901654761904766 32.0
87 39.85383095238095 33.0
87 41.40013571428572 30.0
87 40.99702619047619 31.0
87 40.901654761904766 32.0
88 39.85383095238095 33.0
88 41.40013571428572 30.0
88 40.99702619047619 31.0
88 40.901654761904766 32.0
89 39.85383095238095 33.0
89 41.40013571428572 30.0
89 40.99702619047619 31.0
89 40.901654761904766 32.0
90 39.85383095238095 33.0
90 41.40013571428572 30.0
90 40.99702619047619 31.0
90 40.901654761904766 32.0
91 39.85383095238095 33.0
91 41.40013571428572 30.0
91 40.99702619047619 31.0
91 40.901654761904766 32.0
92 39.85383095238095 33.0
92 41.40013571428572 30.0
92 40.99702619047619 31.0
92 40.901654761904766 32.0
93 39.85383095238095 33.0
93 41.40013571428572 30.0
93 40.99702619047619 31.0
93 40.901654761904766 32.0
94 39.85383095238095 33.0
94 41.40013571428572 30.0
94 40.99702619047619 31.0
94 40.901654761904766 32.0
95 39.85383095238095 33.0
95 41.40013571428572 30.0
95 40.99702619047619 31.0
95 40.901654761904766 32.0
96 39.85383095238095 33.0
96 41.40013571428572 30.0
96 40.99702619047619 31.0
96 40.901654761904766 32.0
97 39.85383095238095 33.0
97 41.40013571428572 30.0
97 40.99702619047619 31.0
97 40.901654761904766 32.0
98 39.85383095238095 33.0
98 41.40013571428572 30.0
98 40.99702619047619 31.0
98 40.901654761904766 32.0
99 39.85383095238095 33.0
99 41.40013571428572 30.0
99 40.99702619047619 31.0
99 40.901654761904766 32.0
100 39.85383095238095 33.0
100 41.40013571428572 30.0
100 40.99702619047619 31.0
100 40.901654761904766 32.0
