1 43.00214999999999 37.0
1 44.368045238095235 31.0
2 44.368045238095235 31.0
3 44.368045238095235 31.0
3 42.531261904761905 42.0
4 44.368045238095235 31.0
4 42.24947380952381 37.0
5 44.368045238095235 31.0
5 42.021811904761904 36.0
6 44.368045238095235 31.0
6 42.021811904761904 36.0
7 44.368045238095235 31.0
7 42.0015238095238 38.0
8 44.368045238095235 31.0
9 44.368045238095235 31.0
9 41.888811904761894 39.0
10 44.368045238095235 31.0
10 41.888811904761894 39.0
11 44.368045238095235 31.0
11 41.69772619047619 39.0
12 44.368045238095235 31.0
12 41.69772619047619 39.0
13 44.368045238095235 31.0
13 41.69772619047619 39.0
14 44.368045238095235 31.0
15 44.368045238095235 31.0
16 44.368045238095235 31.0
16 41.28630952380952 37.0
17 44.368045238095235 31.0
17 41.28630952380952 37.0
18 44.368045238095235 31.0
18 41.28630952380952 37.0
19 44.368045238095235 31.0
19 41.28630952380952 37.0
20 44.368045238095235 31.0
20 41.28630952380952 37.0
21 44.368045238095235 31.0
21 41.28630952380952 37.0
22 44.368045238095235 31.0
22 41.044221428571426 37.0
23 44.368045238095235 31.0
23 40.76620714285715 38.0
24 44.368045238095235 31.0
24 40.76620714285715 38.0
25 44.368045238095235 31.0
25 40.76620714285715 38.0
26 44.368045238095235 31.0
26 40.76620714285715 38.0
27 40.76620714285715 38.0
28 40.76620714285715 38.0
29 40.76620714285715 38.0
30 40.76620714285715 38.0
31 40.76620714285715 38.0
32 40.76620714285715 38.0
33 40.76620714285715 38.0
34 40.76620714285715 38.0
35 40.76620714285715 38.0
36 40.76620714285715 38.0
37 40.76620714285715 38.0
38 40.76620714285715 38.0
39 40.76620714285715 38.0
40 40.76620714285715 38.0
41 40.76620714285715 38.0
42 40.76620714285715 38.0
43 40.76620714285715 38.0
44 40.76620714285715 38.0
45 40.287233333333326 37.0
46 40.287233333333326 37.0
47 40.287233333333326 37.0
48 40.287233333333326 37.0
49 40.287233333333326 37.0
50 40.287233333333326 37.0
51 40.287233333333326 37.0
52 40.287233333333326 37.0
53 40.287233333333326 37.0
54 40.287233333333326 37.0
55 40.287233333333326 37.0
56 40.287233333333326 37.0
57 40.287233333333326 37.0
58 40.287233333333326 37.0
59 40.287233333333326 37.0
60 40.287233333333326 37.0
61 40.287233333333326 37.0
62 40.287233333333326 37.0
63 40.287233333333326 37.0
64 40.287233333333326 37.0
65 40.287233333333326 37.0
66 40.287233333333326 37.0
67 40.287233333333326 37.0
68 40.287233333333326 37.0
69 40.287233333333326 37.0
70 40.287233333333326 37.0
71 40.287233333333326 37.0
72 40.287233333333326 37.0
73 40.287233333333326 37.0
74 40.287233333333326 37.0
75 40.287233333333326 37.0
76 40.287233333333326 37.0
77 40.287233333333326 37.0
78 40.287233333333326 37.0
79 40.287233333333326 37.0
80 40.287233333333326 37.0
81 40.287233333333326 37.0
82 40.287233333333326 37.0
83 40.287233333333326 37.0
84 40.287233333333326 37.0
85 40.287233333333326 37.0
86 40.287233333333326 37.0
87 40.287233333333326 37.0
88 40.287233333333326 37.0
89 40.287233333333326 37.0
90 40.287233333333326 37.0
91 40.287233333333326 37.0
92 40.287233333333326 37.0
93 40.287233333333326 37.0
94 40.287233333333326 37.0
95 40.287233333333326 37.0
96 40.287233333333326 37.0
97 40.287233333333326 37.0
98 40.287233333333326 37.0
99 40.287233333333326 37.0
100 40.287233333333326 37.0
