1 45.15953095238095 33.0
1 42.24174047619047 34.0
2 45.15953095238095 33.0
2 42.24174047619047 34.0
3 45.15953095238095 33.0
3 42.24174047619047 34.0
4 45.15953095238095 33.0
4 42.24174047619047 34.0
4 42.16587380952381 38.0
5 45.15953095238095 33.0
5 42.24174047619047 34.0
5 41.959300000000006 36.0
6 45.15953095238095 33.0
6 41.92864047619047 34.0
7 45.15953095238095 33.0
7 41.92864047619047 34.0
8 45.15953095238095 33.0
8 41.92864047619047 34.0
8 41.69631428571429 35.0
9 41.92864047619047 34.0
9 41.69631428571429 35.0
9 42.478647619047614 33.0
9 43.32083333333333 32.0
10 41.92864047619047 34.0
10 41.69631428571429 35.0
10 42.478647619047614 33.0
10 43.32083333333333 32.0
11 41.92864047619047 34.0
11 41.69631428571429 35.0
11 42.478647619047614 33.0
11 43.32083333333333 32.0
11 41.594857142857144 39.0
12 41.92864047619047 34.0
12 42.478647619047614 33.0
12 43.32083333333333 32.0
12 43.56684285714286 31.0
12 41.54979047619048 35.0
13 41.92864047619047 34.0
13 43.56684285714286 31.0
13 41.54979047619048 35.0
13 41.96741904761905 33.0
13 42.12302857142857 32.0
14 43.56684285714286 31.0
14 41.96741904761905 33.0
14 42.12302857142857 32.0
14 40.93883095238095 34.0
15 41.96741904761905 33.0
15 42.12302857142857 32.0
15 40.93883095238095 34.0
15 42.91817142857143 31.0
16 42.12302857142857 32.0
16 40.93883095238095 34.0
16 42.91817142857143 31.0
16 41.77716428571429 33.0
17 42.12302857142857 32.0
17 42.91817142857143 31.0
17 41.77716428571429 33.0
17 40.867988095238104 34.0
18 42.12302857142857 32.0
18 42.91817142857143 31.0
18 41.77716428571429 33.0
18 40.867988095238104 34.0
19 42.12302857142857 32.0
19 42.91817142857143 31.0
19 41.77716428571429 33.0
19 40.867988095238104 34.0
20 42.91817142857143 31.0
20 40.867988095238104 34.0
20 41.581490476190474 32.0
21 42.91817142857143 31.0
21 40.867988095238104 34.0
21 41.581490476190474 32.0
22 42.91817142857143 31.0
22 40.867988095238104 34.0
22 41.581490476190474 32.0
23 42.91817142857143 31.0
23 40.867988095238104 34.0
23 40.920926190476195 32.0
24 42.91817142857143 31.0
24 40.867988095238104 34.0
24 40.920926190476195 32.0
25 42.91817142857143 31.0
25 40.867988095238104 34.0
25 40.920926190476195 32.0
25 40.68935714285714 37.0
26 42.91817142857143 31.0
26 40.867988095238104 34.0
26 40.920926190476195 32.0
26 40.68935714285714 37.0
27 42.91817142857143 31.0
27 40.867988095238104 34.0
27 40.920926190476195 32.0
27 40.68935714285714 37.0
28 42.91817142857143 31.0
28 40.867988095238104 34.0
28 40.920926190476195 32.0
28 40.68935714285714 37.0
29 42.91817142857143 31.0
29 40.867988095238104 34.0
29 40.920926190476195 32.0
29 40.68935714285714 37.0
30 40.867988095238104 34.0
30 40.920926190476195 32.0
30 40.68935714285714 37.0
30 42.54012380952381 31.0
31 40.867988095238104 34.0
31 40.920926190476195 32.0
31 42.54012380952381 31.0
31 40.63697380952381 37.0
32 40.867988095238104 34.0
32 40.920926190476195 32.0
32 42.54012380952381 31.0
32 40.63697380952381 37.0
33 40.867988095238104 34.0
33 40.920926190476195 32.0
33 42.54012380952381 31.0
33 40.63697380952381 37.0
33 42.89367619047619 29.0
34 40.867988095238104 34.0
34 40.920926190476195 32.0
34 42.54012380952381 31.0
34 40.63697380952381 37.0
34 42.89367619047619 29.0
35 40.867988095238104 34.0
35 40.920926190476195 32.0
35 42.54012380952381 31.0
35 40.63697380952381 37.0
35 42.89367619047619 29.0
36 40.867988095238104 34.0
36 40.920926190476195 32.0
36 42.54012380952381 31.0
36 40.63697380952381 37.0
36 42.89367619047619 29.0
37 40.867988095238104 34.0
37 40.920926190476195 32.0
37 42.54012380952381 31.0
37 40.63697380952381 37.0
37 42.89367619047619 29.0
38 40.867988095238104 34.0
38 40.920926190476195 32.0
38 42.54012380952381 31.0
38 40.63697380952381 37.0
38 42.89367619047619 29.0
39 40.867988095238104 34.0
39 40.920926190476195 32.0
39 42.54012380952381 31.0
39 40.63697380952381 37.0
39 42.89367619047619 29.0
40 40.867988095238104 34.0
40 40.920926190476195 32.0
40 42.54012380952381 31.0
40 40.63697380952381 37.0
40 42.89367619047619 29.0
41 40.867988095238104 34.0
41 40.920926190476195 32.0
41 42.54012380952381 31.0
41 40.63697380952381 37.0
41 42.89367619047619 29.0
42 40.867988095238104 34.0
42 40.920926190476195 32.0
42 42.54012380952381 31.0
42 42.89367619047619 29.0
42 40.23982142857143 37.0
43 40.867988095238104 34.0
43 40.920926190476195 32.0
43 42.89367619047619 29.0
43 40.23982142857143 37.0
43 41.273799999999994 31.0
44 40.867988095238104 34.0
44 40.920926190476195 32.0
44 42.89367619047619 29.0
44 40.23982142857143 37.0
44 41.273799999999994 31.0
45 40.867988095238104 34.0
45 40.920926190476195 32.0
45 42.89367619047619 29.0
45 40.23982142857143 37.0
45 41.273799999999994 31.0
46 40.867988095238104 34.0
46 40.920926190476195 32.0
46 42.89367619047619 29.0
46 40.23982142857143 37.0
46 41.273799999999994 31.0
47 40.867988095238104 34.0
47 40.920926190476195 32.0
47 42.89367619047619 29.0
47 40.23982142857143 37.0
47 41.273799999999994 31.0
48 40.920926190476195 32.0
48 42.89367619047619 29.0
48 40.23982142857143 37.0
48 41.273799999999994 31.0
48 40.639730952380944 34.0
49 40.920926190476195 32.0
49 42.89367619047619 29.0
49 40.23982142857143 37.0
49 41.273799999999994 31.0
49 40.639730952380944 34.0
50 40.920926190476195 32.0
50 42.89367619047619 29.0
50 40.23982142857143 37.0
50 41.273799999999994 31.0
50 40.639730952380944 34.0
51 40.920926190476195 32.0
51 42.89367619047619 29.0
51 40.23982142857143 37.0
51 41.273799999999994 31.0
51 40.639730952380944 34.0
52 40.920926190476195 32.0
52 42.89367619047619 29.0
52 40.23982142857143 37.0
52 41.273799999999994 31.0
52 40.639730952380944 34.0
53 40.920926190476195 32.0
53 42.89367619047619 29.0
53 40.23982142857143 37.0
53 41.273799999999994 31.0
53 40.639730952380944 34.0
54 40.920926190476195 32.0
54 42.89367619047619 29.0
54 40.23982142857143 37.0
54 41.273799999999994 31.0
54 40.639730952380944 34.0
55 40.920926190476195 32.0
55 42.89367619047619 29.0
55 40.23982142857143 37.0
55 41.273799999999994 31.0
55 40.639730952380944 34.0
56 40.920926190476195 32.0
56 42.89367619047619 29.0
56 40.23982142857143 37.0
56 41.273799999999994 31.0
56 40.639730952380944 34.0
57 40.920926190476195 32.0
57 42.89367619047619 29.0
57 40.23982142857143 37.0
57 41.273799999999994 31.0
57 40.639730952380944 34.0
58 40.920926190476195 32.0
58 42.89367619047619 29.0
58 40.23982142857143 37.0
58 41.273799999999994 31.0
58 40.639730952380944 34.0
59 40.920926190476195 32.0
59 42.89367619047619 29.0
59 40.23982142857143 37.0
59 41.273799999999994 31.0
59 40.639730952380944 34.0
60 40.920926190476195 32.0
60 42.89367619047619 29.0
60 40.23982142857143 37.0
60 41.273799999999994 31.0
60 40.639730952380944 34.0
61 40.920926190476195 32.0
61 42.89367619047619 29.0
61 40.23982142857143 37.0
61 41.273799999999994 31.0
61 40.639730952380944 34.0
62 40.920926190476195 32.0
62 42.89367619047619 29.0
62 40.23982142857143 37.0
62 41.273799999999994 31.0
62 40.639730952380944 34.0
63 40.920926190476195 32.0
63 42.89367619047619 29.0
63 40.23982142857143 37.0
63 41.273799999999994 31.0
63 40.639730952380944 34.0
64 40.920926190476195 32.0
64 42.89367619047619 29.0
64 40.23982142857143 37.0
64 41.273799999999994 31.0
64 40.639730952380944 34.0
65 40.920926190476195 32.0
65 42.89367619047619 29.0
65 40.23982142857143 37.0
65 41.273799999999994 31.0
65 40.639730952380944 34.0
66 40.920926190476195 32.0
66 42.89367619047619 29.0
66 40.23982142857143 37.0
66 41.273799999999994 31.0
66 40.639730952380944 34.0
67 40.920926190476195 32.0
67 42.89367619047619 29.0
67 40.23982142857143 37.0
67 41.273799999999994 31.0
67 40.639730952380944 34.0
68 40.920926190476195 32.0
68 42.89367619047619 29.0
68 40.23982142857143 37.0
68 41.273799999999994 31.0
68 40.639730952380944 34.0
69 40.920926190476195 32.0
69 42.89367619047619 29.0
69 40.23982142857143 37.0
69 41.273799999999994 31.0
69 40.639730952380944 34.0
70 40.920926190476195 32.0
70 42.89367619047619 29.0
70 40.23982142857143 37.0
70 41.273799999999994 31.0
70 40.639730952380944 34.0
71 40.920926190476195 32.0
71 42.89367619047619 29.0
71 40.23982142857143 37.0
71 41.273799999999994 31.0
71 40.639730952380944 34.0
72 40.920926190476195 32.0
72 42.89367619047619 29.0
72 40.23982142857143 37.0
72 41.273799999999994 31.0
72 40.639730952380944 34.0
73 40.920926190476195 32.0
73 42.89367619047619 29.0
73 40.23982142857143 37.0
73 41.273799999999994 31.0
73 40.639730952380944 34.0
74 40.920926190476195 32.0
74 42.89367619047619 29.0
74 40.23982142857143 37.0
74 41.273799999999994 31.0
74 40.639730952380944 34.0
75 40.920926190476195 32.0
75 42.89367619047619 29.0
75 40.23982142857143 37.0
75 41.273799999999994 31.0
75 40.639730952380944 34.0
76 40.920926190476195 32.0
76 42.89367619047619 29.0
76 40.23982142857143 37.0
76 41.273799999999994 31.0
76 40.639730952380944 34.0
77 40.920926190476195 32.0
77 42.89367619047619 29.0
77 40.23982142857143 37.0
77 41.273799999999994 31.0
77 40.639730952380944 34.0
78 40.920926190476195 32.0
78 42.89367619047619 29.0
78 40.23982142857143 37.0
78 41.273799999999994 31.0
78 40.639730952380944 34.0
79 40.920926190476195 32.0
79 42.89367619047619 29.0
79 40.23982142857143 37.0
79 41.273799999999994 31.0
79 40.639730952380944 34.0
80 40.920926190476195 32.0
80 42.89367619047619 29.0
80 40.23982142857143 37.0
80 41.273799999999994 31.0
80 40.639730952380944 34.0
81 40.920926190476195 32.0
81 42.89367619047619 29.0
81 40.23982142857143 37.0
81 41.273799999999994 31.0
81 40.639730952380944 34.0
82 40.920926190476195 32.0
82 42.89367619047619 29.0
82 40.23982142857143 37.0
82 41.273799999999994 31.0
82 40.639730952380944 34.0
83 40.920926190476195 32.0
83 42.89367619047619 29.0
83 40.23982142857143 37.0
83 41.273799999999994 31.0
83 40.639730952380944 34.0
84 40.920926190476195 32.0
84 42.89367619047619 29.0
84 40.23982142857143 37.0
84 41.273799999999994 31.0
84 40.639730952380944 34.0
85 40.920926190476195 32.0
85 42.89367619047619 29.0
85 40.23982142857143 37.0
85 41.273799999999994 31.0
85 40.639730952380944 34.0
86 40.920926190476195 32.0
86 42.89367619047619 29.0
86 40.23982142857143 37.0
86 41.273799999999994 31.0
86 40.639730952380944 34.0
87 40.920926190476195 32.0
87 42.89367619047619 29.0
87 40.23982142857143 37.0
87 41.273799999999994 31.0
87 40.639730952380944 34.0
88 40.920926190476195 32.0
88 42.89367619047619 29.0
88 40.23982142857143 37.0
88 41.273799999999994 31.0
88 40.639730952380944 34.0
89 40.920926190476195 32.0
89 42.89367619047619 29.0
89 40.23982142857143 37.0
89 41.273799999999994 31.0
89 40.639730952380944 34.0
90 40.920926190476195 32.0
90 42.89367619047619 29.0
90 40.23982142857143 37.0
90 41.273799999999994 31.0
90 40.639730952380944 34.0
91 40.920926190476195 32.0
91 42.89367619047619 29.0
91 40.23982142857143 37.0
91 41.273799999999994 31.0
91 40.639730952380944 34.0
92 40.920926190476195 32.0
92 42.89367619047619 29.0
92 40.23982142857143 37.0
92 41.273799999999994 31.0
92 40.639730952380944 34.0
93 40.920926190476195 32.0
93 42.89367619047619 29.0
93 40.23982142857143 37.0
93 41.273799999999994 31.0
93 40.639730952380944 34.0
94 40.920926190476195 32.0
94 42.89367619047619 29.0
94 40.23982142857143 37.0
94 41.273799999999994 31.0
94 40.639730952380944 34.0
95 40.920926190476195 32.0
95 42.89367619047619 29.0
95 40.23982142857143 37.0
95 41.273799999999994 31.0
95 40.639730952380944 34.0
96 40.920926190476195 32.0
96 42.89367619047619 29.0
96 40.23982142857143 37.0
96 41.273799999999994 31.0
96 40.639730952380944 34.0
97 40.920926190476195 32.0
97 42.89367619047619 29.0
97 40.23982142857143 37.0
97 41.273799999999994 31.0
97 40.639730952380944 34.0
98 40.920926190476195 32.0
98 42.89367619047619 29.0
98 40.23982142857143 37.0
98 41.273799999999994 31.0
98 40.639730952380944 34.0
99 40.920926190476195 32.0
99 42.89367619047619 29.0
99 40.23982142857143 37.0
99 41.273799999999994 31.0
99 40.639730952380944 34.0
100 40.920926190476195 32.0
100 42.89367619047619 29.0
100 40.23982142857143 37.0
100 41.273799999999994 31.0
100 40.639730952380944 34.0
