1 45.56045714285714 33.0
1 43.46539523809523 38.0
1 44.006926190476186 34.0
1 43.52875238095238 35.0
2 42.783483333333336 37.0
2 42.8724880952381 35.0
2 43.5390880952381 33.0
2 42.703649999999996 40.0
3 42.8724880952381 35.0
3 43.5390880952381 33.0
3 42.32843333333333 39.0
3 43.230288095238095 34.0
3 42.658011904761906 38.0
3 42.766819047619045 36.0
4 42.8724880952381 35.0
4 43.5390880952381 33.0
4 43.230288095238095 34.0
4 41.75076666666667 36.0
5 43.5390880952381 33.0
5 43.230288095238095 34.0
5 41.75076666666667 36.0
5 42.36863571428571 35.0
6 43.5390880952381 33.0
6 43.230288095238095 34.0
6 41.75076666666667 36.0
6 42.36863571428571 35.0
7 43.5390880952381 33.0
7 43.230288095238095 34.0
7 41.75076666666667 36.0
7 42.317307142857146 35.0
7 41.488469047619056 39.0
8 41.4202119047619 33.0
9 41.4202119047619 33.0
10 41.4202119047619 33.0
11 41.4202119047619 33.0
11 41.07456428571429 37.0
12 41.4202119047619 33.0
12 41.07456428571429 37.0
13 41.4202119047619 33.0
13 40.93334047619047 34.0
14 41.4202119047619 33.0
14 40.93334047619047 34.0
15 41.4202119047619 33.0
15 40.93334047619047 34.0
15 40.87024523809524 39.0
16 40.93334047619047 34.0
16 40.87024523809524 39.0
16 41.32513571428571 33.0
16 41.701235714285716 32.0
17 40.93334047619047 34.0
17 41.32513571428571 33.0
17 41.701235714285716 32.0
17 40.854802380952385 35.0
17 41.76643333333333 31.0
18 40.93334047619047 34.0
18 41.32513571428571 33.0
18 41.701235714285716 32.0
18 40.854802380952385 35.0
18 41.76643333333333 31.0
19 40.93334047619047 34.0
19 41.32513571428571 33.0
19 41.701235714285716 32.0
19 40.854802380952385 35.0
19 41.76643333333333 31.0
19 40.552795238095236 38.0
20 40.93334047619047 34.0
20 41.32513571428571 33.0
20 41.701235714285716 32.0
20 40.854802380952385 35.0
20 41.76643333333333 31.0
20 40.552795238095236 38.0
21 40.93334047619047 34.0
21 41.32513571428571 33.0
21 41.701235714285716 32.0
21 40.854802380952385 35.0
21 41.76643333333333 31.0
21 40.552795238095236 38.0
22 41.701235714285716 32.0
22 41.76643333333333 31.0
22 40.552795238095236 38.0
22 40.67376904761905 33.0
23 41.701235714285716 32.0
23 41.76643333333333 31.0
23 40.552795238095236 38.0
23 40.67376904761905 33.0
24 41.701235714285716 32.0
24 41.76643333333333 31.0
24 40.552795238095236 38.0
24 40.67376904761905 33.0
24 40.655328571428576 36.0
24 42.11830714285715 30.0
25 41.701235714285716 32.0
25 41.76643333333333 31.0
25 40.552795238095236 38.0
25 40.67376904761905 33.0
25 40.655328571428576 36.0
25 42.11830714285715 30.0
26 41.701235714285716 32.0
26 41.76643333333333 31.0
26 40.552795238095236 38.0
26 40.67376904761905 33.0
26 40.655328571428576 36.0
26 42.11830714285715 30.0
27 41.76643333333333 31.0
27 40.552795238095236 38.0
27 40.67376904761905 33.0
27 40.655328571428576 36.0
27 42.11830714285715 30.0
27 40.9186119047619 32.0
28 41.76643333333333 31.0
28 40.552795238095236 38.0
28 40.67376904761905 33.0
28 40.655328571428576 36.0
28 42.11830714285715 30.0
28 40.9186119047619 32.0
29 41.76643333333333 31.0
29 40.552795238095236 38.0
29 40.67376904761905 33.0
29 40.655328571428576 36.0
29 42.11830714285715 30.0
29 40.9186119047619 32.0
30 41.76643333333333 31.0
30 40.552795238095236 38.0
30 40.67376904761905 33.0
30 42.11830714285715 30.0
30 40.9186119047619 32.0
30 40.608871428571426 34.0
31 41.76643333333333 31.0
31 42.11830714285715 30.0
31 40.54456428571429 32.0
32 41.76643333333333 31.0
32 42.11830714285715 30.0
32 40.54456428571429 32.0
32 40.438183333333335 34.0
33 41.76643333333333 31.0
33 42.11830714285715 30.0
33 40.54456428571429 32.0
33 40.438183333333335 34.0
34 41.76643333333333 31.0
34 42.11830714285715 30.0
34 40.438183333333335 34.0
34 40.48832380952381 32.0
35 41.76643333333333 31.0
35 42.11830714285715 30.0
35 40.438183333333335 34.0
35 40.48832380952381 32.0
36 41.76643333333333 31.0
36 42.11830714285715 30.0
36 40.438183333333335 34.0
36 40.48832380952381 32.0
37 41.76643333333333 31.0
37 42.11830714285715 30.0
37 40.438183333333335 34.0
37 40.48832380952381 32.0
38 41.76643333333333 31.0
38 42.11830714285715 30.0
38 40.438183333333335 34.0
38 40.48832380952381 32.0
39 41.76643333333333 31.0
39 42.11830714285715 30.0
39 40.438183333333335 34.0
39 40.48832380952381 32.0
40 41.76643333333333 31.0
40 42.11830714285715 30.0
40 40.438183333333335 34.0
40 40.48832380952381 32.0
41 41.76643333333333 31.0
41 42.11830714285715 30.0
41 40.438183333333335 34.0
41 40.48832380952381 32.0
42 41.76643333333333 31.0
42 42.11830714285715 30.0
42 40.438183333333335 34.0
42 40.48832380952381 32.0
42 40.34353095238095 38.0
43 41.76643333333333 31.0
43 42.11830714285715 30.0
43 40.438183333333335 34.0
43 40.48832380952381 32.0
43 40.34353095238095 38.0
44 41.76643333333333 31.0
44 42.11830714285715 30.0
44 40.438183333333335 34.0
44 40.48832380952381 32.0
44 40.34353095238095 38.0
45 41.76643333333333 31.0
45 42.11830714285715 30.0
45 40.438183333333335 34.0
45 40.48832380952381 32.0
45 40.19320714285714 35.0
46 41.76643333333333 31.0
46 42.11830714285715 30.0
46 40.438183333333335 34.0
46 40.48832380952381 32.0
46 40.19320714285714 35.0
47 41.76643333333333 31.0
47 42.11830714285715 30.0
47 40.438183333333335 34.0
47 40.48832380952381 32.0
47 40.19320714285714 35.0
48 41.76643333333333 31.0
48 42.11830714285715 30.0
48 40.438183333333335 34.0
48 40.48832380952381 32.0
48 40.19320714285714 35.0
49 41.76643333333333 31.0
49 42.11830714285715 30.0
49 40.438183333333335 34.0
49 40.48832380952381 32.0
49 40.19320714285714 35.0
50 41.76643333333333 31.0
50 42.11830714285715 30.0
50 40.19320714285714 35.0
50 40.326383333333325 32.0
51 41.76643333333333 31.0
51 42.11830714285715 30.0
51 40.19320714285714 35.0
51 40.326383333333325 32.0
52 41.76643333333333 31.0
52 42.11830714285715 30.0
52 40.19320714285714 35.0
52 40.326383333333325 32.0
53 41.76643333333333 31.0
53 42.11830714285715 30.0
53 40.19320714285714 35.0
53 40.326383333333325 32.0
54 41.76643333333333 31.0
54 42.11830714285715 30.0
54 40.19320714285714 35.0
54 40.326383333333325 32.0
55 41.76643333333333 31.0
55 42.11830714285715 30.0
55 40.19320714285714 35.0
55 40.326383333333325 32.0
56 41.76643333333333 31.0
56 42.11830714285715 30.0
56 40.19320714285714 35.0
56 40.326383333333325 32.0
57 41.76643333333333 31.0
57 42.11830714285715 30.0
57 40.19320714285714 35.0
57 40.326383333333325 32.0
58 41.76643333333333 31.0
58 42.11830714285715 30.0
58 40.19320714285714 35.0
58 40.326383333333325 32.0
59 41.76643333333333 31.0
59 42.11830714285715 30.0
59 40.19320714285714 35.0
59 40.326383333333325 32.0
60 41.76643333333333 31.0
60 42.11830714285715 30.0
60 40.19320714285714 35.0
60 40.326383333333325 32.0
61 41.76643333333333 31.0
61 42.11830714285715 30.0
61 40.19320714285714 35.0
61 40.326383333333325 32.0
62 41.76643333333333 31.0
62 42.11830714285715 30.0
62 40.19320714285714 35.0
62 40.326383333333325 32.0
63 41.76643333333333 31.0
63 42.11830714285715 30.0
63 40.19320714285714 35.0
63 40.326383333333325 32.0
64 41.76643333333333 31.0
64 42.11830714285715 30.0
64 40.19320714285714 35.0
64 40.326383333333325 32.0
65 41.76643333333333 31.0
65 42.11830714285715 30.0
65 40.19320714285714 35.0
65 40.326383333333325 32.0
66 41.76643333333333 31.0
66 42.11830714285715 30.0
66 40.19320714285714 35.0
66 40.326383333333325 32.0
67 41.76643333333333 31.0
67 42.11830714285715 30.0
67 40.19320714285714 35.0
67 40.326383333333325 32.0
68 41.76643333333333 31.0
68 42.11830714285715 30.0
68 40.19320714285714 35.0
68 40.326383333333325 32.0
69 41.76643333333333 31.0
69 42.11830714285715 30.0
69 40.19320714285714 35.0
69 40.326383333333325 32.0
70 41.76643333333333 31.0
70 42.11830714285715 30.0
70 40.19320714285714 35.0
70 40.326383333333325 32.0
71 41.76643333333333 31.0
71 42.11830714285715 30.0
71 40.19320714285714 35.0
71 40.326383333333325 32.0
72 41.76643333333333 31.0
72 42.11830714285715 30.0
72 40.19320714285714 35.0
72 40.326383333333325 32.0
73 41.76643333333333 31.0
73 42.11830714285715 30.0
73 40.19320714285714 35.0
73 40.326383333333325 32.0
74 41.76643333333333 31.0
74 42.11830714285715 30.0
74 40.19320714285714 35.0
74 40.326383333333325 32.0
75 41.76643333333333 31.0
75 42.11830714285715 30.0
75 40.19320714285714 35.0
75 40.326383333333325 32.0
76 41.76643333333333 31.0
76 42.11830714285715 30.0
76 40.19320714285714 35.0
76 40.326383333333325 32.0
77 41.76643333333333 31.0
77 42.11830714285715 30.0
77 40.19320714285714 35.0
77 40.326383333333325 32.0
78 41.76643333333333 31.0
78 42.11830714285715 30.0
78 40.19320714285714 35.0
78 40.326383333333325 32.0
79 41.76643333333333 31.0
79 42.11830714285715 30.0
79 40.19320714285714 35.0
79 40.326383333333325 32.0
80 41.76643333333333 31.0
80 42.11830714285715 30.0
80 40.19320714285714 35.0
80 40.326383333333325 32.0
81 41.76643333333333 31.0
81 42.11830714285715 30.0
81 40.19320714285714 35.0
81 40.326383333333325 32.0
82 41.76643333333333 31.0
82 42.11830714285715 30.0
82 40.19320714285714 35.0
82 40.326383333333325 32.0
83 41.76643333333333 31.0
83 42.11830714285715 30.0
83 40.19320714285714 35.0
83 40.326383333333325 32.0
84 41.76643333333333 31.0
84 42.11830714285715 30.0
84 40.19320714285714 35.0
84 40.326383333333325 32.0
85 41.76643333333333 31.0
85 42.11830714285715 30.0
85 40.19320714285714 35.0
85 40.326383333333325 32.0
86 41.76643333333333 31.0
86 42.11830714285715 30.0
86 40.19320714285714 35.0
86 40.326383333333325 32.0
87 41.76643333333333 31.0
87 42.11830714285715 30.0
87 40.19320714285714 35.0
87 40.326383333333325 32.0
88 41.76643333333333 31.0
88 42.11830714285715 30.0
88 40.19320714285714 35.0
88 40.326383333333325 32.0
89 41.76643333333333 31.0
89 42.11830714285715 30.0
89 40.19320714285714 35.0
89 40.326383333333325 32.0
90 41.76643333333333 31.0
90 42.11830714285715 30.0
90 40.19320714285714 35.0
90 40.326383333333325 32.0
91 41.76643333333333 31.0
91 42.11830714285715 30.0
91 40.19320714285714 35.0
91 40.326383333333325 32.0
92 41.76643333333333 31.0
92 42.11830714285715 30.0
92 40.19320714285714 35.0
92 40.326383333333325 32.0
93 41.76643333333333 31.0
93 42.11830714285715 30.0
93 40.19320714285714 35.0
93 40.326383333333325 32.0
94 41.76643333333333 31.0
94 42.11830714285715 30.0
94 40.19320714285714 35.0
94 40.326383333333325 32.0
95 41.76643333333333 31.0
95 42.11830714285715 30.0
95 40.19320714285714 35.0
95 40.326383333333325 32.0
96 41.76643333333333 31.0
96 42.11830714285715 30.0
96 40.19320714285714 35.0
96 40.326383333333325 32.0
97 41.76643333333333 31.0
97 42.11830714285715 30.0
97 40.19320714285714 35.0
97 40.326383333333325 32.0
98 41.76643333333333 31.0
98 42.11830714285715 30.0
98 40.19320714285714 35.0
98 40.326383333333325 32.0
99 41.76643333333333 31.0
99 42.11830714285715 30.0
99 40.19320714285714 35.0
99 40.326383333333325 32.0
100 41.76643333333333 31.0
100 42.11830714285715 30.0
100 40.19320714285714 35.0
100 40.326383333333325 32.0
