1 43.64106904761905 42.0
1 44.145692857142855 35.0
1 43.70844761904761 36.0
1 43.38000476190476 43.0
2 42.703564285714286 35.0
3 42.703564285714286 35.0
3 43.99910476190476 34.0
3 42.58658333333334 38.0
4 42.703564285714286 35.0
4 43.99910476190476 34.0
4 41.59552380952381 38.0
4 42.65146428571429 36.0
4 42.58835476190477 37.0
5 42.703564285714286 35.0
5 43.99910476190476 34.0
5 41.59552380952381 38.0
5 42.65146428571429 36.0
5 41.68640714285714 37.0
6 42.703564285714286 35.0
6 43.99910476190476 34.0
6 41.59552380952381 38.0
6 41.68640714285714 37.0
6 42.63946428571428 36.0
7 43.99910476190476 34.0
7 41.59552380952381 38.0
7 41.68640714285714 37.0
7 45.09227857142857 33.0
7 42.233309523809524 35.0
8 41.59552380952381 38.0
8 41.68640714285714 37.0
8 42.05534523809524 35.0
8 42.91104523809524 32.0
9 41.59552380952381 38.0
9 41.68640714285714 37.0
9 42.05534523809524 35.0
9 42.91104523809524 32.0
9 41.425173809523805 40.0
9 42.27268809523809 33.0
10 41.59552380952381 38.0
10 41.68640714285714 37.0
10 42.05534523809524 35.0
10 42.91104523809524 32.0
10 41.425173809523805 40.0
10 42.27268809523809 33.0
10 41.43452142857142 39.0
11 41.59552380952381 38.0
11 41.68640714285714 37.0
11 42.91104523809524 32.0
11 41.425173809523805 40.0
11 42.27268809523809 33.0
11 41.43452142857142 39.0
11 41.9040119047619 35.0
12 42.91104523809524 32.0
12 42.27268809523809 33.0
12 41.9040119047619 35.0
12 41.13628333333333 37.0
12 41.47215952380952 36.0
13 42.91104523809524 32.0
13 42.27268809523809 33.0
13 41.13628333333333 37.0
13 41.47215952380952 36.0
13 41.74460714285715 35.0
14 42.91104523809524 32.0
14 42.27268809523809 33.0
14 41.13628333333333 37.0
14 41.35766428571429 35.0
15 42.27268809523809 33.0
15 41.13628333333333 37.0
15 41.35766428571429 35.0
15 42.579683333333335 31.0
16 41.13628333333333 37.0
16 41.35766428571429 35.0
16 42.579683333333335 31.0
16 42.468135714285715 32.0
16 41.50898333333333 33.0
16 40.73255 38.0
17 42.579683333333335 31.0
17 40.489797619047614 32.0
18 42.579683333333335 31.0
18 40.489797619047614 32.0
19 42.579683333333335 31.0
19 40.489797619047614 32.0
20 42.579683333333335 31.0
20 40.489797619047614 32.0
20 42.70514047619047 30.0
21 42.579683333333335 31.0
21 40.489797619047614 32.0
21 42.70514047619047 30.0
22 42.579683333333335 31.0
22 40.489797619047614 32.0
22 42.70514047619047 30.0
23 42.579683333333335 31.0
23 40.489797619047614 32.0
23 42.70514047619047 30.0
24 42.579683333333335 31.0
24 40.489797619047614 32.0
24 42.70514047619047 30.0
25 42.579683333333335 31.0
25 40.489797619047614 32.0
25 42.70514047619047 30.0
26 40.489797619047614 32.0
26 42.70514047619047 30.0
26 40.829390476190476 31.0
26 40.32622619047619 37.0
27 40.489797619047614 32.0
27 42.70514047619047 30.0
27 40.829390476190476 31.0
27 40.32622619047619 37.0
28 40.489797619047614 32.0
28 42.70514047619047 30.0
28 40.829390476190476 31.0
28 40.32622619047619 37.0
29 40.489797619047614 32.0
29 42.70514047619047 30.0
29 40.829390476190476 31.0
29 40.32622619047619 37.0
30 40.489797619047614 32.0
30 42.70514047619047 30.0
30 40.829390476190476 31.0
30 40.32622619047619 37.0
31 40.489797619047614 32.0
31 40.829390476190476 31.0
31 40.32622619047619 37.0
31 42.33432142857143 30.0
32 40.489797619047614 32.0
32 40.829390476190476 31.0
32 40.32622619047619 37.0
32 42.33432142857143 30.0
33 40.489797619047614 32.0
33 40.829390476190476 31.0
33 40.32622619047619 37.0
33 41.568802380952384 30.0
34 40.489797619047614 32.0
34 40.829390476190476 31.0
34 40.32622619047619 37.0
34 41.568802380952384 30.0
35 40.489797619047614 32.0
35 40.829390476190476 31.0
35 40.32622619047619 37.0
35 41.568802380952384 30.0
36 40.489797619047614 32.0
36 40.829390476190476 31.0
36 40.32622619047619 37.0
36 41.568802380952384 30.0
37 40.489797619047614 32.0
37 40.829390476190476 31.0
37 40.32622619047619 37.0
37 41.568802380952384 30.0
38 40.489797619047614 32.0
38 40.829390476190476 31.0
38 40.32622619047619 37.0
38 41.568802380952384 30.0
39 40.489797619047614 32.0
39 40.829390476190476 31.0
39 40.32622619047619 37.0
39 40.99869761904762 30.0
40 40.489797619047614 32.0
40 40.829390476190476 31.0
40 40.32622619047619 37.0
40 40.99869761904762 30.0
41 40.489797619047614 32.0
41 40.829390476190476 31.0
41 40.32622619047619 37.0
41 40.99869761904762 30.0
42 40.489797619047614 32.0
42 40.829390476190476 31.0
42 40.32622619047619 37.0
42 40.99869761904762 30.0
43 40.489797619047614 32.0
43 40.829390476190476 31.0
43 40.32622619047619 37.0
43 40.99869761904762 30.0
44 40.489797619047614 32.0
44 40.829390476190476 31.0
44 40.32622619047619 37.0
44 40.99869761904762 30.0
45 40.489797619047614 32.0
45 40.829390476190476 31.0
45 40.32622619047619 37.0
45 40.99869761904762 30.0
46 40.489797619047614 32.0
46 40.829390476190476 31.0
46 40.32622619047619 37.0
46 40.99869761904762 30.0
47 40.489797619047614 32.0
47 40.829390476190476 31.0
47 40.32622619047619 37.0
47 40.99869761904762 30.0
48 40.489797619047614 32.0
48 40.829390476190476 31.0
48 40.32622619047619 37.0
48 40.99869761904762 30.0
49 40.489797619047614 32.0
49 40.829390476190476 31.0
49 40.32622619047619 37.0
49 40.99869761904762 30.0
50 40.489797619047614 32.0
50 40.829390476190476 31.0
50 40.32622619047619 37.0
50 40.99869761904762 30.0
51 40.489797619047614 32.0
51 40.829390476190476 31.0
51 40.32622619047619 37.0
51 40.99869761904762 30.0
52 40.489797619047614 32.0
52 40.829390476190476 31.0
52 40.32622619047619 37.0
52 40.99869761904762 30.0
53 40.489797619047614 32.0
53 40.829390476190476 31.0
53 40.32622619047619 37.0
53 40.99869761904762 30.0
54 40.489797619047614 32.0
54 40.829390476190476 31.0
54 40.32622619047619 37.0
54 40.99869761904762 30.0
55 40.489797619047614 32.0
55 40.829390476190476 31.0
55 40.32622619047619 37.0
55 40.99869761904762 30.0
56 40.489797619047614 32.0
56 40.829390476190476 31.0
56 40.32622619047619 37.0
56 40.99869761904762 30.0
57 40.489797619047614 32.0
57 40.829390476190476 31.0
57 40.32622619047619 37.0
57 40.99869761904762 30.0
57 40.445057142857145 35.0
58 40.489797619047614 32.0
58 40.829390476190476 31.0
58 40.32622619047619 37.0
58 40.99869761904762 30.0
58 40.445057142857145 35.0
59 40.489797619047614 32.0
59 40.829390476190476 31.0
59 40.32622619047619 37.0
59 40.99869761904762 30.0
59 40.445057142857145 35.0
60 40.489797619047614 32.0
60 40.829390476190476 31.0
60 40.32622619047619 37.0
60 40.99869761904762 30.0
60 40.445057142857145 35.0
61 40.489797619047614 32.0
61 40.829390476190476 31.0
61 40.32622619047619 37.0
61 40.99869761904762 30.0
61 40.445057142857145 35.0
62 40.489797619047614 32.0
62 40.829390476190476 31.0
62 40.32622619047619 37.0
62 40.99869761904762 30.0
62 40.445057142857145 35.0
63 40.489797619047614 32.0
63 40.829390476190476 31.0
63 40.32622619047619 37.0
63 40.99869761904762 30.0
63 40.445057142857145 35.0
64 40.489797619047614 32.0
64 40.829390476190476 31.0
64 40.32622619047619 37.0
64 40.99869761904762 30.0
64 40.445057142857145 35.0
65 40.489797619047614 32.0
65 40.829390476190476 31.0
65 40.32622619047619 37.0
65 40.99869761904762 30.0
65 40.445057142857145 35.0
66 40.489797619047614 32.0
66 40.829390476190476 31.0
66 40.32622619047619 37.0
66 40.99869761904762 30.0
66 40.445057142857145 35.0
67 40.489797619047614 32.0
67 40.829390476190476 31.0
67 40.32622619047619 37.0
67 40.99869761904762 30.0
67 40.445057142857145 35.0
68 40.489797619047614 32.0
68 40.829390476190476 31.0
68 40.32622619047619 37.0
68 40.99869761904762 30.0
68 40.445057142857145 35.0
69 40.489797619047614 32.0
69 40.829390476190476 31.0
69 40.32622619047619 37.0
69 40.99869761904762 30.0
69 40.445057142857145 35.0
70 40.489797619047614 32.0
70 40.829390476190476 31.0
70 40.32622619047619 37.0
70 40.99869761904762 30.0
70 40.445057142857145 35.0
71 40.489797619047614 32.0
71 40.829390476190476 31.0
71 40.32622619047619 37.0
71 40.99869761904762 30.0
71 40.445057142857145 35.0
72 40.489797619047614 32.0
72 40.829390476190476 31.0
72 40.32622619047619 37.0
72 40.99869761904762 30.0
72 40.445057142857145 35.0
73 40.489797619047614 32.0
73 40.829390476190476 31.0
73 40.32622619047619 37.0
73 40.99869761904762 30.0
73 40.445057142857145 35.0
74 40.489797619047614 32.0
74 40.829390476190476 31.0
74 40.32622619047619 37.0
74 40.99869761904762 30.0
74 40.445057142857145 35.0
75 40.489797619047614 32.0
75 40.829390476190476 31.0
75 40.32622619047619 37.0
75 40.99869761904762 30.0
75 40.445057142857145 35.0
76 40.489797619047614 32.0
76 40.829390476190476 31.0
76 40.32622619047619 37.0
76 40.99869761904762 30.0
76 40.445057142857145 35.0
77 40.489797619047614 32.0
77 40.829390476190476 31.0
77 40.32622619047619 37.0
77 40.99869761904762 30.0
77 40.445057142857145 35.0
78 40.489797619047614 32.0
78 40.829390476190476 31.0
78 40.32622619047619 37.0
78 40.99869761904762 30.0
78 40.445057142857145 35.0
79 40.489797619047614 32.0
79 40.829390476190476 31.0
79 40.32622619047619 37.0
79 40.99869761904762 30.0
79 40.445057142857145 35.0
80 40.489797619047614 32.0
80 40.829390476190476 31.0
80 40.32622619047619 37.0
80 40.99869761904762 30.0
80 40.445057142857145 35.0
81 40.489797619047614 32.0
81 40.829390476190476 31.0
81 40.32622619047619 37.0
81 40.99869761904762 30.0
81 40.445057142857145 35.0
82 40.489797619047614 32.0
82 40.829390476190476 31.0
82 40.32622619047619 37.0
82 40.99869761904762 30.0
82 40.445057142857145 35.0
83 40.489797619047614 32.0
83 40.829390476190476 31.0
83 40.32622619047619 37.0
83 40.99869761904762 30.0
83 40.445057142857145 35.0
84 40.489797619047614 32.0
84 40.829390476190476 31.0
84 40.32622619047619 37.0
84 40.99869761904762 30.0
84 40.445057142857145 35.0
85 40.489797619047614 32.0
85 40.829390476190476 31.0
85 40.32622619047619 37.0
85 40.99869761904762 30.0
85 40.445057142857145 35.0
86 40.489797619047614 32.0
86 40.829390476190476 31.0
86 40.32622619047619 37.0
86 40.99869761904762 30.0
86 40.445057142857145 35.0
87 40.489797619047614 32.0
87 40.829390476190476 31.0
87 40.32622619047619 37.0
87 40.99869761904762 30.0
87 40.445057142857145 35.0
88 40.489797619047614 32.0
88 40.829390476190476 31.0
88 40.32622619047619 37.0
88 40.99869761904762 30.0
88 40.445057142857145 35.0
89 40.489797619047614 32.0
89 40.829390476190476 31.0
89 40.32622619047619 37.0
89 40.99869761904762 30.0
89 40.445057142857145 35.0
90 40.489797619047614 32.0
90 40.829390476190476 31.0
90 40.32622619047619 37.0
90 40.99869761904762 30.0
90 40.445057142857145 35.0
91 40.489797619047614 32.0
91 40.829390476190476 31.0
91 40.32622619047619 37.0
91 40.99869761904762 30.0
91 40.445057142857145 35.0
92 40.489797619047614 32.0
92 40.829390476190476 31.0
92 40.32622619047619 37.0
92 40.99869761904762 30.0
92 40.445057142857145 35.0
93 40.489797619047614 32.0
93 40.829390476190476 31.0
93 40.32622619047619 37.0
93 40.99869761904762 30.0
93 40.445057142857145 35.0
94 40.489797619047614 32.0
94 40.829390476190476 31.0
94 40.32622619047619 37.0
94 40.99869761904762 30.0
94 40.445057142857145 35.0
95 40.489797619047614 32.0
95 40.829390476190476 31.0
95 40.32622619047619 37.0
95 40.99869761904762 30.0
95 40.445057142857145 35.0
96 40.489797619047614 32.0
96 40.829390476190476 31.0
96 40.32622619047619 37.0
96 40.99869761904762 30.0
96 40.445057142857145 35.0
97 40.489797619047614 32.0
97 40.829390476190476 31.0
97 40.32622619047619 37.0
97 40.99869761904762 30.0
97 40.445057142857145 35.0
98 40.489797619047614 32.0
98 40.829390476190476 31.0
98 40.32622619047619 37.0
98 40.99869761904762 30.0
98 40.445057142857145 35.0
99 40.489797619047614 32.0
99 40.829390476190476 31.0
99 40.32622619047619 37.0
99 40.99869761904762 30.0
99 40.445057142857145 35.0
100 40.489797619047614 32.0
100 40.829390476190476 31.0
100 40.32622619047619 37.0
100 40.99869761904762 30.0
100 40.445057142857145 35.0
