1 43.46375952380952 35.0
1 43.37012619047619 37.0
1 44.674259523809525 34.0
1 42.4060761904762 39.0
1 43.09844047619048 38.0
2 43.46375952380952 35.0
2 44.674259523809525 34.0
2 43.20718095238096 37.0
2 42.292888095238105 38.0
3 42.292888095238105 38.0
3 42.735259523809525 34.0
4 42.292888095238105 38.0
4 42.735259523809525 34.0
4 42.09260714285714 40.0
4 42.32609047619049 37.0
4 42.51889285714285 35.0
5 42.735259523809525 34.0
5 41.82500238095239 37.0
5 42.16598809523809 35.0
5 43.339688095238095 33.0
6 42.735259523809525 34.0
6 42.16598809523809 35.0
6 43.339688095238095 33.0
6 41.70332857142857 36.0
6 41.51390238095239 39.0
7 42.16598809523809 35.0
7 43.339688095238095 33.0
7 41.70332857142857 36.0
7 41.041623809523806 37.0
7 42.38987380952381 34.0
8 41.70332857142857 36.0
8 41.041623809523806 37.0
8 42.38987380952381 34.0
8 41.842150000000004 35.0
8 42.7101619047619 33.0
9 41.70332857142857 36.0
9 41.041623809523806 37.0
9 40.81945476190476 39.0
9 41.83209047619047 32.0
10 41.041623809523806 37.0
10 40.81945476190476 39.0
10 41.83209047619047 32.0
10 41.695323809523806 35.0
11 41.041623809523806 37.0
11 40.81945476190476 39.0
11 41.83209047619047 32.0
11 41.35127857142857 34.0
12 40.30135714285714 32.0
13 40.30135714285714 32.0
14 40.30135714285714 32.0
15 40.30135714285714 32.0
16 40.30135714285714 32.0
17 40.30135714285714 32.0
18 40.30135714285714 32.0
19 40.30135714285714 32.0
20 40.30135714285714 32.0
21 40.30135714285714 32.0
22 40.30135714285714 32.0
23 40.30135714285714 32.0
24 40.30135714285714 32.0
25 40.30135714285714 32.0
26 40.30135714285714 32.0
27 40.30135714285714 32.0
28 40.30135714285714 32.0
29 40.30135714285714 32.0
30 40.30135714285714 32.0
31 40.30135714285714 32.0
32 40.30135714285714 32.0
32 40.143321428571426 34.0
33 40.30135714285714 32.0
33 40.143321428571426 34.0
34 40.30135714285714 32.0
34 40.143321428571426 34.0
35 40.30135714285714 32.0
35 40.143321428571426 34.0
36 40.30135714285714 32.0
36 40.143321428571426 34.0
37 40.30135714285714 32.0
37 40.143321428571426 34.0
37 42.89164523809524 31.0
38 40.30135714285714 32.0
38 40.143321428571426 34.0
38 42.89164523809524 31.0
39 40.30135714285714 32.0
39 40.143321428571426 34.0
39 42.89164523809524 31.0
40 40.30135714285714 32.0
40 40.143321428571426 34.0
40 42.89164523809524 31.0
41 40.30135714285714 32.0
41 40.143321428571426 34.0
41 42.89164523809524 31.0
42 40.30135714285714 32.0
42 40.143321428571426 34.0
42 41.74008571428571 31.0
43 40.30135714285714 32.0
43 40.143321428571426 34.0
43 41.74008571428571 31.0
44 40.30135714285714 32.0
44 40.143321428571426 34.0
44 41.74008571428571 31.0
45 40.30135714285714 32.0
45 40.143321428571426 34.0
45 41.74008571428571 31.0
46 40.30135714285714 32.0
46 40.143321428571426 34.0
46 41.74008571428571 31.0
47 40.30135714285714 32.0
47 40.143321428571426 34.0
47 41.74008571428571 31.0
48 40.30135714285714 32.0
48 40.143321428571426 34.0
48 41.74008571428571 31.0
49 40.30135714285714 32.0
49 40.143321428571426 34.0
49 41.74008571428571 31.0
50 40.30135714285714 32.0
50 40.143321428571426 34.0
50 41.74008571428571 31.0
51 40.30135714285714 32.0
51 40.143321428571426 34.0
51 41.74008571428571 31.0
52 40.30135714285714 32.0
52 40.143321428571426 34.0
52 41.74008571428571 31.0
53 40.30135714285714 32.0
53 40.143321428571426 34.0
53 41.74008571428571 31.0
54 40.30135714285714 32.0
54 40.143321428571426 34.0
54 41.74008571428571 31.0
55 40.30135714285714 32.0
55 40.143321428571426 34.0
55 41.74008571428571 31.0
56 40.30135714285714 32.0
56 40.143321428571426 34.0
56 41.74008571428571 31.0
57 40.30135714285714 32.0
57 40.143321428571426 34.0
57 41.74008571428571 31.0
58 40.30135714285714 32.0
58 40.143321428571426 34.0
58 41.74008571428571 31.0
59 40.30135714285714 32.0
59 40.143321428571426 34.0
59 41.74008571428571 31.0
60 40.30135714285714 32.0
60 40.143321428571426 34.0
60 41.74008571428571 31.0
61 40.30135714285714 32.0
61 40.143321428571426 34.0
61 41.74008571428571 31.0
62 40.30135714285714 32.0
62 40.143321428571426 34.0
62 41.74008571428571 31.0
63 40.30135714285714 32.0
63 40.143321428571426 34.0
63 41.74008571428571 31.0
64 40.30135714285714 32.0
64 40.143321428571426 34.0
64 41.74008571428571 31.0
65 40.30135714285714 32.0
65 40.143321428571426 34.0
65 41.74008571428571 31.0
66 40.30135714285714 32.0
66 40.143321428571426 34.0
66 41.74008571428571 31.0
67 40.30135714285714 32.0
67 40.143321428571426 34.0
67 41.74008571428571 31.0
68 40.30135714285714 32.0
68 40.143321428571426 34.0
68 41.74008571428571 31.0
69 40.30135714285714 32.0
69 40.143321428571426 34.0
69 41.74008571428571 31.0
70 40.30135714285714 32.0
70 40.143321428571426 34.0
70 41.74008571428571 31.0
71 40.30135714285714 32.0
71 40.143321428571426 34.0
71 41.74008571428571 31.0
72 40.30135714285714 32.0
72 40.143321428571426 34.0
72 41.74008571428571 31.0
73 40.30135714285714 32.0
73 40.143321428571426 34.0
73 41.74008571428571 31.0
74 40.30135714285714 32.0
74 40.143321428571426 34.0
74 41.74008571428571 31.0
75 40.30135714285714 32.0
75 40.143321428571426 34.0
75 41.74008571428571 31.0
76 40.30135714285714 32.0
76 40.143321428571426 34.0
76 41.74008571428571 31.0
77 40.30135714285714 32.0
77 40.143321428571426 34.0
77 41.74008571428571 31.0
78 40.30135714285714 32.0
78 40.143321428571426 34.0
78 41.74008571428571 31.0
79 40.30135714285714 32.0
79 40.143321428571426 34.0
79 41.74008571428571 31.0
80 40.30135714285714 32.0
80 40.143321428571426 34.0
80 41.74008571428571 31.0
81 40.30135714285714 32.0
81 40.143321428571426 34.0
81 41.74008571428571 31.0
82 40.30135714285714 32.0
82 40.143321428571426 34.0
82 41.74008571428571 31.0
83 40.30135714285714 32.0
83 40.143321428571426 34.0
83 41.74008571428571 31.0
84 40.30135714285714 32.0
84 40.143321428571426 34.0
84 41.74008571428571 31.0
85 40.30135714285714 32.0
85 40.143321428571426 34.0
85 41.74008571428571 31.0
86 40.30135714285714 32.0
86 40.143321428571426 34.0
86 41.74008571428571 31.0
87 40.30135714285714 32.0
87 40.143321428571426 34.0
87 41.74008571428571 31.0
88 40.30135714285714 32.0
88 40.143321428571426 34.0
88 41.74008571428571 31.0
89 40.30135714285714 32.0
89 40.143321428571426 34.0
89 41.74008571428571 31.0
90 40.30135714285714 32.0
90 40.143321428571426 34.0
90 41.74008571428571 31.0
91 40.30135714285714 32.0
91 40.143321428571426 34.0
91 41.74008571428571 31.0
92 40.30135714285714 32.0
92 40.143321428571426 34.0
92 41.74008571428571 31.0
93 40.30135714285714 32.0
93 40.143321428571426 34.0
93 41.74008571428571 31.0
94 40.30135714285714 32.0
94 40.143321428571426 34.0
94 41.74008571428571 31.0
95 40.30135714285714 32.0
95 40.143321428571426 34.0
95 41.74008571428571 31.0
96 40.30135714285714 32.0
96 40.143321428571426 34.0
96 41.74008571428571 31.0
97 40.30135714285714 32.0
97 40.143321428571426 34.0
97 41.74008571428571 31.0
98 40.30135714285714 32.0
98 40.143321428571426 34.0
98 41.74008571428571 31.0
99 40.30135714285714 32.0
99 40.143321428571426 34.0
99 41.74008571428571 31.0
100 40.30135714285714 32.0
100 40.143321428571426 34.0
100 41.74008571428571 31.0
