1 44.006530952380956 36.0
1 46.00297619047619 41.0
1 44.63221190476191 40.0
1 43.68617857142857 40.0
1 44.62214047619048 38.0
1 45.83450476190476 43.0
1 44.876509523809524 40.0
1 44.94193809523809 41.0
1 45.23452619047619 41.0
1 44.6159238095238 39.0
1 44.17148571428571 40.0
1 44.18080238095238 42.0
1 43.73334047619048 42.0
1 47.81344285714285 42.0
1 44.03903333333333 40.0
1 43.7728761904762 41.0
1 44.35605476190475 38.0
2 43.42180952380952 40.0
2 43.68617857142857 40.0
2 43.859364285714285 39.0
2 44.153678571428564 39.0
2 44.18794047619048 38.0
2 44.35605476190475 38.0
2 44.62214047619048 38.0
2 47.81344285714285 42.0
2 45.26709761904762 37.0
2 44.006530952380956 36.0
3 43.10922380952381 39.0
3 43.42180952380952 40.0
3 43.68617857142857 40.0
3 43.776959523809516 39.0
3 44.153678571428564 39.0
3 44.06279285714286 38.0
3 43.63623333333333 37.0
3 44.62214047619048 38.0
3 44.66844999999999 37.0
3 45.26709761904762 37.0
3 44.006530952380956 36.0
4 43.10922380952381 39.0
4 43.383900000000004 39.0
4 43.60202619047619 40.0
4 43.776959523809516 39.0
4 43.69911666666667 38.0
4 43.51291904761905 37.0
4 43.63623333333333 37.0
4 44.62214047619048 38.0
4 44.66844999999999 37.0
4 45.26709761904762 37.0
4 44.006530952380956 36.0
5 42.76922619047618 36.0
5 43.32355952380953 42.0
5 43.10922380952381 39.0
5 43.383900000000004 39.0
5 43.776959523809516 39.0
5 43.69911666666667 38.0
5 45.44548809523809 40.0
5 43.4949738095238 37.0
5 43.6949 37.0
5 44.07236904761905 37.0
5 44.66844999999999 37.0
5 44.759035714285716 37.0
5 43.74583095238095 36.0
6 42.76922619047618 36.0
6 42.915154761904766 39.0
6 43.383900000000004 39.0
6 43.570209523809524 38.0
6 43.4949738095238 37.0
6 43.6949 37.0
6 43.89723571428571 37.0
6 44.84121666666667 38.0
6 43.74583095238095 36.0
6 43.08847142857142 35.0
7 42.44822619047619 41.0
7 42.75140238095238 38.0
7 42.76922619047618 36.0
7 43.570209523809524 38.0
7 43.43588571428572 37.0
7 43.6949 37.0
7 43.08847142857142 35.0
7 44.70011904761905 37.0
7 43.66333333333333 34.0
8 42.21369047619048 39.0
8 42.44822619047619 41.0
8 42.75140238095238 38.0
8 42.76922619047618 36.0
8 43.22014761904762 37.0
8 43.43588571428572 37.0
8 44.95264999999999 39.0
8 43.08847142857142 35.0
8 44.32836666666667 36.0
8 43.66333333333333 34.0
9 42.21369047619048 39.0
9 42.5511119047619 40.0
9 42.544071428571435 37.0
9 42.76922619047618 36.0
9 43.22014761904762 37.0
9 43.43588571428572 37.0
9 43.92194285714286 37.0
9 43.08847142857142 35.0
9 44.32836666666667 36.0
9 43.66333333333333 34.0
10 42.21369047619048 39.0
10 42.5511119047619 40.0
10 42.544071428571435 37.0
10 42.76922619047618 36.0
10 43.22014761904762 37.0
10 43.43588571428572 37.0
10 43.92194285714286 37.0
10 43.08847142857142 35.0
10 44.32836666666667 36.0
10 43.66333333333333 34.0
11 42.21369047619048 39.0
11 42.385478571428564 39.0
11 42.5511119047619 40.0
11 42.73208333333333 40.0
11 42.544071428571435 37.0
11 42.60212142857143 36.0
11 42.76922619047618 36.0
11 43.22014761904762 37.0
11 43.420590476190476 37.0
11 43.843509523809516 37.0
11 43.08847142857142 35.0
11 44.32836666666667 36.0
11 43.66333333333333 34.0
12 41.68625 38.0
12 41.89899285714286 40.0
12 42.21369047619048 39.0
12 42.33704285714285 38.0
12 42.544071428571435 37.0
12 42.732321428571424 37.0
12 42.60212142857143 36.0
12 42.76922619047618 36.0
12 43.80161904761905 37.0
12 43.08847142857142 35.0
12 43.66333333333333 34.0
13 41.68625 38.0
13 41.86636428571428 39.0
13 41.85786190476191 37.0
13 42.21369047619048 39.0
13 42.33704285714285 38.0
13 43.28703571428572 41.0
13 42.544071428571435 37.0
13 42.732321428571424 37.0
13 42.60212142857143 36.0
13 42.76922619047618 36.0
13 43.80161904761905 37.0
13 43.08847142857142 35.0
13 43.66333333333333 34.0
14 41.68625 38.0
14 41.86636428571428 39.0
14 41.85786190476191 37.0
14 42.21369047619048 39.0
14 42.33704285714285 38.0
14 42.322209523809526 37.0
14 42.544071428571435 37.0
14 42.732321428571424 37.0
14 42.60212142857143 36.0
14 42.76922619047618 36.0
14 43.80161904761905 37.0
14 42.60057619047618 35.0
14 43.08847142857142 35.0
14 44.72692857142858 35.0
14 43.66333333333333 34.0
15 41.68625 38.0
15 41.86636428571428 39.0
15 41.85786190476191 37.0
15 42.21369047619048 39.0
15 42.33704285714285 38.0
15 42.322209523809526 37.0
15 42.544071428571435 37.0
15 42.732321428571424 37.0
15 42.60212142857143 36.0
15 42.76922619047618 36.0
15 43.15401666666666 36.0
15 42.60057619047618 35.0
15 43.08847142857142 35.0
15 44.72692857142858 35.0
15 43.66333333333333 34.0
16 41.470004761904754 37.0
16 41.68625 38.0
16 41.86636428571428 39.0
16 41.85786190476191 37.0
16 42.21369047619048 39.0
16 42.33704285714285 38.0
16 42.322209523809526 37.0
16 42.544071428571435 37.0
16 42.732321428571424 37.0
16 42.60212142857143 36.0
16 43.15401666666666 36.0
16 42.60057619047618 35.0
16 43.08847142857142 35.0
16 43.65067857142857 35.0
16 43.66333333333333 34.0
17 41.470004761904754 37.0
17 41.68625 38.0
17 41.86636428571428 39.0
17 41.85786190476191 37.0
17 42.21369047619048 39.0
17 42.322209523809526 37.0
17 42.544071428571435 37.0
17 42.60212142857143 36.0
17 42.60057619047618 35.0
17 43.15401666666666 36.0
17 43.08847142857142 35.0
17 43.65067857142857 35.0
17 43.66333333333333 34.0
17 42.22660476190477 32.0
18 41.470004761904754 37.0
18 41.62192380952381 38.0
18 41.86636428571428 39.0
18 41.85786190476191 37.0
18 42.21369047619048 39.0
18 42.322209523809526 37.0
18 42.544071428571435 37.0
18 42.60212142857143 36.0
18 42.60057619047618 35.0
18 43.15401666666666 36.0
18 43.08847142857142 35.0
18 43.65067857142857 35.0
18 43.66333333333333 34.0
18 42.22660476190477 32.0
19 41.470004761904754 37.0
19 41.62192380952381 38.0
19 41.86636428571428 39.0
19 41.85786190476191 37.0
19 42.04083333333333 37.0
19 42.322209523809526 37.0
19 42.544071428571435 37.0
19 42.60212142857143 36.0
19 42.60057619047618 35.0
19 43.15401666666666 36.0
19 43.08847142857142 35.0
19 43.65067857142857 35.0
19 43.66333333333333 34.0
19 42.22660476190477 32.0
20 41.470004761904754 37.0
20 41.62192380952381 38.0
20 41.86636428571428 39.0
20 41.85786190476191 37.0
20 41.82024761904761 35.0
20 42.322209523809526 37.0
20 42.544071428571435 37.0
20 42.60212142857143 36.0
20 42.54311904761905 35.0
20 43.15401666666666 36.0
20 43.08847142857142 35.0
20 43.65067857142857 35.0
20 43.66333333333333 34.0
20 42.22660476190477 32.0
21 41.470004761904754 37.0
21 41.62192380952381 38.0
21 41.86636428571428 39.0
21 41.85786190476191 37.0
21 41.82024761904761 35.0
21 41.77014523809523 34.0
21 42.322209523809526 37.0
21 42.51155476190476 36.0
21 42.51665476190477 35.0
21 42.54311904761905 35.0
21 43.08847142857142 35.0
21 43.65067857142857 35.0
21 43.66333333333333 34.0
21 42.22660476190477 32.0
22 41.35787619047619 41.0
22 41.470004761904754 37.0
22 41.62192380952381 38.0
22 41.86636428571428 39.0
22 41.85786190476191 37.0
22 41.82024761904761 35.0
22 41.77014523809523 34.0
22 42.6399 37.0
22 42.3699119047619 35.0
22 42.54311904761905 35.0
22 43.08847142857142 35.0
22 43.65067857142857 35.0
22 44.49123333333333 35.0
22 43.66333333333333 34.0
22 42.22660476190477 32.0
23 41.35787619047619 41.0
23 41.470004761904754 37.0
23 41.62192380952381 38.0
23 41.86636428571428 39.0
23 41.85786190476191 37.0
23 41.82024761904761 35.0
23 41.77014523809523 34.0
23 42.52180476190476 37.0
23 42.3699119047619 35.0
23 42.54311904761905 35.0
23 43.08847142857142 35.0
23 43.65067857142857 35.0
23 43.2969261904762 34.0
23 43.66333333333333 34.0
23 42.22660476190477 32.0
24 41.35787619047619 41.0
24 41.470004761904754 37.0
24 41.62192380952381 38.0
24 41.86636428571428 39.0
24 41.85786190476191 37.0
24 41.82024761904761 35.0
24 41.77014523809523 34.0
24 42.52180476190476 37.0
24 42.3699119047619 35.0
24 42.54311904761905 35.0
24 43.08847142857142 35.0
24 43.65067857142857 35.0
24 43.2969261904762 34.0
24 43.66333333333333 34.0
24 42.22660476190477 32.0
25 41.35787619047619 41.0
25 41.470004761904754 37.0
25 41.62192380952381 38.0
25 41.86636428571428 39.0
25 41.85786190476191 37.0
25 41.82024761904761 35.0
25 41.77014523809523 34.0
25 42.298409523809525 36.0
25 42.3699119047619 35.0
25 42.54311904761905 35.0
25 43.08847142857142 35.0
25 43.65067857142857 35.0
25 43.2969261904762 34.0
25 43.66333333333333 34.0
25 42.22660476190477 32.0
26 41.35787619047619 41.0
26 41.470004761904754 37.0
26 41.62192380952381 38.0
26 41.86636428571428 39.0
26 41.85786190476191 37.0
26 41.82024761904761 35.0
26 41.77014523809523 34.0
26 42.298409523809525 36.0
26 42.3699119047619 35.0
26 42.54311904761905 35.0
26 43.08847142857142 35.0
26 43.65067857142857 35.0
26 43.2969261904762 34.0
26 43.66333333333333 34.0
26 42.22660476190477 32.0
27 41.35787619047619 41.0
27 41.470004761904754 37.0
27 41.62192380952381 38.0
27 41.83125952380952 38.0
27 41.85786190476191 37.0
27 41.82024761904761 35.0
27 41.77014523809523 34.0
27 42.298409523809525 36.0
27 42.3699119047619 35.0
27 42.54311904761905 35.0
27 43.08847142857142 35.0
27 43.65067857142857 35.0
27 43.2969261904762 34.0
27 43.66333333333333 34.0
27 42.22660476190477 32.0
28 41.35787619047619 41.0
28 41.470004761904754 37.0
28 41.62192380952381 38.0
28 41.83125952380952 38.0
28 41.85786190476191 37.0
28 41.82024761904761 35.0
28 41.77014523809523 34.0
28 42.298409523809525 36.0
28 42.3699119047619 35.0
28 42.54311904761905 35.0
28 43.08847142857142 35.0
28 43.65067857142857 35.0
28 43.2969261904762 34.0
28 43.66333333333333 34.0
28 42.22660476190477 32.0
29 41.35787619047619 41.0
29 41.470004761904754 37.0
29 41.62192380952381 38.0
29 41.83125952380952 38.0
29 41.85786190476191 37.0
29 41.82024761904761 35.0
29 41.77014523809523 34.0
29 42.298409523809525 36.0
29 42.3699119047619 35.0
29 42.54311904761905 35.0
29 43.08847142857142 35.0
29 43.65067857142857 35.0
29 43.2969261904762 34.0
29 43.66333333333333 34.0
29 42.22660476190477 32.0
30 41.35787619047619 41.0
30 41.470004761904754 37.0
30 41.62192380952381 38.0
30 41.83125952380952 38.0
30 41.85786190476191 37.0
30 41.82024761904761 35.0
30 41.77014523809523 34.0
30 42.298409523809525 36.0
30 42.3699119047619 35.0
30 42.54311904761905 35.0
30 43.08847142857142 35.0
30 43.65067857142857 35.0
30 43.2969261904762 34.0
30 43.66333333333333 34.0
30 42.22660476190477 32.0
31 41.35787619047619 41.0
31 41.470004761904754 37.0
31 41.62192380952381 38.0
31 41.85786190476191 37.0
31 42.17377380952381 39.0
31 41.82024761904761 35.0
31 41.77014523809523 34.0
31 42.298409523809525 36.0
31 42.3699119047619 35.0
31 42.54311904761905 35.0
31 43.08847142857142 35.0
31 43.65067857142857 35.0
31 43.2969261904762 34.0
31 42.22660476190477 32.0
32 41.35787619047619 41.0
32 41.470004761904754 37.0
32 41.39934047619048 33.0
32 41.85786190476191 37.0
32 42.17377380952381 39.0
32 41.82024761904761 35.0
32 41.77014523809523 34.0
32 42.298409523809525 36.0
32 42.3699119047619 35.0
32 42.54311904761905 35.0
32 43.08847142857142 35.0
32 43.65067857142857 35.0
32 43.2969261904762 34.0
32 42.22660476190477 32.0
33 40.98661666666667 37.0
33 41.35787619047619 41.0
33 41.470004761904754 37.0
33 41.85786190476191 37.0
33 42.69450952380951 40.0
33 41.82024761904761 35.0
33 42.298409523809525 36.0
33 41.39934047619048 33.0
33 42.54311904761905 35.0
33 43.08847142857142 35.0
33 43.2969261904762 34.0
33 42.22660476190477 32.0
34 40.98661666666667 37.0
34 41.35787619047619 41.0
34 41.470004761904754 37.0
34 41.85786190476191 37.0
34 41.99305238095238 37.0
34 41.82024761904761 35.0
34 42.298409523809525 36.0
34 41.39934047619048 33.0
34 42.54311904761905 35.0
34 43.08847142857142 35.0
34 43.2969261904762 34.0
34 42.22660476190477 32.0
35 40.98661666666667 37.0
35 41.35787619047619 41.0
35 41.470004761904754 37.0
35 41.793176190476196 38.0
35 41.85786190476191 37.0
35 41.99305238095238 37.0
35 41.82024761904761 35.0
35 42.298409523809525 36.0
35 41.39934047619048 33.0
35 42.54311904761905 35.0
35 43.08847142857142 35.0
35 43.2969261904762 34.0
35 42.22660476190477 32.0
36 40.98661666666667 37.0
36 41.35787619047619 41.0
36 41.45250238095238 40.0
36 41.470004761904754 37.0
36 41.793176190476196 38.0
36 41.85786190476191 37.0
36 41.99305238095238 37.0
36 41.82024761904761 35.0
36 42.298409523809525 36.0
36 41.39934047619048 33.0
36 42.54311904761905 35.0
36 43.08847142857142 35.0
36 43.2969261904762 34.0
36 42.22660476190477 32.0
37 40.98661666666667 37.0
37 41.35787619047619 41.0
37 41.45250238095238 40.0
37 41.470004761904754 37.0
37 41.793176190476196 38.0
37 41.85786190476191 37.0
37 41.99305238095238 37.0
37 41.82024761904761 35.0
37 42.298409523809525 36.0
37 41.39934047619048 33.0
37 42.54311904761905 35.0
37 43.08847142857142 35.0
37 43.2969261904762 34.0
37 42.22660476190477 32.0
38 40.98661666666667 37.0
38 41.35787619047619 41.0
38 41.45250238095238 40.0
38 41.470004761904754 37.0
38 41.793176190476196 38.0
38 41.85786190476191 37.0
38 41.99305238095238 37.0
38 41.82024761904761 35.0
38 42.0596 35.0
38 41.39934047619048 33.0
38 42.54311904761905 35.0
38 43.08847142857142 35.0
38 43.2969261904762 34.0
38 42.22660476190477 32.0
39 40.98661666666667 37.0
39 41.35787619047619 41.0
39 41.45250238095238 40.0
39 41.470004761904754 37.0
39 41.793176190476196 38.0
39 41.85786190476191 37.0
39 41.99305238095238 37.0
39 41.82024761904761 35.0
39 42.0596 35.0
39 41.39934047619048 33.0
39 42.54311904761905 35.0
39 43.08847142857142 35.0
39 43.2969261904762 34.0
39 42.22660476190477 32.0
40 40.98661666666667 37.0
40 41.35787619047619 41.0
40 41.45250238095238 40.0
40 41.470004761904754 37.0
40 41.32162619047619 35.0
40 41.85786190476191 37.0
40 41.99305238095238 37.0
40 41.82024761904761 35.0
40 42.0596 35.0
40 41.39934047619048 33.0
40 42.54311904761905 35.0
40 43.22286904761905 35.0
40 43.2969261904762 34.0
40 42.22660476190477 32.0
41 40.98661666666667 37.0
41 41.35787619047619 41.0
41 41.32214047619048 37.0
41 41.37983571428572 37.0
41 41.32162619047619 35.0
41 41.75845476190476 37.0
41 41.99305238095238 37.0
41 41.82024761904761 35.0
41 42.0596 35.0
41 41.39934047619048 33.0
41 42.54311904761905 35.0
41 43.22286904761905 35.0
41 43.2969261904762 34.0
41 42.22660476190477 32.0
42 40.98661666666667 37.0
42 41.35787619047619 41.0
42 41.32214047619048 37.0
42 41.37983571428572 37.0
42 41.32162619047619 35.0
42 41.75845476190476 37.0
42 41.99305238095238 37.0
42 41.82024761904761 35.0
42 42.0596 35.0
42 41.39934047619048 33.0
42 42.54311904761905 35.0
42 43.22286904761905 35.0
42 43.2969261904762 34.0
42 42.22660476190477 32.0
43 40.98661666666667 37.0
43 41.35787619047619 41.0
43 41.32214047619048 37.0
43 41.37983571428572 37.0
43 41.32162619047619 35.0
43 41.75845476190476 37.0
43 41.99305238095238 37.0
43 41.82024761904761 35.0
43 42.0596 35.0
43 41.39934047619048 33.0
43 42.54311904761905 35.0
43 43.22286904761905 35.0
43 43.2969261904762 34.0
43 42.22660476190477 32.0
44 40.98661666666667 37.0
44 41.35787619047619 41.0
44 41.32214047619048 37.0
44 41.37983571428572 37.0
44 41.32162619047619 35.0
44 41.75845476190476 37.0
44 41.99305238095238 37.0
44 41.82024761904761 35.0
44 42.0596 35.0
44 41.39934047619048 33.0
44 42.54311904761905 35.0
44 42.763999999999996 34.0
44 43.2969261904762 34.0
44 42.22660476190477 32.0
45 40.98661666666667 37.0
45 41.35787619047619 41.0
45 41.32214047619048 37.0
45 41.37983571428572 37.0
45 41.32162619047619 35.0
45 41.75845476190476 37.0
45 41.99305238095238 37.0
45 41.82024761904761 35.0
45 42.0596 35.0
45 41.39934047619048 33.0
45 42.54311904761905 35.0
45 42.763999999999996 34.0
45 43.2969261904762 34.0
45 42.22660476190477 32.0
46 40.98661666666667 37.0
46 41.35787619047619 41.0
46 41.32214047619048 37.0
46 41.37983571428572 37.0
46 41.32162619047619 35.0
46 41.75845476190476 37.0
46 41.99305238095238 37.0
46 41.82024761904761 35.0
46 42.0596 35.0
46 41.39934047619048 33.0
46 42.54311904761905 35.0
46 42.763999999999996 34.0
46 43.2969261904762 34.0
46 42.22660476190477 32.0
47 40.98661666666667 37.0
47 41.35787619047619 41.0
47 41.32214047619048 37.0
47 41.37983571428572 37.0
47 41.32162619047619 35.0
47 41.75845476190476 37.0
47 41.99305238095238 37.0
47 41.82024761904761 35.0
47 42.0596 35.0
47 41.39934047619048 33.0
47 42.54311904761905 35.0
47 42.763999999999996 34.0
47 43.2969261904762 34.0
47 42.22660476190477 32.0
48 40.98661666666667 37.0
48 41.35787619047619 41.0
48 41.32214047619048 37.0
48 41.37983571428572 37.0
48 41.32162619047619 35.0
48 41.75845476190476 37.0
48 41.99305238095238 37.0
48 41.82024761904761 35.0
48 42.0596 35.0
48 41.39934047619048 33.0
48 42.54311904761905 35.0
48 42.35478095238095 34.0
48 43.2969261904762 34.0
48 42.22660476190477 32.0
49 40.98661666666667 37.0
49 41.35787619047619 41.0
49 41.32214047619048 37.0
49 41.37983571428572 37.0
49 41.32162619047619 35.0
49 41.75845476190476 37.0
49 41.99305238095238 37.0
49 41.82024761904761 35.0
49 42.0596 35.0
49 41.39934047619048 33.0
49 42.54311904761905 35.0
49 42.35478095238095 34.0
49 43.2969261904762 34.0
49 42.22660476190477 32.0
50 40.98661666666667 37.0
50 41.35787619047619 41.0
50 41.32214047619048 37.0
50 41.37983571428572 37.0
50 41.32162619047619 35.0
50 41.75845476190476 37.0
50 41.99305238095238 37.0
50 41.82024761904761 35.0
50 42.0596 35.0
50 41.39934047619048 33.0
50 42.54311904761905 35.0
50 42.35478095238095 34.0
50 43.2969261904762 34.0
50 42.22660476190477 32.0
51 40.98661666666667 37.0
51 41.35787619047619 41.0
51 41.32214047619048 37.0
51 41.37983571428572 37.0
51 41.32162619047619 35.0
51 41.75845476190476 37.0
51 41.99305238095238 37.0
51 41.82024761904761 35.0
51 42.0596 35.0
51 41.39934047619048 33.0
51 42.54311904761905 35.0
51 42.35478095238095 34.0
51 43.2969261904762 34.0
51 42.22660476190477 32.0
52 40.98661666666667 37.0
52 41.06491428571429 37.0
52 41.35787619047619 41.0
52 41.32214047619048 37.0
52 41.37983571428572 37.0
52 41.32162619047619 35.0
52 41.75845476190476 37.0
52 41.99305238095238 37.0
52 41.82024761904761 35.0
52 42.0596 35.0
52 41.39934047619048 33.0
52 42.54311904761905 35.0
52 42.35478095238095 34.0
52 43.2969261904762 34.0
52 42.22660476190477 32.0
53 40.98661666666667 37.0
53 41.06491428571429 37.0
53 41.35787619047619 41.0
53 41.32214047619048 37.0
53 41.37983571428572 37.0
53 41.32162619047619 35.0
53 41.53087619047619 36.0
53 41.99305238095238 37.0
53 41.82024761904761 35.0
53 42.0596 35.0
53 41.39934047619048 33.0
53 42.54311904761905 35.0
53 42.35478095238095 34.0
53 43.2969261904762 34.0
53 42.22660476190477 32.0
54 40.98661666666667 37.0
54 41.06491428571429 37.0
54 41.35787619047619 41.0
54 41.32214047619048 37.0
54 41.37983571428572 37.0
54 41.32162619047619 35.0
54 41.53087619047619 36.0
54 41.99305238095238 37.0
54 41.82024761904761 35.0
54 42.0596 35.0
54 41.39934047619048 33.0
54 42.54311904761905 35.0
54 42.35478095238095 34.0
54 43.2969261904762 34.0
54 42.22660476190477 32.0
55 40.98661666666667 37.0
55 41.06491428571429 37.0
55 41.35787619047619 41.0
55 41.32214047619048 37.0
55 41.37983571428572 37.0
55 41.32162619047619 35.0
55 41.53087619047619 36.0
55 41.99305238095238 37.0
55 41.82024761904761 35.0
55 42.0596 35.0
55 41.39934047619048 33.0
55 42.54311904761905 35.0
55 42.35478095238095 34.0
55 43.2969261904762 34.0
55 42.22660476190477 32.0
56 40.98661666666667 37.0
56 41.06491428571429 37.0
56 41.35787619047619 41.0
56 41.32214047619048 37.0
56 41.37983571428572 37.0
56 41.32162619047619 35.0
56 41.53087619047619 36.0
56 41.99305238095238 37.0
56 41.82024761904761 35.0
56 42.0596 35.0
56 41.39934047619048 33.0
56 42.54311904761905 35.0
56 42.35478095238095 34.0
56 43.2969261904762 34.0
56 42.22660476190477 32.0
57 40.98661666666667 37.0
57 41.06491428571429 37.0
57 41.35787619047619 41.0
57 41.32214047619048 37.0
57 41.37983571428572 37.0
57 41.32162619047619 35.0
57 41.53087619047619 36.0
57 41.99305238095238 37.0
57 41.82024761904761 35.0
57 42.0596 35.0
57 41.39934047619048 33.0
57 42.54311904761905 35.0
57 42.35478095238095 34.0
57 43.2969261904762 34.0
57 42.22660476190477 32.0
58 40.98661666666667 37.0
58 41.06491428571429 37.0
58 41.35787619047619 41.0
58 41.32214047619048 37.0
58 41.37983571428572 37.0
58 41.32162619047619 35.0
58 41.53087619047619 36.0
58 41.99305238095238 37.0
58 41.82024761904761 35.0
58 42.0596 35.0
58 41.39934047619048 33.0
58 42.54311904761905 35.0
58 42.35478095238095 34.0
58 43.2969261904762 34.0
58 42.22660476190477 32.0
59 40.98661666666667 37.0
59 41.06491428571429 37.0
59 41.35787619047619 41.0
59 41.32214047619048 37.0
59 41.37983571428572 37.0
59 41.32162619047619 35.0
59 41.53087619047619 36.0
59 41.99305238095238 37.0
59 41.82024761904761 35.0
59 42.0596 35.0
59 41.39934047619048 33.0
59 42.54311904761905 35.0
59 42.35478095238095 34.0
59 43.2969261904762 34.0
59 42.22660476190477 32.0
60 40.98661666666667 37.0
60 41.06491428571429 37.0
60 41.35787619047619 41.0
60 41.32214047619048 37.0
60 41.37983571428572 37.0
60 41.32162619047619 35.0
60 41.53087619047619 36.0
60 41.99305238095238 37.0
60 41.82024761904761 35.0
60 42.0596 35.0
60 41.39934047619048 33.0
60 42.54311904761905 35.0
60 42.35478095238095 34.0
60 43.2969261904762 34.0
60 42.22660476190477 32.0
61 40.98661666666667 37.0
61 41.06491428571429 37.0
61 41.35787619047619 41.0
61 41.32214047619048 37.0
61 41.37983571428572 37.0
61 41.32162619047619 35.0
61 41.53087619047619 36.0
61 41.99305238095238 37.0
61 41.82024761904761 35.0
61 42.0596 35.0
61 41.39934047619048 33.0
61 42.54311904761905 35.0
61 42.35478095238095 34.0
61 43.2969261904762 34.0
61 42.22660476190477 32.0
62 40.98661666666667 37.0
62 41.06491428571429 37.0
62 41.35787619047619 41.0
62 41.32214047619048 37.0
62 41.37983571428572 37.0
62 41.32162619047619 35.0
62 41.53087619047619 36.0
62 41.99305238095238 37.0
62 41.82024761904761 35.0
62 42.0596 35.0
62 41.39934047619048 33.0
62 42.54311904761905 35.0
62 42.35478095238095 34.0
62 43.2969261904762 34.0
62 42.22660476190477 32.0
63 40.98661666666667 37.0
63 41.06491428571429 37.0
63 41.35787619047619 41.0
63 41.32214047619048 37.0
63 41.37983571428572 37.0
63 41.32162619047619 35.0
63 41.53087619047619 36.0
63 41.99305238095238 37.0
63 41.82024761904761 35.0
63 42.0596 35.0
63 41.39934047619048 33.0
63 42.54311904761905 35.0
63 42.35478095238095 34.0
63 43.2969261904762 34.0
63 42.22660476190477 32.0
64 40.98661666666667 37.0
64 41.06491428571429 37.0
64 41.35787619047619 41.0
64 41.32214047619048 37.0
64 41.37983571428572 37.0
64 41.32162619047619 35.0
64 41.53087619047619 36.0
64 41.99305238095238 37.0
64 41.82024761904761 35.0
64 42.0596 35.0
64 41.39934047619048 33.0
64 42.54311904761905 35.0
64 42.35478095238095 34.0
64 43.2969261904762 34.0
64 42.22660476190477 32.0
65 40.98661666666667 37.0
65 41.06491428571429 37.0
65 41.35787619047619 41.0
65 41.32214047619048 37.0
65 41.37983571428572 37.0
65 41.32162619047619 35.0
65 41.53087619047619 36.0
65 41.99305238095238 37.0
65 41.82024761904761 35.0
65 42.0596 35.0
65 41.39934047619048 33.0
65 42.54311904761905 35.0
65 42.35478095238095 34.0
65 43.2969261904762 34.0
65 42.22660476190477 32.0
66 40.98661666666667 37.0
66 41.06491428571429 37.0
66 41.35787619047619 41.0
66 41.32214047619048 37.0
66 41.37983571428572 37.0
66 41.32162619047619 35.0
66 41.53087619047619 36.0
66 41.99305238095238 37.0
66 41.82024761904761 35.0
66 42.0596 35.0
66 41.39934047619048 33.0
66 42.54311904761905 35.0
66 42.35478095238095 34.0
66 43.2969261904762 34.0
66 42.22660476190477 32.0
67 40.98661666666667 37.0
67 41.06491428571429 37.0
67 41.35787619047619 41.0
67 41.32214047619048 37.0
67 41.37983571428572 37.0
67 41.32162619047619 35.0
67 41.53087619047619 36.0
67 41.99305238095238 37.0
67 41.82024761904761 35.0
67 42.0596 35.0
67 41.39934047619048 33.0
67 42.54311904761905 35.0
67 42.35478095238095 34.0
67 43.2969261904762 34.0
67 42.22660476190477 32.0
68 40.98661666666667 37.0
68 41.06491428571429 37.0
68 41.35787619047619 41.0
68 41.32214047619048 37.0
68 41.37983571428572 37.0
68 41.32162619047619 35.0
68 41.53087619047619 36.0
68 41.99305238095238 37.0
68 41.82024761904761 35.0
68 42.0596 35.0
68 41.39934047619048 33.0
68 42.54311904761905 35.0
68 42.35478095238095 34.0
68 43.2969261904762 34.0
68 42.22660476190477 32.0
69 40.98661666666667 37.0
69 41.06491428571429 37.0
69 41.35787619047619 41.0
69 41.32214047619048 37.0
69 41.37983571428572 37.0
69 41.32162619047619 35.0
69 41.53087619047619 36.0
69 41.99305238095238 37.0
69 41.82024761904761 35.0
69 42.0596 35.0
69 41.39934047619048 33.0
69 42.54311904761905 35.0
69 42.35478095238095 34.0
69 43.2969261904762 34.0
69 42.22660476190477 32.0
70 40.98661666666667 37.0
70 41.06491428571429 37.0
70 41.35787619047619 41.0
70 41.32214047619048 37.0
70 41.37983571428572 37.0
70 41.32162619047619 35.0
70 41.53087619047619 36.0
70 41.99305238095238 37.0
70 41.82024761904761 35.0
70 42.0596 35.0
70 41.39934047619048 33.0
70 42.54311904761905 35.0
70 42.35478095238095 34.0
70 43.2969261904762 34.0
70 42.22660476190477 32.0
71 40.98661666666667 37.0
71 41.06491428571429 37.0
71 41.35787619047619 41.0
71 41.32214047619048 37.0
71 41.37983571428572 37.0
71 41.32162619047619 35.0
71 41.53087619047619 36.0
71 41.99305238095238 37.0
71 41.82024761904761 35.0
71 42.0596 35.0
71 41.39934047619048 33.0
71 42.54311904761905 35.0
71 42.35478095238095 34.0
71 43.2969261904762 34.0
71 42.22660476190477 32.0
72 40.98661666666667 37.0
72 41.06491428571429 37.0
72 41.35787619047619 41.0
72 41.32214047619048 37.0
72 41.37983571428572 37.0
72 41.32162619047619 35.0
72 41.53087619047619 36.0
72 41.99305238095238 37.0
72 41.82024761904761 35.0
72 42.0596 35.0
72 41.39934047619048 33.0
72 42.54311904761905 35.0
72 42.35478095238095 34.0
72 43.2969261904762 34.0
72 42.22660476190477 32.0
73 40.98661666666667 37.0
73 41.06491428571429 37.0
73 41.35787619047619 41.0
73 41.32214047619048 37.0
73 41.37983571428572 37.0
73 41.32162619047619 35.0
73 41.53087619047619 36.0
73 41.99305238095238 37.0
73 41.82024761904761 35.0
73 42.0596 35.0
73 41.39934047619048 33.0
73 42.54311904761905 35.0
73 42.35478095238095 34.0
73 43.2969261904762 34.0
73 42.22660476190477 32.0
74 40.98661666666667 37.0
74 41.06491428571429 37.0
74 41.35787619047619 41.0
74 41.32214047619048 37.0
74 41.37983571428572 37.0
74 41.32162619047619 35.0
74 41.53087619047619 36.0
74 41.99305238095238 37.0
74 41.82024761904761 35.0
74 42.0596 35.0
74 41.39934047619048 33.0
74 42.54311904761905 35.0
74 42.35478095238095 34.0
74 43.2969261904762 34.0
74 42.22660476190477 32.0
75 40.98661666666667 37.0
75 41.06491428571429 37.0
75 41.35787619047619 41.0
75 41.32214047619048 37.0
75 41.37983571428572 37.0
75 41.32162619047619 35.0
75 41.53087619047619 36.0
75 41.99305238095238 37.0
75 41.82024761904761 35.0
75 42.0596 35.0
75 41.39934047619048 33.0
75 42.7593619047619 35.0
75 42.35478095238095 34.0
75 43.2969261904762 34.0
75 42.22660476190477 32.0
76 40.98661666666667 37.0
76 41.06491428571429 37.0
76 41.35787619047619 41.0
76 41.32214047619048 37.0
76 41.37983571428572 37.0
76 41.32162619047619 35.0
76 41.53087619047619 36.0
76 41.99305238095238 37.0
76 41.82024761904761 35.0
76 42.0596 35.0
76 41.39934047619048 33.0
76 42.7593619047619 35.0
76 42.35478095238095 34.0
76 43.2969261904762 34.0
76 42.22660476190477 32.0
77 40.98661666666667 37.0
77 41.06491428571429 37.0
77 41.35787619047619 41.0
77 41.32214047619048 37.0
77 41.37983571428572 37.0
77 41.32162619047619 35.0
77 41.53087619047619 36.0
77 41.99305238095238 37.0
77 41.82024761904761 35.0
77 42.0596 35.0
77 41.39934047619048 33.0
77 42.7593619047619 35.0
77 42.35478095238095 34.0
77 43.2969261904762 34.0
77 42.22660476190477 32.0
78 40.98661666666667 37.0
78 41.06491428571429 37.0
78 41.35787619047619 41.0
78 41.32214047619048 37.0
78 41.37983571428572 37.0
78 41.32162619047619 35.0
78 41.53087619047619 36.0
78 41.99305238095238 37.0
78 41.82024761904761 35.0
78 42.0596 35.0
78 41.39934047619048 33.0
78 42.7593619047619 35.0
78 42.35478095238095 34.0
78 43.2969261904762 34.0
78 42.22660476190477 32.0
79 40.98661666666667 37.0
79 41.06491428571429 37.0
79 41.35787619047619 41.0
79 41.32214047619048 37.0
79 41.37983571428572 37.0
79 41.32162619047619 35.0
79 41.53087619047619 36.0
79 41.99305238095238 37.0
79 41.82024761904761 35.0
79 42.0596 35.0
79 41.39934047619048 33.0
79 42.7593619047619 35.0
79 42.35478095238095 34.0
79 43.2969261904762 34.0
79 42.22660476190477 32.0
80 40.98661666666667 37.0
80 41.06491428571429 37.0
80 41.35787619047619 41.0
80 41.32214047619048 37.0
80 41.37983571428572 37.0
80 41.32162619047619 35.0
80 41.53087619047619 36.0
80 41.99305238095238 37.0
80 41.82024761904761 35.0
80 42.0596 35.0
80 41.39934047619048 33.0
80 42.7593619047619 35.0
80 42.35478095238095 34.0
80 43.2969261904762 34.0
80 42.22660476190477 32.0
81 40.98661666666667 37.0
81 41.06491428571429 37.0
81 41.35787619047619 41.0
81 41.32214047619048 37.0
81 41.37983571428572 37.0
81 41.32162619047619 35.0
81 41.53087619047619 36.0
81 41.99305238095238 37.0
81 41.82024761904761 35.0
81 42.0596 35.0
81 41.39934047619048 33.0
81 42.74267857142858 35.0
81 42.35478095238095 34.0
81 43.2969261904762 34.0
81 42.22660476190477 32.0
82 40.98661666666667 37.0
82 41.06491428571429 37.0
82 41.35787619047619 41.0
82 41.32214047619048 37.0
82 41.37983571428572 37.0
82 41.32162619047619 35.0
82 41.53087619047619 36.0
82 41.99305238095238 37.0
82 41.82024761904761 35.0
82 42.0596 35.0
82 41.39934047619048 33.0
82 42.74267857142858 35.0
82 42.35478095238095 34.0
82 43.2969261904762 34.0
82 42.22660476190477 32.0
83 40.98661666666667 37.0
83 41.06491428571429 37.0
83 41.35787619047619 41.0
83 41.32214047619048 37.0
83 41.37983571428572 37.0
83 41.32162619047619 35.0
83 41.53087619047619 36.0
83 41.99305238095238 37.0
83 41.82024761904761 35.0
83 42.0596 35.0
83 41.39934047619048 33.0
83 42.74267857142858 35.0
83 42.35478095238095 34.0
83 43.2969261904762 34.0
83 42.22660476190477 32.0
84 40.98661666666667 37.0
84 41.06491428571429 37.0
84 41.35787619047619 41.0
84 41.32214047619048 37.0
84 41.37983571428572 37.0
84 41.32162619047619 35.0
84 41.53087619047619 36.0
84 41.99305238095238 37.0
84 41.82024761904761 35.0
84 42.0596 35.0
84 41.39934047619048 33.0
84 42.74267857142858 35.0
84 42.35478095238095 34.0
84 43.2969261904762 34.0
84 42.22660476190477 32.0
85 40.98661666666667 37.0
85 41.06491428571429 37.0
85 41.35787619047619 41.0
85 41.32214047619048 37.0
85 41.37983571428572 37.0
85 41.32162619047619 35.0
85 41.53087619047619 36.0
85 41.99305238095238 37.0
85 41.82024761904761 35.0
85 42.0596 35.0
85 41.39934047619048 33.0
85 42.74267857142858 35.0
85 42.35478095238095 34.0
85 43.2969261904762 34.0
85 42.22660476190477 32.0
86 40.98661666666667 37.0
86 41.06491428571429 37.0
86 41.35787619047619 41.0
86 41.32214047619048 37.0
86 41.37983571428572 37.0
86 41.32162619047619 35.0
86 41.53087619047619 36.0
86 41.99305238095238 37.0
86 41.82024761904761 35.0
86 42.0596 35.0
86 41.39934047619048 33.0
86 42.74267857142858 35.0
86 42.35478095238095 34.0
86 43.2969261904762 34.0
86 42.22660476190477 32.0
87 40.98661666666667 37.0
87 41.06491428571429 37.0
87 41.35787619047619 41.0
87 41.32214047619048 37.0
87 41.37983571428572 37.0
87 41.32162619047619 35.0
87 41.53087619047619 36.0
87 41.99305238095238 37.0
87 41.82024761904761 35.0
87 42.0596 35.0
87 41.39934047619048 33.0
87 42.74267857142858 35.0
87 42.35478095238095 34.0
87 43.2969261904762 34.0
87 42.22660476190477 32.0
88 40.98661666666667 37.0
88 41.06491428571429 37.0
88 41.35787619047619 41.0
88 41.32214047619048 37.0
88 41.37983571428572 37.0
88 41.32162619047619 35.0
88 41.53087619047619 36.0
88 41.99305238095238 37.0
88 41.82024761904761 35.0
88 42.0596 35.0
88 41.39934047619048 33.0
88 42.74267857142858 35.0
88 42.35478095238095 34.0
88 43.2969261904762 34.0
88 42.22660476190477 32.0
89 40.98661666666667 37.0
89 41.06491428571429 37.0
89 41.35787619047619 41.0
89 41.32214047619048 37.0
89 41.37983571428572 37.0
89 41.32162619047619 35.0
89 41.53087619047619 36.0
89 41.99305238095238 37.0
89 41.82024761904761 35.0
89 42.0596 35.0
89 41.39934047619048 33.0
89 42.74267857142858 35.0
89 42.35478095238095 34.0
89 43.2969261904762 34.0
89 42.22660476190477 32.0
90 40.98661666666667 37.0
90 41.06491428571429 37.0
90 41.35787619047619 41.0
90 41.32214047619048 37.0
90 41.37983571428572 37.0
90 41.32162619047619 35.0
90 41.53087619047619 36.0
90 41.99305238095238 37.0
90 41.82024761904761 35.0
90 42.0596 35.0
90 41.39934047619048 33.0
90 42.74267857142858 35.0
90 42.35478095238095 34.0
90 43.2969261904762 34.0
90 42.22660476190477 32.0
91 40.98661666666667 37.0
91 41.06491428571429 37.0
91 41.35787619047619 41.0
91 41.32214047619048 37.0
91 41.37983571428572 37.0
91 41.32162619047619 35.0
91 41.53087619047619 36.0
91 41.99305238095238 37.0
91 41.82024761904761 35.0
91 42.0596 35.0
91 41.39934047619048 33.0
91 42.74267857142858 35.0
91 42.35478095238095 34.0
91 43.2969261904762 34.0
91 42.22660476190477 32.0
92 40.98661666666667 37.0
92 41.06491428571429 37.0
92 41.35787619047619 41.0
92 41.32214047619048 37.0
92 41.37983571428572 37.0
92 41.32162619047619 35.0
92 41.53087619047619 36.0
92 41.99305238095238 37.0
92 41.82024761904761 35.0
92 42.0596 35.0
92 41.39934047619048 33.0
92 42.74267857142858 35.0
92 42.35478095238095 34.0
92 43.2969261904762 34.0
92 42.22660476190477 32.0
93 40.98661666666667 37.0
93 41.06491428571429 37.0
93 41.35787619047619 41.0
93 41.32214047619048 37.0
93 41.37983571428572 37.0
93 41.32162619047619 35.0
93 41.53087619047619 36.0
93 41.99305238095238 37.0
93 41.82024761904761 35.0
93 42.0596 35.0
93 41.39934047619048 33.0
93 42.74267857142858 35.0
93 42.35478095238095 34.0
93 43.2969261904762 34.0
93 42.22660476190477 32.0
94 40.98661666666667 37.0
94 41.06491428571429 37.0
94 41.35787619047619 41.0
94 41.32214047619048 37.0
94 41.37983571428572 37.0
94 41.32162619047619 35.0
94 41.53087619047619 36.0
94 41.99305238095238 37.0
94 41.82024761904761 35.0
94 42.0596 35.0
94 41.39934047619048 33.0
94 42.74267857142858 35.0
94 42.35478095238095 34.0
94 43.2969261904762 34.0
94 42.22660476190477 32.0
95 40.98661666666667 37.0
95 41.06491428571429 37.0
95 41.35787619047619 41.0
95 41.32214047619048 37.0
95 41.37983571428572 37.0
95 41.32162619047619 35.0
95 41.53087619047619 36.0
95 41.99305238095238 37.0
95 41.82024761904761 35.0
95 42.0596 35.0
95 41.39934047619048 33.0
95 42.74267857142858 35.0
95 42.35478095238095 34.0
95 43.2969261904762 34.0
95 42.22660476190477 32.0
96 40.98661666666667 37.0
96 41.06491428571429 37.0
96 41.35787619047619 41.0
96 41.32214047619048 37.0
96 41.37983571428572 37.0
96 41.32162619047619 35.0
96 41.53087619047619 36.0
96 41.99305238095238 37.0
96 41.82024761904761 35.0
96 42.0596 35.0
96 41.39934047619048 33.0
96 42.74267857142858 35.0
96 42.35478095238095 34.0
96 43.2969261904762 34.0
96 42.22660476190477 32.0
97 40.98661666666667 37.0
97 41.06491428571429 37.0
97 41.35787619047619 41.0
97 41.32214047619048 37.0
97 41.37983571428572 37.0
97 41.32162619047619 35.0
97 41.53087619047619 36.0
97 41.99305238095238 37.0
97 41.82024761904761 35.0
97 42.0596 35.0
97 41.39934047619048 33.0
97 42.74267857142858 35.0
97 42.35478095238095 34.0
97 43.2969261904762 34.0
97 44.626866666666665 34.0
97 42.22660476190477 32.0
98 40.98661666666667 37.0
98 41.06491428571429 37.0
98 41.35787619047619 41.0
98 41.32214047619048 37.0
98 41.37983571428572 37.0
98 41.32162619047619 35.0
98 41.53087619047619 36.0
98 41.99305238095238 37.0
98 41.82024761904761 35.0
98 42.0596 35.0
98 41.39934047619048 33.0
98 42.74267857142858 35.0
98 42.35478095238095 34.0
98 43.2969261904762 34.0
98 44.626866666666665 34.0
98 42.22660476190477 32.0
99 40.98661666666667 37.0
99 41.06491428571429 37.0
99 41.35787619047619 41.0
99 41.32214047619048 37.0
99 41.37983571428572 37.0
99 41.32162619047619 35.0
99 41.53087619047619 36.0
99 41.99305238095238 37.0
99 41.82024761904761 35.0
99 42.0596 35.0
99 41.39934047619048 33.0
99 42.74267857142858 35.0
99 42.35478095238095 34.0
99 43.2969261904762 34.0
99 44.626866666666665 34.0
99 42.22660476190477 32.0
100 40.98661666666667 37.0
100 41.06491428571429 37.0
100 41.35787619047619 41.0
100 41.32214047619048 37.0
100 41.37983571428572 37.0
100 41.32162619047619 35.0
100 41.53087619047619 36.0
100 41.99305238095238 37.0
100 41.82024761904761 35.0
100 42.0596 35.0
100 41.39934047619048 33.0
100 42.74267857142858 35.0
100 42.35478095238095 34.0
100 43.2969261904762 34.0
100 44.626866666666665 34.0
100 42.22660476190477 32.0
