1 43.33781428571427 38.0
1 43.664476190476186 40.0
1 45.021790476190475 43.0
1 43.53500714285715 38.0
1 45.109026190476186 39.0
1 43.3844119047619 40.0
1 45.28479523809524 39.0
1 45.191121428571435 38.0
1 45.27948095238096 38.0
1 45.53179523809523 39.0
1 44.69164285714285 45.0
1 45.182747619047625 43.0
1 44.543771428571425 38.0
1 45.63655952380953 37.0
1 43.820226190476184 42.0
1 44.62801904761905 40.0
1 44.2041119047619 40.0
2 43.33781428571427 38.0
2 43.53500714285715 38.0
2 44.09497857142856 40.0
2 44.36934047619047 39.0
2 44.54524523809525 39.0
2 44.17004285714286 37.0
2 45.191121428571435 38.0
2 44.77335238095238 37.0
2 45.63655952380953 37.0
2 43.45697142857142 35.0
3 43.173057142857154 39.0
3 43.25034047619047 37.0
3 43.53500714285715 38.0
3 44.11254523809524 39.0
3 44.030935714285725 38.0
3 44.17004285714286 37.0
3 45.191121428571435 38.0
3 44.77335238095238 37.0
3 45.63655952380953 37.0
3 43.45697142857142 35.0
4 43.008030952380956 41.0
4 43.173057142857154 39.0
4 43.25034047619047 37.0
4 43.640116666666664 38.0
4 44.030935714285725 38.0
4 45.05841428571428 40.0
4 44.17004285714286 37.0
4 44.77335238095238 37.0
4 45.63655952380953 37.0
4 43.07220714285714 35.0
5 43.07220714285714 35.0
5 43.25034047619047 37.0
5 43.640116666666664 38.0
5 44.030935714285725 38.0
5 44.17004285714286 37.0
5 44.77335238095238 37.0
5 45.63655952380953 37.0
5 44.032397619047615 34.0
5 44.40572142857143 33.0
6 42.02206904761904 37.0
6 43.352335714285715 43.0
6 43.181173809523806 38.0
6 43.25034047619047 37.0
6 43.07220714285714 35.0
6 44.17004285714286 37.0
6 44.77335238095238 37.0
6 45.63655952380953 37.0
6 44.032397619047615 34.0
6 44.40572142857143 33.0
7 41.85922619047619 41.0
7 42.09053095238096 37.0
7 43.39625476190476 42.0
7 43.181173809523806 38.0
7 43.25034047619047 37.0
7 44.074464285714285 38.0
7 43.07220714285714 35.0
7 43.96823095238096 36.0
7 45.63655952380953 37.0
7 44.470778571428575 35.0
7 44.032397619047615 34.0
7 44.40572142857143 33.0
8 41.85922619047619 41.0
8 42.09053095238096 37.0
8 42.97222380952381 40.0
8 43.181173809523806 38.0
8 43.25034047619047 37.0
8 44.074464285714285 38.0
8 43.07220714285714 35.0
8 43.96823095238096 36.0
8 45.63655952380953 37.0
8 44.470778571428575 35.0
8 44.032397619047615 34.0
8 44.40572142857143 33.0
9 41.85922619047619 41.0
9 42.09053095238096 37.0
9 42.97222380952381 40.0
9 42.86900238095239 37.0
9 43.25034047619047 37.0
9 43.761254761904766 37.0
9 43.07220714285714 35.0
9 43.96823095238096 36.0
9 45.63655952380953 37.0
9 44.470778571428575 35.0
9 44.032397619047615 34.0
9 44.40572142857143 33.0
10 41.85922619047619 41.0
10 42.09053095238096 37.0
10 42.97222380952381 40.0
10 42.86900238095239 37.0
10 43.20458333333333 37.0
10 43.761254761904766 37.0
10 43.07220714285714 35.0
10 43.96823095238096 36.0
10 45.63655952380953 37.0
10 44.470778571428575 35.0
10 44.032397619047615 34.0
10 43.39261666666667 33.0
11 41.85922619047619 41.0
11 42.09053095238096 37.0
11 42.71302142857143 40.0
11 42.97222380952381 40.0
11 43.49893095238095 41.0
11 42.86900238095239 37.0
11 43.20458333333333 37.0
11 43.761254761904766 37.0
11 43.07220714285714 35.0
11 43.96823095238096 36.0
11 45.63655952380953 37.0
11 44.470778571428575 35.0
11 44.032397619047615 34.0
11 43.39261666666667 33.0
12 41.85922619047619 41.0
12 42.09053095238096 37.0
12 42.71302142857143 40.0
12 42.97222380952381 40.0
12 43.49893095238095 41.0
12 42.86900238095239 37.0
12 43.20458333333333 37.0
12 43.42602857142857 36.0
12 43.07220714285714 35.0
12 43.96823095238096 36.0
12 44.66543095238094 36.0
12 44.470778571428575 35.0
12 43.6045119047619 34.0
12 43.39261666666667 33.0
13 41.85922619047619 41.0
13 42.09053095238096 37.0
13 42.71302142857143 40.0
13 42.94116904761905 40.0
13 43.49893095238095 41.0
13 42.86900238095239 37.0
13 43.20458333333333 37.0
13 43.42602857142857 36.0
13 43.07220714285714 35.0
13 43.96823095238096 36.0
13 44.66543095238094 36.0
13 44.470778571428575 35.0
13 43.6045119047619 34.0
13 43.39261666666667 33.0
14 41.85922619047619 41.0
14 42.09053095238096 37.0
14 42.71302142857143 40.0
14 42.94116904761905 40.0
14 43.49893095238095 41.0
14 42.86900238095239 37.0
14 43.20458333333333 37.0
14 43.42602857142857 36.0
14 43.07220714285714 35.0
14 43.96823095238096 36.0
14 44.66543095238094 36.0
14 44.470778571428575 35.0
14 43.6045119047619 34.0
14 43.39261666666667 33.0
15 41.85922619047619 41.0
15 41.99856904761905 41.0
15 42.09053095238096 37.0
15 42.347273809523806 37.0
15 42.94116904761905 40.0
15 42.97889285714287 38.0
15 42.86900238095239 37.0
15 43.20458333333333 37.0
15 43.42602857142857 36.0
15 43.07220714285714 35.0
15 43.96823095238096 36.0
15 44.66543095238094 36.0
15 44.470778571428575 35.0
15 43.6045119047619 34.0
15 43.39261666666667 33.0
16 41.85922619047619 41.0
16 42.071735714285715 40.0
16 42.09053095238096 37.0
16 42.347273809523806 37.0
16 42.94116904761905 40.0
16 42.97889285714287 38.0
16 42.86900238095239 37.0
16 43.20458333333333 37.0
16 43.42602857142857 36.0
16 43.07220714285714 35.0
16 43.96823095238096 36.0
16 44.66543095238094 36.0
16 44.470778571428575 35.0
16 43.6045119047619 34.0
16 43.39261666666667 33.0
17 41.85922619047619 41.0
17 42.071735714285715 40.0
17 42.09053095238096 37.0
17 42.347273809523806 37.0
17 42.94116904761905 40.0
17 42.760959523809525 37.0
17 42.86900238095239 37.0
17 43.20458333333333 37.0
17 43.42602857142857 36.0
17 43.07220714285714 35.0
17 43.96823095238096 36.0
17 44.66543095238094 36.0
17 44.470778571428575 35.0
17 43.6045119047619 34.0
17 43.39261666666667 33.0
18 41.85922619047619 41.0
18 42.071735714285715 40.0
18 42.09053095238096 37.0
18 42.347273809523806 37.0
18 42.97233095238094 39.0
18 42.760959523809525 37.0
18 42.86900238095239 37.0
18 43.20458333333333 37.0
18 43.42602857142857 36.0
18 43.07220714285714 35.0
18 43.96823095238096 36.0
18 44.66543095238094 36.0
18 44.470778571428575 35.0
18 43.6045119047619 34.0
18 43.39261666666667 33.0
19 41.85922619047619 41.0
19 42.071735714285715 40.0
19 42.09053095238096 37.0
19 42.347273809523806 37.0
19 42.97233095238094 39.0
19 42.760959523809525 37.0
19 42.86900238095239 37.0
19 43.20458333333333 37.0
19 43.42602857142857 36.0
19 43.07220714285714 35.0
19 43.96823095238096 36.0
19 44.66543095238094 36.0
19 44.470778571428575 35.0
19 43.6045119047619 34.0
19 43.39261666666667 33.0
20 41.85922619047619 41.0
20 42.071735714285715 40.0
20 42.09053095238096 37.0
20 42.347273809523806 37.0
20 42.97233095238094 39.0
20 42.760959523809525 37.0
20 42.86900238095239 37.0
20 43.20458333333333 37.0
20 43.42602857142857 36.0
20 43.07220714285714 35.0
20 43.96823095238096 36.0
20 44.66543095238094 36.0
20 44.470778571428575 35.0
20 43.6045119047619 34.0
20 43.39261666666667 33.0
21 41.85922619047619 41.0
21 42.071735714285715 40.0
21 42.09053095238096 37.0
21 42.347273809523806 37.0
21 42.760959523809525 37.0
21 42.86900238095239 37.0
21 43.20458333333333 37.0
21 43.87625476190477 38.0
21 43.07220714285714 35.0
21 43.42812857142857 35.0
21 43.027640476190484 34.0
21 43.6045119047619 34.0
21 43.39261666666667 33.0
22 41.85922619047619 41.0
22 42.071735714285715 40.0
22 42.09053095238096 37.0
22 42.347273809523806 37.0
22 42.63063333333333 38.0
22 42.760959523809525 37.0
22 42.86900238095239 37.0
22 43.20458333333333 37.0
22 43.49547380952381 37.0
22 43.07220714285714 35.0
22 43.42812857142857 35.0
22 43.027640476190484 34.0
22 43.6045119047619 34.0
22 43.39261666666667 33.0
23 41.85922619047619 41.0
23 42.071735714285715 40.0
23 42.09053095238096 37.0
23 42.347273809523806 37.0
23 42.63063333333333 38.0
23 42.760959523809525 37.0
23 42.86900238095239 37.0
23 42.85359285714286 36.0
23 43.17563571428572 36.0
23 43.07220714285714 35.0
23 43.42812857142857 35.0
23 43.027640476190484 34.0
23 43.6045119047619 34.0
23 43.39261666666667 33.0
24 41.85922619047619 41.0
24 42.071735714285715 40.0
24 42.09053095238096 37.0
24 42.347273809523806 37.0
24 42.63063333333333 38.0
24 42.760959523809525 37.0
24 42.86900238095239 37.0
24 42.85359285714286 36.0
24 43.17563571428572 36.0
24 43.07220714285714 35.0
24 43.42812857142857 35.0
24 43.027640476190484 34.0
24 43.6045119047619 34.0
24 43.39261666666667 33.0
25 41.85922619047619 41.0
25 42.071735714285715 40.0
25 42.09053095238096 37.0
25 42.347273809523806 37.0
25 42.63063333333333 38.0
25 42.760959523809525 37.0
25 42.86900238095239 37.0
25 42.85359285714286 36.0
25 43.17563571428572 36.0
25 43.07220714285714 35.0
25 43.42812857142857 35.0
25 43.027640476190484 34.0
25 43.6045119047619 34.0
25 43.39261666666667 33.0
26 41.85922619047619 41.0
26 42.071735714285715 40.0
26 42.09053095238096 37.0
26 42.347273809523806 37.0
26 42.63063333333333 38.0
26 42.760959523809525 37.0
26 42.86900238095239 37.0
26 42.85359285714286 36.0
26 43.17563571428572 36.0
26 42.52083571428571 34.0
26 43.42812857142857 35.0
26 43.027640476190484 34.0
26 43.6045119047619 34.0
26 43.39261666666667 33.0
27 41.85922619047619 41.0
27 42.071735714285715 40.0
27 42.09053095238096 37.0
27 42.41335 41.0
27 42.347273809523806 37.0
27 42.457073809523806 37.0
27 42.760959523809525 37.0
27 42.926997619047626 37.0
27 42.85359285714286 36.0
27 43.17563571428572 36.0
27 42.52083571428571 34.0
27 43.42812857142857 35.0
27 43.027640476190484 34.0
27 43.6045119047619 34.0
27 43.39261666666667 33.0
28 41.85922619047619 41.0
28 42.071735714285715 40.0
28 42.09053095238096 37.0
28 42.41335 41.0
28 42.347273809523806 37.0
28 42.217816666666664 35.0
28 42.760959523809525 37.0
28 42.758511904761896 36.0
28 42.85359285714286 36.0
28 43.17563571428572 36.0
28 42.52083571428571 34.0
28 43.42812857142857 35.0
28 43.027640476190484 34.0
28 43.6045119047619 34.0
28 43.39261666666667 33.0
29 41.85922619047619 41.0
29 42.071735714285715 40.0
29 42.09053095238096 37.0
29 42.41335 41.0
29 42.347273809523806 37.0
29 42.217816666666664 35.0
29 42.760959523809525 37.0
29 42.758511904761896 36.0
29 42.85359285714286 36.0
29 43.17563571428572 36.0
29 42.52083571428571 34.0
29 43.42812857142857 35.0
29 43.027640476190484 34.0
29 43.6045119047619 34.0
29 43.39261666666667 33.0
30 41.85922619047619 41.0
30 42.071735714285715 40.0
30 42.09053095238096 37.0
30 42.41335 41.0
30 42.347273809523806 37.0
30 42.217816666666664 35.0
30 42.760959523809525 37.0
30 42.758511904761896 36.0
30 42.85359285714286 36.0
30 42.7968380952381 35.0
30 42.52083571428571 34.0
30 43.42812857142857 35.0
30 43.027640476190484 34.0
30 43.6045119047619 34.0
30 43.39261666666667 33.0
31 41.85922619047619 41.0
31 42.071735714285715 40.0
31 42.09053095238096 37.0
31 42.41335 41.0
31 42.347273809523806 37.0
31 42.217816666666664 35.0
31 42.760959523809525 37.0
31 42.758511904761896 36.0
31 42.85359285714286 36.0
31 42.7968380952381 35.0
31 42.52083571428571 34.0
31 43.027640476190484 34.0
31 43.6045119047619 34.0
31 43.39261666666667 33.0
32 41.78287380952381 37.0
32 41.85922619047619 41.0
32 42.071735714285715 40.0
32 42.09053095238096 37.0
32 42.347273809523806 37.0
32 42.73524761904761 38.0
32 42.217816666666664 35.0
32 43.30434999999999 38.0
32 42.85359285714286 36.0
32 42.7968380952381 35.0
32 42.52083571428571 34.0
32 43.027640476190484 34.0
32 43.39261666666667 33.0
33 41.78287380952381 37.0
33 41.85922619047619 41.0
33 41.91381666666666 36.0
33 42.09053095238096 37.0
33 42.17875 37.0
33 42.347273809523806 37.0
33 42.61044523809524 38.0
33 42.217816666666664 35.0
33 43.30434999999999 38.0
33 42.85359285714286 36.0
33 42.7968380952381 35.0
33 42.52083571428571 34.0
33 44.29078809523809 36.0
33 43.027640476190484 34.0
33 43.39261666666667 33.0
34 41.78287380952381 37.0
34 41.85922619047619 41.0
34 41.91381666666666 36.0
34 42.09053095238096 37.0
34 42.17875 37.0
34 42.347273809523806 37.0
34 42.61044523809524 38.0
34 42.217816666666664 35.0
34 43.132040476190475 38.0
34 42.85359285714286 36.0
34 42.7968380952381 35.0
34 42.52083571428571 34.0
34 44.29078809523809 36.0
34 43.027640476190484 34.0
34 43.39261666666667 33.0
35 41.78287380952381 37.0
35 41.85922619047619 41.0
35 41.91381666666666 36.0
35 41.999878571428575 36.0
35 42.17875 37.0
35 42.347273809523806 37.0
35 42.61044523809524 38.0
35 42.217816666666664 35.0
35 43.132040476190475 38.0
35 42.85359285714286 36.0
35 42.7968380952381 35.0
35 42.52083571428571 34.0
35 44.29078809523809 36.0
35 43.027640476190484 34.0
35 43.39261666666667 33.0
36 41.78287380952381 37.0
36 41.90887142857143 40.0
36 41.91381666666666 36.0
36 41.999878571428575 36.0
36 42.17875 37.0
36 42.347273809523806 37.0
36 42.61044523809524 38.0
36 42.217816666666664 35.0
36 43.132040476190475 38.0
36 42.85359285714286 36.0
36 42.7968380952381 35.0
36 42.52083571428571 34.0
36 44.29078809523809 36.0
36 43.027640476190484 34.0
36 43.39261666666667 33.0
37 41.78287380952381 37.0
37 41.90887142857143 40.0
37 41.91381666666666 36.0
37 41.999878571428575 36.0
37 42.17875 37.0
37 42.347273809523806 37.0
37 42.51798333333333 37.0
37 42.217816666666664 35.0
37 43.132040476190475 38.0
37 42.85359285714286 36.0
37 42.7968380952381 35.0
37 42.52083571428571 34.0
37 44.29078809523809 36.0
37 43.027640476190484 34.0
37 42.296114285714296 33.0
38 41.733826190476194 37.0
38 41.78287380952381 37.0
38 41.90887142857143 40.0
38 41.91381666666666 36.0
38 41.999878571428575 36.0
38 42.88088333333333 42.0
38 42.347273809523806 37.0
38 42.217816666666664 35.0
38 42.93756904761904 37.0
38 42.85359285714286 36.0
38 42.7968380952381 35.0
38 42.52083571428571 34.0
38 44.29078809523809 36.0
38 43.027640476190484 34.0
38 42.296114285714296 33.0
39 41.733826190476194 37.0
39 41.78287380952381 37.0
39 41.90887142857143 40.0
39 41.91381666666666 36.0
39 41.999878571428575 36.0
39 42.71984523809524 40.0
39 42.43235476190476 37.0
39 42.217816666666664 35.0
39 42.93756904761904 37.0
39 42.85359285714286 36.0
39 42.7968380952381 35.0
39 42.52083571428571 34.0
39 43.64846428571429 35.0
39 43.027640476190484 34.0
39 42.296114285714296 33.0
40 41.733826190476194 37.0
40 41.78287380952381 37.0
40 41.90887142857143 40.0
40 41.91381666666666 36.0
40 41.999878571428575 36.0
40 42.71984523809524 40.0
40 42.43235476190476 37.0
40 42.217816666666664 35.0
40 42.23989523809523 35.0
40 42.85359285714286 36.0
40 42.7968380952381 35.0
40 42.52083571428571 34.0
40 43.64846428571429 35.0
40 43.027640476190484 34.0
40 42.296114285714296 33.0
41 41.733826190476194 37.0
41 41.78287380952381 37.0
41 41.91381666666666 36.0
41 41.999878571428575 36.0
41 42.39991904761904 38.0
41 42.43235476190476 37.0
41 42.217816666666664 35.0
41 42.23989523809523 35.0
41 42.85359285714286 36.0
41 43.648885714285704 37.0
41 42.7968380952381 35.0
41 42.52083571428571 34.0
41 43.027640476190484 34.0
41 42.296114285714296 33.0
42 41.733826190476194 37.0
42 41.78287380952381 37.0
42 41.91381666666666 36.0
42 41.999878571428575 36.0
42 42.39991904761904 38.0
42 42.43235476190476 37.0
42 42.217816666666664 35.0
42 42.23989523809523 35.0
42 42.85359285714286 36.0
42 43.648885714285704 37.0
42 42.7968380952381 35.0
42 42.52083571428571 34.0
42 43.027640476190484 34.0
42 42.296114285714296 33.0
43 41.733826190476194 37.0
43 41.78287380952381 37.0
43 41.91381666666666 36.0
43 41.999878571428575 36.0
43 42.39991904761904 38.0
43 42.43235476190476 37.0
43 42.217816666666664 35.0
43 42.23989523809523 35.0
43 42.85359285714286 36.0
43 42.61109761904761 35.0
43 42.7968380952381 35.0
43 42.52083571428571 34.0
43 43.027640476190484 34.0
43 42.296114285714296 33.0
44 41.733826190476194 37.0
44 41.78287380952381 37.0
44 41.91381666666666 36.0
44 41.999878571428575 36.0
44 42.39991904761904 38.0
44 42.43235476190476 37.0
44 42.217816666666664 35.0
44 42.23989523809523 35.0
44 42.85359285714286 36.0
44 42.61109761904761 35.0
44 42.99725 35.0
44 42.52083571428571 34.0
44 43.027640476190484 34.0
44 42.296114285714296 33.0
45 41.733826190476194 37.0
45 41.78287380952381 37.0
45 41.91381666666666 36.0
45 41.999878571428575 36.0
45 42.39991904761904 38.0
45 42.43235476190476 37.0
45 42.217816666666664 35.0
45 42.23989523809523 35.0
45 42.85359285714286 36.0
45 42.61109761904761 35.0
45 42.99725 35.0
45 42.52083571428571 34.0
45 43.027640476190484 34.0
45 42.296114285714296 33.0
46 41.733826190476194 37.0
46 41.78287380952381 37.0
46 42.002604761904756 39.0
46 41.91381666666666 36.0
46 41.999878571428575 36.0
46 42.39991904761904 38.0
46 42.43235476190476 37.0
46 42.217816666666664 35.0
46 42.23989523809523 35.0
46 42.85359285714286 36.0
46 42.61109761904761 35.0
46 42.99725 35.0
46 42.52083571428571 34.0
46 43.027640476190484 34.0
46 42.296114285714296 33.0
47 41.733826190476194 37.0
47 41.78287380952381 37.0
47 42.002604761904756 39.0
47 41.91381666666666 36.0
47 41.999878571428575 36.0
47 42.39991904761904 38.0
47 42.43235476190476 37.0
47 42.217816666666664 35.0
47 42.23989523809523 35.0
47 42.79951666666667 36.0
47 42.61109761904761 35.0
47 42.99725 35.0
47 42.52083571428571 34.0
47 43.027640476190484 34.0
47 42.296114285714296 33.0
48 41.733826190476194 37.0
48 41.78287380952381 37.0
48 41.91906904761905 38.0
48 41.91381666666666 36.0
48 41.999878571428575 36.0
48 42.39991904761904 38.0
48 42.43235476190476 37.0
48 42.217816666666664 35.0
48 42.23989523809523 35.0
48 42.79951666666667 36.0
48 42.61109761904761 35.0
48 42.99725 35.0
48 42.52083571428571 34.0
48 43.027640476190484 34.0
48 42.296114285714296 33.0
49 41.733826190476194 37.0
49 41.78287380952381 37.0
49 41.91906904761905 38.0
49 41.91381666666666 36.0
49 41.999878571428575 36.0
49 42.39991904761904 38.0
49 42.4266880952381 37.0
49 42.217816666666664 35.0
49 42.23989523809523 35.0
49 42.79951666666667 36.0
49 42.61109761904761 35.0
49 42.99725 35.0
49 42.52083571428571 34.0
49 43.027640476190484 34.0
49 42.296114285714296 33.0
50 41.655519047619045 37.0
50 41.733826190476194 37.0
50 41.78287380952381 37.0
50 41.91906904761905 38.0
50 41.91381666666666 36.0
50 41.999878571428575 36.0
50 42.39991904761904 38.0
50 42.4266880952381 37.0
50 42.217816666666664 35.0
50 42.79951666666667 36.0
50 42.61109761904761 35.0
50 42.99725 35.0
50 42.52083571428571 34.0
50 43.027640476190484 34.0
50 42.296114285714296 33.0
51 41.655519047619045 37.0
51 41.733826190476194 37.0
51 41.78287380952381 37.0
51 41.91906904761905 38.0
51 41.91381666666666 36.0
51 41.999878571428575 36.0
51 42.26945476190476 37.0
51 42.4266880952381 37.0
51 42.217816666666664 35.0
51 42.79951666666667 36.0
51 42.61109761904761 35.0
51 42.99725 35.0
51 42.52083571428571 34.0
51 43.027640476190484 34.0
51 42.296114285714296 33.0
52 41.655519047619045 37.0
52 41.733826190476194 37.0
52 41.78287380952381 37.0
52 41.91906904761905 38.0
52 41.91381666666666 36.0
52 41.999878571428575 36.0
52 42.26945476190476 37.0
52 42.28027142857143 36.0
52 42.217816666666664 35.0
52 42.362488095238085 35.0
52 42.61109761904761 35.0
52 42.99725 35.0
52 42.52083571428571 34.0
52 43.027640476190484 34.0
52 42.296114285714296 33.0
53 41.655519047619045 37.0
53 41.733826190476194 37.0
53 41.78287380952381 37.0
53 41.91906904761905 38.0
53 41.91381666666666 36.0
53 41.999878571428575 36.0
53 42.26945476190476 37.0
53 42.28027142857143 36.0
53 42.217816666666664 35.0
53 42.362488095238085 35.0
53 42.61109761904761 35.0
53 42.99725 35.0
53 42.52083571428571 34.0
53 43.027640476190484 34.0
53 42.296114285714296 33.0
54 41.655519047619045 37.0
54 41.733826190476194 37.0
54 41.78287380952381 37.0
54 41.91906904761905 38.0
54 41.91381666666666 36.0
54 41.999878571428575 36.0
54 42.26945476190476 37.0
54 42.28027142857143 36.0
54 42.217816666666664 35.0
54 42.362488095238085 35.0
54 42.61109761904761 35.0
54 42.99725 35.0
54 42.52083571428571 34.0
54 43.027640476190484 34.0
54 42.296114285714296 33.0
55 41.406711904761906 41.0
55 41.655519047619045 37.0
55 41.78287380952381 37.0
55 41.91381666666666 36.0
55 42.08562857142857 36.0
55 42.28027142857143 36.0
55 43.6998119047619 40.0
55 42.362488095238085 35.0
55 42.61109761904761 35.0
55 42.99725 35.0
55 42.52083571428571 34.0
55 43.027640476190484 34.0
55 42.296114285714296 33.0
56 41.406711904761906 41.0
56 41.655519047619045 37.0
56 41.78287380952381 37.0
56 42.10377380952381 38.0
56 41.91381666666666 36.0
56 42.08562857142857 36.0
56 42.28027142857143 36.0
56 42.73399047619048 37.0
56 42.362488095238085 35.0
56 42.61109761904761 35.0
56 42.99725 35.0
56 42.52083571428571 34.0
56 43.027640476190484 34.0
56 44.13709285714286 34.0
56 42.296114285714296 33.0
57 41.406711904761906 41.0
57 41.655519047619045 37.0
57 41.78287380952381 37.0
57 41.67735714285715 35.0
57 41.91381666666666 36.0
57 42.08562857142857 36.0
57 42.28027142857143 36.0
57 42.73399047619048 37.0
57 42.362488095238085 35.0
57 42.61109761904761 35.0
57 42.99725 35.0
57 42.52083571428571 34.0
57 43.027640476190484 34.0
57 44.13709285714286 34.0
57 42.296114285714296 33.0
58 41.406711904761906 41.0
58 41.655519047619045 37.0
58 41.78287380952381 37.0
58 41.67735714285715 35.0
58 41.91381666666666 36.0
58 42.08562857142857 36.0
58 42.28027142857143 36.0
58 42.208640476190475 35.0
58 42.362488095238085 35.0
58 42.61109761904761 35.0
58 42.99725 35.0
58 42.52083571428571 34.0
58 43.027640476190484 34.0
58 44.13709285714286 34.0
58 42.296114285714296 33.0
59 41.406711904761906 41.0
59 41.655519047619045 37.0
59 41.78287380952381 37.0
59 41.67735714285715 35.0
59 41.91381666666666 36.0
59 42.08562857142857 36.0
59 42.28027142857143 36.0
59 42.19322619047619 35.0
59 42.362488095238085 35.0
59 42.61109761904761 35.0
59 42.99725 35.0
59 42.52083571428571 34.0
59 43.027640476190484 34.0
59 44.13709285714286 34.0
59 42.296114285714296 33.0
60 41.406711904761906 41.0
60 41.655519047619045 37.0
60 41.78287380952381 37.0
60 41.67735714285715 35.0
60 41.91381666666666 36.0
60 42.08562857142857 36.0
60 42.28027142857143 36.0
60 42.19322619047619 35.0
60 42.362488095238085 35.0
60 42.61109761904761 35.0
60 42.99725 35.0
60 42.52083571428571 34.0
60 43.027640476190484 34.0
60 44.13709285714286 34.0
60 42.296114285714296 33.0
61 41.406711904761906 41.0
61 41.655519047619045 37.0
61 41.78287380952381 37.0
61 41.67735714285715 35.0
61 42.08562857142857 36.0
61 42.28027142857143 36.0
61 43.350516666666664 39.0
61 42.19322619047619 35.0
61 42.61109761904761 35.0
61 42.99725 35.0
61 42.52083571428571 34.0
61 43.027640476190484 34.0
61 44.13709285714286 34.0
61 42.296114285714296 33.0
62 41.406711904761906 41.0
62 41.655519047619045 37.0
62 41.78287380952381 37.0
62 41.85533333333333 37.0
62 41.67735714285715 35.0
62 42.08562857142857 36.0
62 42.28027142857143 36.0
62 43.350516666666664 39.0
62 42.19322619047619 35.0
62 42.61109761904761 35.0
62 42.99725 35.0
62 42.52083571428571 34.0
62 43.027640476190484 34.0
62 44.13709285714286 34.0
62 42.296114285714296 33.0
63 41.406711904761906 41.0
63 41.655519047619045 37.0
63 41.78287380952381 37.0
63 41.85533333333333 37.0
63 41.67735714285715 35.0
63 42.08562857142857 36.0
63 42.28027142857143 36.0
63 43.4461119047619 39.0
63 42.19322619047619 35.0
63 42.61109761904761 35.0
63 42.99725 35.0
63 42.52083571428571 34.0
63 43.027640476190484 34.0
63 44.13709285714286 34.0
63 42.296114285714296 33.0
64 41.406711904761906 41.0
64 41.63009761904762 37.0
64 41.78287380952381 37.0
64 41.85533333333333 37.0
64 41.67735714285715 35.0
64 42.08562857142857 36.0
64 42.28027142857143 36.0
64 43.4461119047619 39.0
64 42.353540476190474 35.0
64 42.61109761904761 35.0
64 42.16684047619048 34.0
64 42.52083571428571 34.0
64 43.027640476190484 34.0
64 44.13709285714286 34.0
64 42.296114285714296 33.0
65 41.406711904761906 41.0
65 41.52298333333333 41.0
65 41.63009761904762 37.0
65 41.78287380952381 37.0
65 41.70890714285715 36.0
65 41.67735714285715 35.0
65 42.08562857142857 36.0
65 42.28027142857143 36.0
65 43.4461119047619 39.0
65 42.353540476190474 35.0
65 42.61109761904761 35.0
65 42.16684047619048 34.0
65 42.52083571428571 34.0
65 43.027640476190484 34.0
65 44.13709285714286 34.0
65 42.296114285714296 33.0
66 41.406711904761906 41.0
66 41.488902380952375 38.0
66 41.63009761904762 37.0
66 41.78287380952381 37.0
66 41.70890714285715 36.0
66 41.67735714285715 35.0
66 42.08562857142857 36.0
66 42.28027142857143 36.0
66 43.038983333333334 38.0
66 42.29186428571429 35.0
66 42.61109761904761 35.0
66 42.16684047619048 34.0
66 42.52083571428571 34.0
66 43.027640476190484 34.0
66 44.13709285714286 34.0
66 42.296114285714296 33.0
67 41.406711904761906 41.0
67 41.488902380952375 38.0
67 41.63009761904762 37.0
67 41.78287380952381 37.0
67 41.70890714285715 36.0
67 41.67735714285715 35.0
67 42.08562857142857 36.0
67 42.28027142857143 36.0
67 43.038983333333334 38.0
67 42.29186428571429 35.0
67 42.61109761904761 35.0
67 42.16684047619048 34.0
67 42.52083571428571 34.0
67 43.027640476190484 34.0
67 44.13709285714286 34.0
67 42.296114285714296 33.0
68 41.406711904761906 41.0
68 41.488902380952375 38.0
68 41.63009761904762 37.0
68 41.78287380952381 37.0
68 41.70890714285715 36.0
68 41.67735714285715 35.0
68 42.08562857142857 36.0
68 42.28027142857143 36.0
68 42.955516666666675 37.0
68 42.29186428571429 35.0
68 42.61109761904761 35.0
68 42.16684047619048 34.0
68 42.52083571428571 34.0
68 43.027640476190484 34.0
68 44.13709285714286 34.0
68 42.296114285714296 33.0
69 41.406711904761906 41.0
69 41.488902380952375 38.0
69 41.63009761904762 37.0
69 41.78287380952381 37.0
69 41.70890714285715 36.0
69 41.67735714285715 35.0
69 42.08562857142857 36.0
69 42.28027142857143 36.0
69 43.125145238095236 38.0
69 42.29186428571429 35.0
69 42.61109761904761 35.0
69 42.16684047619048 34.0
69 42.52083571428571 34.0
69 43.027640476190484 34.0
69 44.13709285714286 34.0
69 42.296114285714296 33.0
70 41.406711904761906 41.0
70 41.488902380952375 38.0
70 41.63009761904762 37.0
70 41.775480952380946 37.0
70 41.70890714285715 36.0
70 41.67735714285715 35.0
70 42.08562857142857 36.0
70 42.28027142857143 36.0
70 43.125145238095236 38.0
70 42.29186428571429 35.0
70 42.61109761904761 35.0
70 42.16684047619048 34.0
70 42.52083571428571 34.0
70 43.027640476190484 34.0
70 44.13709285714286 34.0
70 42.296114285714296 33.0
71 41.406711904761906 41.0
71 41.488902380952375 38.0
71 41.63009761904762 37.0
71 41.775480952380946 37.0
71 41.70890714285715 36.0
71 41.67735714285715 35.0
71 42.08562857142857 36.0
71 42.28027142857143 36.0
71 43.125145238095236 38.0
71 42.29186428571429 35.0
71 42.61109761904761 35.0
71 42.16684047619048 34.0
71 42.52083571428571 34.0
71 43.027640476190484 34.0
71 44.13709285714286 34.0
71 42.296114285714296 33.0
72 41.406711904761906 41.0
72 41.488902380952375 38.0
72 41.63009761904762 37.0
72 41.775480952380946 37.0
72 41.70890714285715 36.0
72 41.67735714285715 35.0
72 42.08562857142857 36.0
72 42.28027142857143 36.0
72 43.125145238095236 38.0
72 42.29186428571429 35.0
72 42.61109761904761 35.0
72 42.16684047619048 34.0
72 42.52083571428571 34.0
72 43.027640476190484 34.0
72 44.13709285714286 34.0
72 42.15068571428571 33.0
73 41.406711904761906 41.0
73 41.462297619047625 36.0
73 41.63009761904762 37.0
73 41.775480952380946 37.0
73 41.70890714285715 36.0
73 41.67735714285715 35.0
73 41.97647857142857 36.0
73 42.28027142857143 36.0
73 43.125145238095236 38.0
73 42.29186428571429 35.0
73 42.61109761904761 35.0
73 42.16684047619048 34.0
73 42.52083571428571 34.0
73 43.027640476190484 34.0
73 44.13709285714286 34.0
73 42.15068571428571 33.0
74 41.406711904761906 41.0
74 41.462297619047625 36.0
74 41.63009761904762 37.0
74 41.775480952380946 37.0
74 41.70890714285715 36.0
74 41.67735714285715 35.0
74 41.97647857142857 36.0
74 42.28027142857143 36.0
74 42.74689285714285 37.0
74 42.29186428571429 35.0
74 42.61109761904761 35.0
74 42.16684047619048 34.0
74 42.52083571428571 34.0
74 43.027640476190484 34.0
74 44.13709285714286 34.0
74 42.15068571428571 33.0
75 41.406711904761906 41.0
75 41.462297619047625 36.0
75 41.63009761904762 37.0
75 41.775480952380946 37.0
75 41.70890714285715 36.0
75 41.67735714285715 35.0
75 41.97647857142857 36.0
75 42.28027142857143 36.0
75 42.06270476190476 35.0
75 42.29186428571429 35.0
75 42.61109761904761 35.0
75 42.16684047619048 34.0
75 42.52083571428571 34.0
75 43.027640476190484 34.0
75 44.13709285714286 34.0
75 42.15068571428571 33.0
76 41.406711904761906 41.0
76 41.462297619047625 36.0
76 41.63009761904762 37.0
76 41.775480952380946 37.0
76 41.70890714285715 36.0
76 41.67735714285715 35.0
76 41.97647857142857 36.0
76 42.28027142857143 36.0
76 42.06270476190476 35.0
76 42.29186428571429 35.0
76 42.61109761904761 35.0
76 42.16684047619048 34.0
76 42.52083571428571 34.0
76 42.746207142857145 34.0
76 44.13709285714286 34.0
76 42.15068571428571 33.0
77 41.406711904761906 41.0
77 41.462297619047625 36.0
77 41.63009761904762 37.0
77 41.775480952380946 37.0
77 41.70890714285715 36.0
77 41.67735714285715 35.0
77 41.97647857142857 36.0
77 42.28027142857143 36.0
77 42.06270476190476 35.0
77 42.29186428571429 35.0
77 42.61109761904761 35.0
77 42.16684047619048 34.0
77 42.52083571428571 34.0
77 42.746207142857145 34.0
77 44.13709285714286 34.0
77 42.15068571428571 33.0
78 41.406711904761906 41.0
78 41.462297619047625 36.0
78 41.63009761904762 37.0
78 41.775480952380946 37.0
78 41.70890714285715 36.0
78 41.67735714285715 35.0
78 42.00205 36.0
78 42.28027142857143 36.0
78 42.06270476190476 35.0
78 42.29186428571429 35.0
78 42.61109761904761 35.0
78 42.16684047619048 34.0
78 42.52083571428571 34.0
78 42.746207142857145 34.0
78 44.13709285714286 34.0
78 42.15068571428571 33.0
79 41.406711904761906 41.0
79 41.462297619047625 36.0
79 41.63009761904762 37.0
79 41.775480952380946 37.0
79 41.70890714285715 36.0
79 41.67735714285715 35.0
79 42.00205 36.0
79 42.18205 36.0
79 42.06270476190476 35.0
79 42.29186428571429 35.0
79 42.61109761904761 35.0
79 42.16684047619048 34.0
79 42.52083571428571 34.0
79 42.746207142857145 34.0
79 44.13709285714286 34.0
79 42.15068571428571 33.0
80 41.406711904761906 41.0
80 41.462297619047625 36.0
80 41.63009761904762 37.0
80 41.775480952380946 37.0
80 41.70890714285715 36.0
80 41.67735714285715 35.0
80 42.00205 36.0
80 42.18205 36.0
80 42.06270476190476 35.0
80 42.29186428571429 35.0
80 42.61109761904761 35.0
80 42.16684047619048 34.0
80 42.52083571428571 34.0
80 42.746207142857145 34.0
80 44.13709285714286 34.0
80 42.15068571428571 33.0
81 41.406711904761906 41.0
81 41.462297619047625 36.0
81 41.63009761904762 37.0
81 41.775480952380946 37.0
81 41.70890714285715 36.0
81 41.67735714285715 35.0
81 42.00205 36.0
81 42.18205 36.0
81 42.06270476190476 35.0
81 42.29186428571429 35.0
81 42.61109761904761 35.0
81 42.16684047619048 34.0
81 42.52083571428571 34.0
81 42.746207142857145 34.0
81 44.13709285714286 34.0
81 42.15068571428571 33.0
82 41.406711904761906 41.0
82 41.462297619047625 36.0
82 41.63009761904762 37.0
82 41.775480952380946 37.0
82 41.70890714285715 36.0
82 41.67735714285715 35.0
82 42.00205 36.0
82 42.18205 36.0
82 42.06270476190476 35.0
82 42.29186428571429 35.0
82 42.61109761904761 35.0
82 42.16684047619048 34.0
82 42.52083571428571 34.0
82 42.746207142857145 34.0
82 44.13709285714286 34.0
82 42.15068571428571 33.0
83 41.406711904761906 41.0
83 41.462297619047625 36.0
83 41.63009761904762 37.0
83 41.775480952380946 37.0
83 41.70890714285715 36.0
83 41.67735714285715 35.0
83 42.00205 36.0
83 42.18205 36.0
83 42.06270476190476 35.0
83 42.29186428571429 35.0
83 42.61109761904761 35.0
83 42.16684047619048 34.0
83 42.52083571428571 34.0
83 42.746207142857145 34.0
83 44.13709285714286 34.0
83 42.15068571428571 33.0
84 41.406711904761906 41.0
84 41.462297619047625 36.0
84 41.63009761904762 37.0
84 41.775480952380946 37.0
84 41.70890714285715 36.0
84 41.67735714285715 35.0
84 42.00205 36.0
84 42.18205 36.0
84 42.06270476190476 35.0
84 42.29186428571429 35.0
84 42.61109761904761 35.0
84 42.16684047619048 34.0
84 42.52083571428571 34.0
84 42.746207142857145 34.0
84 44.13709285714286 34.0
84 42.15068571428571 33.0
85 41.406711904761906 41.0
85 41.462297619047625 36.0
85 41.63009761904762 37.0
85 41.775480952380946 37.0
85 41.70890714285715 36.0
85 41.67735714285715 35.0
85 42.00205 36.0
85 42.18205 36.0
85 42.06270476190476 35.0
85 42.29186428571429 35.0
85 42.61109761904761 35.0
85 42.16684047619048 34.0
85 42.52083571428571 34.0
85 42.746207142857145 34.0
85 44.13709285714286 34.0
85 42.15068571428571 33.0
86 41.406711904761906 41.0
86 41.462297619047625 36.0
86 41.63009761904762 37.0
86 41.775480952380946 37.0
86 41.70890714285715 36.0
86 41.67735714285715 35.0
86 42.00205 36.0
86 42.18205 36.0
86 42.06270476190476 35.0
86 42.29186428571429 35.0
86 42.61109761904761 35.0
86 42.16684047619048 34.0
86 42.52083571428571 34.0
86 42.746207142857145 34.0
86 44.13709285714286 34.0
86 42.15068571428571 33.0
87 41.406711904761906 41.0
87 41.462297619047625 36.0
87 41.63009761904762 37.0
87 41.775480952380946 37.0
87 41.70890714285715 36.0
87 41.67735714285715 35.0
87 42.00205 36.0
87 42.18205 36.0
87 42.06270476190476 35.0
87 42.29186428571429 35.0
87 42.61109761904761 35.0
87 42.16684047619048 34.0
87 42.49944047619047 34.0
87 42.746207142857145 34.0
87 44.13709285714286 34.0
87 42.15068571428571 33.0
88 41.406711904761906 41.0
88 41.462297619047625 36.0
88 41.63009761904762 37.0
88 41.775480952380946 37.0
88 41.70890714285715 36.0
88 41.67735714285715 35.0
88 42.00205 36.0
88 42.18205 36.0
88 42.06270476190476 35.0
88 42.29186428571429 35.0
88 42.61109761904761 35.0
88 42.16684047619048 34.0
88 42.49944047619047 34.0
88 42.746207142857145 34.0
88 44.13709285714286 34.0
88 42.15068571428571 33.0
89 41.323278571428574 35.0
89 41.462297619047625 36.0
89 41.63009761904762 37.0
89 41.70890714285715 36.0
89 41.67735714285715 35.0
89 42.00205 36.0
89 42.18205 36.0
89 42.06270476190476 35.0
89 42.29186428571429 35.0
89 42.61109761904761 35.0
89 42.16684047619048 34.0
89 42.49944047619047 34.0
89 42.746207142857145 34.0
89 44.13709285714286 34.0
89 42.15068571428571 33.0
90 41.323278571428574 35.0
90 41.462297619047625 36.0
90 41.63009761904762 37.0
90 41.70890714285715 36.0
90 41.67735714285715 35.0
90 42.00205 36.0
90 42.18205 36.0
90 42.06270476190476 35.0
90 42.29186428571429 35.0
90 42.61109761904761 35.0
90 42.16684047619048 34.0
90 42.49944047619047 34.0
90 42.746207142857145 34.0
90 44.13709285714286 34.0
90 42.15068571428571 33.0
91 41.323278571428574 35.0
91 41.462297619047625 36.0
91 41.70890714285715 36.0
91 41.67735714285715 35.0
91 42.00205 36.0
91 42.06270476190476 35.0
91 42.89240952380952 37.0
91 42.29186428571429 35.0
91 42.61109761904761 35.0
91 42.16684047619048 34.0
91 42.49944047619047 34.0
91 42.746207142857145 34.0
91 44.13709285714286 34.0
91 42.15068571428571 33.0
92 41.323278571428574 35.0
92 41.462297619047625 36.0
92 41.70890714285715 36.0
92 41.67735714285715 35.0
92 42.00205 36.0
92 42.06270476190476 35.0
92 42.89240952380952 37.0
92 42.29186428571429 35.0
92 42.61109761904761 35.0
92 42.16684047619048 34.0
92 42.49944047619047 34.0
92 42.746207142857145 34.0
92 43.28789761904762 34.0
92 44.13709285714286 34.0
92 42.15068571428571 33.0
93 41.323278571428574 35.0
93 41.462297619047625 36.0
93 41.70890714285715 36.0
93 41.67735714285715 35.0
93 42.00205 36.0
93 42.06270476190476 35.0
93 42.28810714285714 35.0
93 42.29186428571429 35.0
93 42.61109761904761 35.0
93 42.16684047619048 34.0
93 42.49944047619047 34.0
93 42.746207142857145 34.0
93 43.28789761904762 34.0
93 44.13709285714286 34.0
93 42.15068571428571 33.0
94 41.323278571428574 35.0
94 41.462297619047625 36.0
94 41.70890714285715 36.0
94 41.67735714285715 35.0
94 42.00205 36.0
94 42.06270476190476 35.0
94 42.28810714285714 35.0
94 42.29186428571429 35.0
94 42.723949999999995 35.0
94 42.16684047619048 34.0
94 42.49944047619047 34.0
94 42.746207142857145 34.0
94 43.28789761904762 34.0
94 44.13709285714286 34.0
94 42.15068571428571 33.0
95 41.323278571428574 35.0
95 41.462297619047625 36.0
95 41.70890714285715 36.0
95 41.67735714285715 35.0
95 42.00205 36.0
95 42.06270476190476 35.0
95 42.28810714285714 35.0
95 42.29186428571429 35.0
95 42.723949999999995 35.0
95 42.16684047619048 34.0
95 42.49944047619047 34.0
95 42.746207142857145 34.0
95 43.28789761904762 34.0
95 44.13709285714286 34.0
95 42.15068571428571 33.0
96 41.323278571428574 35.0
96 41.462297619047625 36.0
96 41.70890714285715 36.0
96 41.67735714285715 35.0
96 42.00205 36.0
96 42.06270476190476 35.0
96 42.28810714285714 35.0
96 42.29186428571429 35.0
96 42.723949999999995 35.0
96 42.16684047619048 34.0
96 42.49944047619047 34.0
96 42.746207142857145 34.0
96 43.28789761904762 34.0
96 44.13709285714286 34.0
96 42.15068571428571 33.0
97 41.323278571428574 35.0
97 41.462297619047625 36.0
97 41.70890714285715 36.0
97 41.67735714285715 35.0
97 42.00205 36.0
97 42.06270476190476 35.0
97 42.28810714285714 35.0
97 42.29186428571429 35.0
97 42.723949999999995 35.0
97 42.16684047619048 34.0
97 42.49944047619047 34.0
97 42.746207142857145 34.0
97 43.28789761904762 34.0
97 44.13709285714286 34.0
97 42.15068571428571 33.0
98 41.323278571428574 35.0
98 41.462297619047625 36.0
98 41.70890714285715 36.0
98 41.67735714285715 35.0
98 42.00205 36.0
98 42.06270476190476 35.0
98 42.28810714285714 35.0
98 42.29186428571429 35.0
98 42.723949999999995 35.0
98 42.16684047619048 34.0
98 42.49944047619047 34.0
98 42.746207142857145 34.0
98 43.28789761904762 34.0
98 44.13709285714286 34.0
98 42.15068571428571 33.0
99 41.323278571428574 35.0
99 41.462297619047625 36.0
99 41.70890714285715 36.0
99 41.67735714285715 35.0
99 42.00205 36.0
99 42.06270476190476 35.0
99 42.28810714285714 35.0
99 42.29186428571429 35.0
99 42.723949999999995 35.0
99 42.16684047619048 34.0
99 42.49944047619047 34.0
99 42.746207142857145 34.0
99 43.28789761904762 34.0
99 44.13709285714286 34.0
99 42.15068571428571 33.0
100 41.323278571428574 35.0
100 41.462297619047625 36.0
100 41.70890714285715 36.0
100 41.67735714285715 35.0
100 42.00205 36.0
100 42.06270476190476 35.0
100 42.28810714285714 35.0
100 42.29186428571429 35.0
100 42.723949999999995 35.0
100 42.16684047619048 34.0
100 42.49944047619047 34.0
100 42.746207142857145 34.0
100 43.28789761904762 34.0
100 44.13709285714286 34.0
100 42.15068571428571 33.0
