1 46.03626428571429 39.0
1 44.37410952380952 44.0
1 46.016438095238094 38.0
1 44.89826904761905 38.0
1 45.2066380952381 36.0
1 43.02475952380953 38.0
1 43.38364047619048 40.0
1 45.13207857142857 38.0
1 43.39001190476191 39.0
1 44.2038738095238 38.0
1 43.7741142857143 40.0
1 43.21322857142857 40.0
1 44.35207380952381 37.0
1 44.862857142857145 37.0
1 45.01667380952381 43.0
1 45.17893809523809 38.0
1 44.00559761904762 40.0
2 43.02475952380953 38.0
2 43.229669047619055 39.0
2 43.39001190476191 39.0
2 43.7741142857143 40.0
2 44.44499047619047 41.0
2 43.82022142857142 38.0
2 44.2038738095238 38.0
2 44.89826904761905 38.0
2 44.35207380952381 37.0
2 44.862857142857145 37.0
2 45.2066380952381 36.0
3 43.02475952380953 38.0
3 43.229669047619055 39.0
3 43.39001190476191 39.0
3 43.7741142857143 40.0
3 43.80735952380952 38.0
3 43.82022142857142 38.0
3 43.58100952380951 37.0
3 44.498016666666665 38.0
3 44.82776190476191 38.0
3 44.35207380952381 37.0
3 44.862857142857145 37.0
3 45.2066380952381 36.0
4 42.47685476190476 38.0
4 42.81928095238095 39.0
4 43.02475952380953 38.0
4 43.08122142857143 38.0
4 44.200223809523806 40.0
4 43.80735952380952 38.0
4 44.58608809523809 39.0
4 43.58100952380951 37.0
4 44.82776190476191 38.0
4 44.35207380952381 37.0
4 44.862857142857145 37.0
4 45.2066380952381 36.0
5 42.47685476190476 38.0
5 42.81928095238095 39.0
5 43.02475952380953 38.0
5 43.08122142857143 38.0
5 43.99709523809524 39.0
5 43.80735952380952 38.0
5 43.58100952380951 37.0
5 43.96929047619047 37.0
5 44.35207380952381 37.0
5 44.862857142857145 37.0
5 45.2066380952381 36.0
5 44.668930952380954 35.0
6 42.020716666666665 38.0
6 42.47685476190476 38.0
6 42.81928095238095 39.0
6 43.02475952380953 38.0
6 43.68553095238095 39.0
6 43.80735952380952 38.0
6 43.58100952380951 37.0
6 43.96929047619047 37.0
6 44.35207380952381 37.0
6 45.1267880952381 37.0
6 45.2066380952381 36.0
6 44.668930952380954 35.0
7 42.020716666666665 38.0
7 42.527992857142856 39.0
7 42.47685476190476 38.0
7 43.02475952380953 38.0
7 43.68553095238095 39.0
7 43.58100952380951 37.0
7 43.96929047619047 37.0
7 44.35207380952381 37.0
7 44.67430238095238 37.0
7 45.2066380952381 36.0
7 44.365221428571424 35.0
7 44.63272142857143 35.0
7 45.048230952380955 34.0
8 42.020716666666665 38.0
8 42.527992857142856 39.0
8 42.47685476190476 38.0
8 43.02475952380953 38.0
8 43.68553095238095 39.0
8 43.58100952380951 37.0
8 43.96929047619047 37.0
8 44.35207380952381 37.0
8 44.67430238095238 37.0
8 45.2066380952381 36.0
8 44.365221428571424 35.0
8 44.63272142857143 35.0
8 45.048230952380955 34.0
9 42.020716666666665 38.0
9 42.527992857142856 39.0
9 42.47685476190476 38.0
9 43.02475952380953 38.0
9 43.180476190476185 38.0
9 43.58100952380951 37.0
9 43.96929047619047 37.0
9 44.35207380952381 37.0
9 44.67430238095238 37.0
9 43.39305952380953 35.0
9 45.2066380952381 36.0
9 44.365221428571424 35.0
9 44.63272142857143 35.0
9 45.048230952380955 34.0
10 42.020716666666665 38.0
10 42.527992857142856 39.0
10 42.47685476190476 38.0
10 43.02475952380953 38.0
10 43.180476190476185 38.0
10 43.58100952380951 37.0
10 43.96929047619047 37.0
10 44.35207380952381 37.0
10 43.882235714285706 36.0
10 43.39305952380953 35.0
10 45.2066380952381 36.0
10 44.365221428571424 35.0
10 44.63272142857143 35.0
10 42.36732857142857 34.0
11 42.020716666666665 38.0
11 42.47685476190476 38.0
11 43.34007857142858 43.0
11 42.840142857142844 38.0
11 42.8998 37.0
11 44.04228095238095 39.0
11 43.58100952380951 37.0
11 43.96929047619047 37.0
11 43.882235714285706 36.0
11 43.39305952380953 35.0
11 44.365221428571424 35.0
11 42.36732857142857 34.0
12 42.020716666666665 38.0
12 42.47685476190476 38.0
12 42.89023095238095 40.0
12 42.840142857142844 38.0
12 42.8998 37.0
12 43.0333 37.0
12 43.58100952380951 37.0
12 43.16188333333333 36.0
12 42.81920476190476 35.0
12 43.39305952380953 35.0
12 44.365221428571424 35.0
12 42.36732857142857 34.0
13 42.041528571428564 37.0
13 42.18647857142857 37.0
13 42.47685476190476 38.0
13 42.50975476190476 37.0
13 42.67584047619048 37.0
13 42.8998 37.0
13 43.0333 37.0
13 43.58100952380951 37.0
13 42.72457380952381 35.0
13 42.81920476190476 35.0
13 43.39305952380953 35.0
13 44.365221428571424 35.0
13 42.36732857142857 34.0
14 41.728721428571426 36.0
14 42.041528571428564 37.0
14 42.47685476190476 38.0
14 42.50975476190476 37.0
14 42.8998 37.0
14 42.89342380952381 36.0
14 42.72457380952381 35.0
14 42.36732857142857 34.0
14 43.39305952380953 35.0
14 44.365221428571424 35.0
14 43.29949523809524 33.0
15 41.728721428571426 36.0
15 42.04765476190477 37.0
15 42.47685476190476 38.0
15 42.50975476190476 37.0
15 42.553714285714285 36.0
15 42.80520952380952 36.0
15 42.72457380952381 35.0
15 42.36732857142857 34.0
15 43.39305952380953 35.0
15 44.365221428571424 35.0
15 42.53673095238095 33.0
16 41.447161904761906 34.0
16 41.728721428571426 36.0
16 42.04765476190477 37.0
16 42.40758095238095 36.0
16 42.553714285714285 36.0
16 42.72457380952381 35.0
16 42.36732857142857 34.0
16 43.35539047619048 35.0
16 42.53673095238095 33.0
16 42.13818095238096 32.0
17 41.447161904761906 34.0
17 41.728721428571426 36.0
17 42.02079761904761 36.0
17 42.40758095238095 36.0
17 42.553714285714285 36.0
17 42.72457380952381 35.0
17 42.36732857142857 34.0
17 43.35539047619048 35.0
17 42.53673095238095 33.0
17 42.13818095238096 32.0
18 41.447161904761906 34.0
18 41.728721428571426 36.0
18 42.02079761904761 36.0
18 42.37862857142857 36.0
18 42.553714285714285 36.0
18 42.72457380952381 35.0
18 42.36732857142857 34.0
18 43.35539047619048 35.0
18 42.53673095238095 33.0
18 43.247733333333336 33.0
18 42.13818095238096 32.0
19 41.447161904761906 34.0
19 41.728721428571426 36.0
19 42.02079761904761 36.0
19 42.37862857142857 36.0
19 42.553714285714285 36.0
19 42.72457380952381 35.0
19 42.36732857142857 34.0
19 43.35539047619048 35.0
19 43.74195714285714 35.0
19 42.53673095238095 33.0
19 43.247733333333336 33.0
19 42.13818095238096 32.0
20 41.447161904761906 34.0
20 41.728721428571426 36.0
20 42.02079761904761 36.0
20 42.37862857142857 36.0
20 42.553714285714285 36.0
20 42.72457380952381 35.0
20 42.36732857142857 34.0
20 43.35539047619048 35.0
20 43.74195714285714 35.0
20 42.53673095238095 33.0
20 43.247733333333336 33.0
20 42.13818095238096 32.0
21 41.447161904761906 34.0
21 41.728721428571426 36.0
21 42.02079761904761 36.0
21 42.784961904761914 38.0
21 42.37862857142857 36.0
21 42.8430380952381 36.0
21 42.36732857142857 34.0
21 43.35539047619048 35.0
21 43.74195714285714 35.0
21 42.53673095238095 33.0
21 43.247733333333336 33.0
21 42.13818095238096 32.0
22 41.447161904761906 34.0
22 41.728721428571426 36.0
22 42.02079761904761 36.0
22 42.784961904761914 38.0
22 42.37862857142857 36.0
22 42.8430380952381 36.0
22 42.36732857142857 34.0
22 43.35539047619048 35.0
22 43.74195714285714 35.0
22 42.53673095238095 33.0
22 43.247733333333336 33.0
22 42.13818095238096 32.0
23 41.447161904761906 34.0
23 41.728721428571426 36.0
23 42.02079761904761 36.0
23 42.362052380952385 37.0
23 42.37862857142857 36.0
23 42.8430380952381 36.0
23 42.36732857142857 34.0
23 43.21275238095238 35.0
23 43.49725714285714 35.0
23 42.53673095238095 33.0
23 43.247733333333336 33.0
23 42.13818095238096 32.0
24 41.447161904761906 34.0
24 41.728721428571426 36.0
24 42.02079761904761 36.0
24 42.362052380952385 37.0
24 42.37862857142857 36.0
24 42.8430380952381 36.0
24 42.36732857142857 34.0
24 43.21275238095238 35.0
24 43.49725714285714 35.0
24 42.53673095238095 33.0
24 43.247733333333336 33.0
24 42.13818095238096 32.0
25 41.447161904761906 34.0
25 41.728721428571426 36.0
25 42.02079761904761 36.0
25 42.362052380952385 37.0
25 42.37862857142857 36.0
25 42.819995238095245 36.0
25 42.36732857142857 34.0
25 43.21275238095238 35.0
25 43.49725714285714 35.0
25 42.53673095238095 33.0
25 43.247733333333336 33.0
25 42.13818095238096 32.0
26 41.447161904761906 34.0
26 41.728721428571426 36.0
26 42.02079761904761 36.0
26 42.362052380952385 37.0
26 42.37862857142857 36.0
26 42.819995238095245 36.0
26 42.36732857142857 34.0
26 43.21275238095238 35.0
26 43.439823809523816 35.0
26 42.53673095238095 33.0
26 44.108147619047614 34.0
26 43.247733333333336 33.0
26 42.13818095238096 32.0
27 41.447161904761906 34.0
27 41.728721428571426 36.0
27 41.92859523809524 35.0
27 42.362052380952385 37.0
27 42.37862857142857 36.0
27 42.819995238095245 36.0
27 42.36732857142857 34.0
27 43.21275238095238 35.0
27 43.439823809523816 35.0
27 42.53673095238095 33.0
27 44.108147619047614 34.0
27 43.247733333333336 33.0
27 42.13818095238096 32.0
28 41.447161904761906 34.0
28 41.728721428571426 36.0
28 41.92859523809524 35.0
28 42.362052380952385 37.0
28 42.37862857142857 36.0
28 42.819995238095245 36.0
28 42.36732857142857 34.0
28 43.21275238095238 35.0
28 43.439823809523816 35.0
28 42.53673095238095 33.0
28 44.108147619047614 34.0
28 43.247733333333336 33.0
28 42.13818095238096 32.0
29 41.447161904761906 34.0
29 41.728721428571426 36.0
29 41.92859523809524 35.0
29 42.362052380952385 37.0
29 42.37862857142857 36.0
29 42.819995238095245 36.0
29 42.36732857142857 34.0
29 43.21275238095238 35.0
29 43.439823809523816 35.0
29 42.53673095238095 33.0
29 44.108147619047614 34.0
29 43.247733333333336 33.0
29 42.13818095238096 32.0
30 41.447161904761906 34.0
30 41.728721428571426 36.0
30 41.92859523809524 35.0
30 42.362052380952385 37.0
30 42.37862857142857 36.0
30 42.819995238095245 36.0
30 42.36732857142857 34.0
30 43.20366666666667 35.0
30 43.439823809523816 35.0
30 42.53673095238095 33.0
30 44.108147619047614 34.0
30 43.247733333333336 33.0
30 42.13818095238096 32.0
31 41.447161904761906 34.0
31 41.728721428571426 36.0
31 42.342357142857146 39.0
31 41.92859523809524 35.0
31 42.37862857142857 36.0
31 42.819995238095245 36.0
31 42.36732857142857 34.0
31 43.20366666666667 35.0
31 43.439823809523816 35.0
31 43.939097619047615 35.0
31 42.53673095238095 33.0
31 43.247733333333336 33.0
31 42.13818095238096 32.0
32 41.447161904761906 34.0
32 41.728721428571426 36.0
32 42.342357142857146 39.0
32 41.92859523809524 35.0
32 42.37862857142857 36.0
32 42.819995238095245 36.0
32 42.36732857142857 34.0
32 43.20366666666667 35.0
32 42.7009380952381 34.0
32 43.44778095238095 34.0
32 42.53673095238095 33.0
32 43.247733333333336 33.0
32 42.13818095238096 32.0
33 41.447161904761906 34.0
33 41.728721428571426 36.0
33 42.342357142857146 39.0
33 41.92859523809524 35.0
33 42.157561904761906 35.0
33 42.819995238095245 36.0
33 42.36732857142857 34.0
33 43.20366666666667 35.0
33 42.7009380952381 34.0
33 43.153976190476186 34.0
33 42.53673095238095 33.0
33 43.247733333333336 33.0
33 42.13818095238096 32.0
34 41.447161904761906 34.0
34 41.728721428571426 36.0
34 41.699080952380946 34.0
34 41.92859523809524 35.0
34 42.157561904761906 35.0
34 42.819995238095245 36.0
34 42.36732857142857 34.0
34 43.20366666666667 35.0
34 42.7009380952381 34.0
34 43.153976190476186 34.0
34 42.53673095238095 33.0
34 43.247733333333336 33.0
34 42.13818095238096 32.0
35 41.447161904761906 34.0
35 41.728721428571426 36.0
35 41.699080952380946 34.0
35 41.92859523809524 35.0
35 42.157561904761906 35.0
35 42.819995238095245 36.0
35 42.36732857142857 34.0
35 43.20366666666667 35.0
35 42.7009380952381 34.0
35 43.153976190476186 34.0
35 42.53673095238095 33.0
35 43.05494523809524 33.0
35 42.13818095238096 32.0
36 41.447161904761906 34.0
36 41.728721428571426 36.0
36 41.699080952380946 34.0
36 41.92859523809524 35.0
36 42.157561904761906 35.0
36 42.819995238095245 36.0
36 42.36732857142857 34.0
36 43.20366666666667 35.0
36 42.7009380952381 34.0
36 43.153976190476186 34.0
36 42.53673095238095 33.0
36 43.05494523809524 33.0
36 42.13818095238096 32.0
37 41.11158809523809 36.0
37 41.447161904761906 34.0
37 41.92859523809524 35.0
37 41.699080952380946 34.0
37 42.801138095238095 36.0
37 42.36732857142857 34.0
37 42.7009380952381 34.0
37 43.153976190476186 34.0
37 42.53673095238095 33.0
37 43.05494523809524 33.0
37 44.19774285714286 33.0
37 42.13818095238096 32.0
38 41.11158809523809 36.0
38 41.447161904761906 34.0
38 41.92859523809524 35.0
38 41.699080952380946 34.0
38 42.801138095238095 36.0
38 43.32826666666667 36.0
38 42.36732857142857 34.0
38 42.7009380952381 34.0
38 43.153976190476186 34.0
38 42.53673095238095 33.0
38 43.05494523809524 33.0
38 44.19774285714286 33.0
38 42.13818095238096 32.0
39 41.11158809523809 36.0
39 41.447161904761906 34.0
39 41.92859523809524 35.0
39 41.699080952380946 34.0
39 42.801138095238095 36.0
39 43.161252380952384 36.0
39 42.36732857142857 34.0
39 42.7009380952381 34.0
39 43.153976190476186 34.0
39 42.53673095238095 33.0
39 43.05494523809524 33.0
39 44.19774285714286 33.0
39 42.13818095238096 32.0
40 41.11158809523809 36.0
40 41.447161904761906 34.0
40 41.92859523809524 35.0
40 41.699080952380946 34.0
40 42.801138095238095 36.0
40 43.25772857142857 36.0
40 42.36732857142857 34.0
40 42.7009380952381 34.0
40 43.153976190476186 34.0
40 42.53673095238095 33.0
40 43.05494523809524 33.0
40 44.19774285714286 33.0
40 42.13818095238096 32.0
41 41.11158809523809 36.0
41 42.13122619047619 40.0
41 41.447161904761906 34.0
41 41.699080952380946 34.0
41 42.56775 36.0
41 42.68015714285714 35.0
41 42.36732857142857 34.0
41 42.7009380952381 34.0
41 42.94180476190476 34.0
41 42.53673095238095 33.0
41 43.05494523809524 33.0
41 44.19774285714286 33.0
41 42.13818095238096 32.0
42 41.11158809523809 36.0
42 41.81160238095238 37.0
42 41.447161904761906 34.0
42 41.699080952380946 34.0
42 42.56775 36.0
42 42.68015714285714 35.0
42 42.36732857142857 34.0
42 42.7009380952381 34.0
42 42.94180476190476 34.0
42 42.53673095238095 33.0
42 43.05494523809524 33.0
42 44.19774285714286 33.0
42 42.13818095238096 32.0
43 41.11158809523809 36.0
43 41.81160238095238 37.0
43 41.447161904761906 34.0
43 41.699080952380946 34.0
43 42.56775 36.0
43 42.68015714285714 35.0
43 42.36732857142857 34.0
43 42.7009380952381 34.0
43 42.94180476190476 34.0
43 42.53673095238095 33.0
43 42.67367857142856 33.0
43 44.19774285714286 33.0
43 42.13818095238096 32.0
44 41.11158809523809 36.0
44 41.447161904761906 34.0
44 41.699080952380946 34.0
44 42.56775 36.0
44 42.68015714285714 35.0
44 42.49365952380953 34.0
44 42.94180476190476 34.0
44 42.67367857142856 33.0
44 42.13818095238096 32.0
44 44.19774285714286 33.0
44 43.286140476190475 31.0
45 41.11158809523809 36.0
45 41.50307857142857 36.0
45 41.447161904761906 34.0
45 41.699080952380946 34.0
45 42.56775 36.0
45 42.68015714285714 35.0
45 42.49365952380953 34.0
45 42.94180476190476 34.0
45 42.67367857142856 33.0
45 42.13818095238096 32.0
45 44.84889047619048 34.0
45 44.19774285714286 33.0
45 43.286140476190475 31.0
46 41.11158809523809 36.0
46 41.50307857142857 36.0
46 41.447161904761906 34.0
46 41.699080952380946 34.0
46 42.56775 36.0
46 41.89067857142857 33.0
46 42.49365952380953 34.0
46 42.94180476190476 34.0
46 42.67367857142856 33.0
46 42.13818095238096 32.0
46 44.84889047619048 34.0
46 44.19774285714286 33.0
46 43.286140476190475 31.0
47 41.11158809523809 36.0
47 41.50307857142857 36.0
47 41.447161904761906 34.0
47 41.699080952380946 34.0
47 42.56775 36.0
47 41.89067857142857 33.0
47 42.49365952380953 34.0
47 42.94180476190476 34.0
47 42.67367857142856 33.0
47 42.13818095238096 32.0
47 44.84889047619048 34.0
47 44.19774285714286 33.0
47 43.286140476190475 31.0
48 41.11158809523809 36.0
48 41.50307857142857 36.0
48 41.447161904761906 34.0
48 41.699080952380946 34.0
48 42.56775 36.0
48 41.89067857142857 33.0
48 42.49365952380953 34.0
48 42.94180476190476 34.0
48 42.67367857142856 33.0
48 42.13818095238096 32.0
48 44.84889047619048 34.0
48 44.19774285714286 33.0
48 43.286140476190475 31.0
49 41.11158809523809 36.0
49 41.50307857142857 36.0
49 41.447161904761906 34.0
49 41.699080952380946 34.0
49 42.56775 36.0
49 41.89067857142857 33.0
49 42.49365952380953 34.0
49 42.94180476190476 34.0
49 42.67367857142856 33.0
49 42.13818095238096 32.0
49 44.84889047619048 34.0
49 44.19774285714286 33.0
49 43.286140476190475 31.0
50 41.11158809523809 36.0
50 41.50307857142857 36.0
50 41.447161904761906 34.0
50 41.699080952380946 34.0
50 42.56775 36.0
50 41.89067857142857 33.0
50 42.49365952380953 34.0
50 42.94180476190476 34.0
50 42.67367857142856 33.0
50 42.13818095238096 32.0
50 44.84889047619048 34.0
50 44.19774285714286 33.0
50 43.286140476190475 31.0
51 41.11158809523809 36.0
51 41.447161904761906 34.0
51 41.699080952380946 34.0
51 42.56775 36.0
51 41.89067857142857 33.0
51 42.49365952380953 34.0
51 42.94180476190476 34.0
51 42.67367857142856 33.0
51 42.13818095238096 32.0
51 44.84889047619048 34.0
51 44.19774285714286 33.0
51 43.286140476190475 31.0
52 41.11158809523809 36.0
52 41.447161904761906 34.0
52 41.699080952380946 34.0
52 42.56775 36.0
52 41.89067857142857 33.0
52 42.49365952380953 34.0
52 42.94180476190476 34.0
52 42.67367857142856 33.0
52 42.13818095238096 32.0
52 44.84889047619048 34.0
52 44.19774285714286 33.0
52 43.286140476190475 31.0
53 40.95734761904762 35.0
53 41.11158809523809 36.0
53 41.447161904761906 34.0
53 41.699080952380946 34.0
53 42.56775 36.0
53 41.89067857142857 33.0
53 44.227533333333334 37.0
53 42.94180476190476 34.0
53 42.67367857142856 33.0
53 42.13818095238096 32.0
53 44.19774285714286 33.0
53 43.286140476190475 31.0
54 40.95734761904762 35.0
54 41.11158809523809 36.0
54 41.447161904761906 34.0
54 41.699080952380946 34.0
54 42.56775 36.0
54 41.89067857142857 33.0
54 43.56055714285714 36.0
54 42.94180476190476 34.0
54 42.67367857142856 33.0
54 42.13818095238096 32.0
54 44.19774285714286 33.0
54 43.286140476190475 31.0
55 40.95734761904762 35.0
55 41.11158809523809 36.0
55 41.447161904761906 34.0
55 41.699080952380946 34.0
55 42.18895714285714 35.0
55 41.89067857142857 33.0
55 43.36009047619048 35.0
55 42.94180476190476 34.0
55 42.67367857142856 33.0
55 42.13818095238096 32.0
55 44.19774285714286 33.0
55 43.286140476190475 31.0
56 40.95734761904762 35.0
56 41.11158809523809 36.0
56 41.447161904761906 34.0
56 41.699080952380946 34.0
56 42.18895714285714 35.0
56 41.89067857142857 33.0
56 43.36009047619048 35.0
56 42.94180476190476 34.0
56 42.67367857142856 33.0
56 42.13818095238096 32.0
56 44.19774285714286 33.0
56 43.286140476190475 31.0
57 40.95734761904762 35.0
57 41.11158809523809 36.0
57 41.447161904761906 34.0
57 41.699080952380946 34.0
57 42.18895714285714 35.0
57 41.89067857142857 33.0
57 43.36009047619048 35.0
57 42.94180476190476 34.0
57 42.67367857142856 33.0
57 42.13818095238096 32.0
57 44.19774285714286 33.0
57 43.286140476190475 31.0
58 40.95734761904762 35.0
58 41.11158809523809 36.0
58 42.07282857142857 43.0
58 41.447161904761906 34.0
58 41.699080952380946 34.0
58 42.18895714285714 35.0
58 41.89067857142857 33.0
58 43.36009047619048 35.0
58 42.94180476190476 34.0
58 42.67367857142856 33.0
58 42.13818095238096 32.0
58 44.19774285714286 33.0
58 43.286140476190475 31.0
59 40.95734761904762 35.0
59 41.11158809523809 36.0
59 42.22209761904762 41.0
59 41.447161904761906 34.0
59 41.699080952380946 34.0
59 42.18895714285714 35.0
59 41.89067857142857 33.0
59 43.36009047619048 35.0
59 42.94180476190476 34.0
59 42.67367857142856 33.0
59 42.13818095238096 32.0
59 44.19774285714286 33.0
59 43.286140476190475 31.0
60 40.95734761904762 35.0
60 41.11158809523809 36.0
60 42.22209761904762 41.0
60 41.447161904761906 34.0
60 41.699080952380946 34.0
60 42.18895714285714 35.0
60 41.89067857142857 33.0
60 43.36009047619048 35.0
60 42.94180476190476 34.0
60 42.67367857142856 33.0
60 42.13818095238096 32.0
60 44.19774285714286 33.0
60 43.286140476190475 31.0
61 40.95734761904762 35.0
61 41.11158809523809 36.0
61 42.22209761904762 41.0
61 41.447161904761906 34.0
61 43.15443571428572 41.0
61 41.699080952380946 34.0
61 42.18895714285714 35.0
61 41.89067857142857 33.0
61 43.36009047619048 35.0
61 42.94180476190476 34.0
61 42.67367857142856 33.0
61 42.13818095238096 32.0
61 43.286140476190475 31.0
62 40.95734761904762 35.0
62 41.11158809523809 36.0
62 41.94150952380953 42.0
62 42.22209761904762 41.0
62 41.447161904761906 34.0
62 42.933019047619055 41.0
62 41.699080952380946 34.0
62 42.18895714285714 35.0
62 41.89067857142857 33.0
62 43.36009047619048 35.0
62 42.94180476190476 34.0
62 42.67367857142856 33.0
62 42.13818095238096 32.0
62 43.286140476190475 31.0
63 40.95734761904762 35.0
63 41.11158809523809 36.0
63 41.94150952380953 42.0
63 42.22209761904762 41.0
63 41.447161904761906 34.0
63 42.4199 38.0
63 41.699080952380946 34.0
63 42.18895714285714 35.0
63 41.89067857142857 33.0
63 43.36009047619048 35.0
63 42.94180476190476 34.0
63 42.67367857142856 33.0
63 42.13818095238096 32.0
63 43.2904 32.0
63 43.286140476190475 31.0
64 40.95734761904762 35.0
64 41.11158809523809 36.0
64 41.94150952380953 42.0
64 42.22209761904762 41.0
64 41.447161904761906 34.0
64 42.4199 38.0
64 41.699080952380946 34.0
64 42.18895714285714 35.0
64 41.89067857142857 33.0
64 43.19870714285714 35.0
64 42.94180476190476 34.0
64 42.67367857142856 33.0
64 42.13818095238096 32.0
64 43.2904 32.0
64 43.286140476190475 31.0
65 40.95734761904762 35.0
65 41.11158809523809 36.0
65 41.94150952380953 42.0
65 42.22209761904762 41.0
65 41.447161904761906 34.0
65 42.37721904761904 38.0
65 41.699080952380946 34.0
65 42.18895714285714 35.0
65 41.89067857142857 33.0
65 43.19870714285714 35.0
65 42.94180476190476 34.0
65 42.67367857142856 33.0
65 42.13818095238096 32.0
65 43.2904 32.0
65 43.286140476190475 31.0
66 40.95734761904762 35.0
66 41.11158809523809 36.0
66 41.94150952380953 42.0
66 42.22209761904762 41.0
66 41.447161904761906 34.0
66 42.37721904761904 38.0
66 41.699080952380946 34.0
66 42.18895714285714 35.0
66 41.89067857142857 33.0
66 43.19870714285714 35.0
66 42.94180476190476 34.0
66 42.67367857142856 33.0
66 42.13818095238096 32.0
66 43.2904 32.0
66 43.286140476190475 31.0
67 40.95734761904762 35.0
67 41.11158809523809 36.0
67 41.94150952380953 42.0
67 42.22209761904762 41.0
67 41.447161904761906 34.0
67 42.37721904761904 38.0
67 41.699080952380946 34.0
67 42.18895714285714 35.0
67 41.89067857142857 33.0
67 43.19870714285714 35.0
67 42.94180476190476 34.0
67 42.67367857142856 33.0
67 42.13818095238096 32.0
67 43.2904 32.0
67 43.286140476190475 31.0
68 40.95734761904762 35.0
68 41.11158809523809 36.0
68 41.94150952380953 42.0
68 42.22209761904762 41.0
68 41.447161904761906 34.0
68 42.37721904761904 38.0
68 41.699080952380946 34.0
68 42.18895714285714 35.0
68 41.89067857142857 33.0
68 43.19870714285714 35.0
68 42.94180476190476 34.0
68 42.67367857142856 33.0
68 42.13818095238096 32.0
68 43.2904 32.0
68 43.286140476190475 31.0
69 40.95734761904762 35.0
69 41.11158809523809 36.0
69 41.83979523809524 43.0
69 42.22209761904762 41.0
69 41.447161904761906 34.0
69 42.37721904761904 38.0
69 41.699080952380946 34.0
69 42.18895714285714 35.0
69 41.89067857142857 33.0
69 43.19870714285714 35.0
69 42.94180476190476 34.0
69 42.67367857142856 33.0
69 42.13818095238096 32.0
69 43.2904 32.0
69 43.286140476190475 31.0
70 40.95734761904762 35.0
70 41.11158809523809 36.0
70 41.83979523809524 43.0
70 42.07706666666667 41.0
70 41.447161904761906 34.0
70 42.26517142857143 37.0
70 41.699080952380946 34.0
70 42.18895714285714 35.0
70 41.89067857142857 33.0
70 43.19870714285714 35.0
70 42.94180476190476 34.0
70 42.67367857142856 33.0
70 42.13818095238096 32.0
70 43.2904 32.0
70 43.286140476190475 31.0
71 40.95734761904762 35.0
71 41.11158809523809 36.0
71 41.83979523809524 43.0
71 42.07706666666667 41.0
71 41.447161904761906 34.0
71 42.30452857142856 38.0
71 41.699080952380946 34.0
71 42.18895714285714 35.0
71 41.89067857142857 33.0
71 42.94180476190476 34.0
71 42.67367857142856 33.0
71 42.13818095238096 32.0
71 43.2904 32.0
71 43.286140476190475 31.0
72 40.95734761904762 35.0
72 41.11158809523809 36.0
72 41.83979523809524 43.0
72 42.07706666666667 41.0
72 41.447161904761906 34.0
72 42.30452857142856 38.0
72 41.699080952380946 34.0
72 42.18895714285714 35.0
72 41.89067857142857 33.0
72 42.94180476190476 34.0
72 42.67367857142856 33.0
72 42.13818095238096 32.0
72 43.2904 32.0
72 43.286140476190475 31.0
73 40.95734761904762 35.0
73 41.11158809523809 36.0
73 41.83979523809524 43.0
73 42.07706666666667 41.0
73 41.447161904761906 34.0
73 42.30452857142856 38.0
73 41.699080952380946 34.0
73 42.18895714285714 35.0
73 41.89067857142857 33.0
73 42.94180476190476 34.0
73 42.67367857142856 33.0
73 42.13818095238096 32.0
73 43.2904 32.0
73 43.286140476190475 31.0
74 40.95734761904762 35.0
74 41.11158809523809 36.0
74 41.83979523809524 43.0
74 42.07706666666667 41.0
74 41.447161904761906 34.0
74 42.30452857142856 38.0
74 41.699080952380946 34.0
74 42.18895714285714 35.0
74 41.89067857142857 33.0
74 42.94180476190476 34.0
74 42.67367857142856 33.0
74 42.13818095238096 32.0
74 43.2904 32.0
74 43.286140476190475 31.0
75 40.95734761904762 35.0
75 41.11158809523809 36.0
75 41.83979523809524 43.0
75 42.07706666666667 41.0
75 41.447161904761906 34.0
75 42.30452857142856 38.0
75 41.699080952380946 34.0
75 42.18895714285714 35.0
75 41.89067857142857 33.0
75 42.94180476190476 34.0
75 42.67367857142856 33.0
75 42.13818095238096 32.0
75 43.2904 32.0
75 43.286140476190475 31.0
76 40.95734761904762 35.0
76 41.11158809523809 36.0
76 41.83979523809524 43.0
76 42.07706666666667 41.0
76 41.447161904761906 34.0
76 42.30452857142856 38.0
76 41.699080952380946 34.0
76 42.18895714285714 35.0
76 41.89067857142857 33.0
76 42.94180476190476 34.0
76 42.67367857142856 33.0
76 42.13818095238096 32.0
76 43.2904 32.0
76 43.286140476190475 31.0
77 40.95734761904762 35.0
77 41.11158809523809 36.0
77 41.83979523809524 43.0
77 42.07706666666667 41.0
77 41.447161904761906 34.0
77 42.30452857142856 38.0
77 41.699080952380946 34.0
77 42.18895714285714 35.0
77 41.89067857142857 33.0
77 42.94180476190476 34.0
77 42.67367857142856 33.0
77 42.13818095238096 32.0
77 43.2904 32.0
77 43.286140476190475 31.0
78 40.95734761904762 35.0
78 41.11158809523809 36.0
78 41.83979523809524 43.0
78 42.07706666666667 41.0
78 41.447161904761906 34.0
78 42.30452857142856 38.0
78 41.699080952380946 34.0
78 42.18895714285714 35.0
78 41.89067857142857 33.0
78 42.94180476190476 34.0
78 42.67367857142856 33.0
78 42.13818095238096 32.0
78 43.2904 32.0
78 43.286140476190475 31.0
79 40.95734761904762 35.0
79 41.11158809523809 36.0
79 41.83979523809524 43.0
79 42.07706666666667 41.0
79 41.447161904761906 34.0
79 42.30452857142856 38.0
79 41.699080952380946 34.0
79 42.18895714285714 35.0
79 41.89067857142857 33.0
79 42.94180476190476 34.0
79 42.67367857142856 33.0
79 42.13818095238096 32.0
79 43.2904 32.0
79 43.286140476190475 31.0
80 40.95734761904762 35.0
80 41.11158809523809 36.0
80 41.83979523809524 43.0
80 42.07706666666667 41.0
80 41.447161904761906 34.0
80 42.30452857142856 38.0
80 41.699080952380946 34.0
80 42.18895714285714 35.0
80 41.89067857142857 33.0
80 42.94180476190476 34.0
80 42.67367857142856 33.0
80 42.13818095238096 32.0
80 43.2904 32.0
80 43.286140476190475 31.0
81 40.95734761904762 35.0
81 41.11158809523809 36.0
81 41.83979523809524 43.0
81 42.07706666666667 41.0
81 41.447161904761906 34.0
81 42.30452857142856 38.0
81 41.699080952380946 34.0
81 42.18895714285714 35.0
81 41.89067857142857 33.0
81 42.94180476190476 34.0
81 42.67367857142856 33.0
81 42.13818095238096 32.0
81 43.2904 32.0
81 43.286140476190475 31.0
82 40.95734761904762 35.0
82 41.11158809523809 36.0
82 41.83979523809524 43.0
82 42.07706666666667 41.0
82 41.447161904761906 34.0
82 42.30452857142856 38.0
82 41.699080952380946 34.0
82 42.18895714285714 35.0
82 41.89067857142857 33.0
82 42.94180476190476 34.0
82 42.67367857142856 33.0
82 42.13818095238096 32.0
82 43.2904 32.0
82 43.286140476190475 31.0
83 40.95734761904762 35.0
83 41.11158809523809 36.0
83 41.83979523809524 43.0
83 42.07706666666667 41.0
83 41.447161904761906 34.0
83 42.30452857142856 38.0
83 41.699080952380946 34.0
83 42.18895714285714 35.0
83 41.89067857142857 33.0
83 42.94180476190476 34.0
83 42.67367857142856 33.0
83 42.13818095238096 32.0
83 43.2904 32.0
83 43.286140476190475 31.0
84 40.95734761904762 35.0
84 41.11158809523809 36.0
84 41.83979523809524 43.0
84 42.07706666666667 41.0
84 41.447161904761906 34.0
84 42.30452857142856 38.0
84 41.699080952380946 34.0
84 42.18895714285714 35.0
84 41.89067857142857 33.0
84 42.94180476190476 34.0
84 42.67367857142856 33.0
84 42.13818095238096 32.0
84 43.2904 32.0
84 43.286140476190475 31.0
85 40.95734761904762 35.0
85 41.11158809523809 36.0
85 41.83979523809524 43.0
85 42.07706666666667 41.0
85 41.447161904761906 34.0
85 42.30452857142856 38.0
85 41.699080952380946 34.0
85 42.18895714285714 35.0
85 41.89067857142857 33.0
85 42.94180476190476 34.0
85 42.67367857142856 33.0
85 42.13818095238096 32.0
85 43.2904 32.0
85 43.286140476190475 31.0
86 40.95734761904762 35.0
86 41.11158809523809 36.0
86 41.83979523809524 43.0
86 42.07706666666667 41.0
86 41.447161904761906 34.0
86 42.30452857142856 38.0
86 41.699080952380946 34.0
86 42.18895714285714 35.0
86 41.89067857142857 33.0
86 42.94180476190476 34.0
86 42.67367857142856 33.0
86 42.13818095238096 32.0
86 43.2904 32.0
86 43.286140476190475 31.0
87 40.95734761904762 35.0
87 41.11158809523809 36.0
87 41.83979523809524 43.0
87 42.07706666666667 41.0
87 41.447161904761906 34.0
87 42.30452857142856 38.0
87 41.699080952380946 34.0
87 42.18895714285714 35.0
87 41.89067857142857 33.0
87 42.94180476190476 34.0
87 42.67367857142856 33.0
87 42.13818095238096 32.0
87 43.2904 32.0
87 43.286140476190475 31.0
88 40.95734761904762 35.0
88 41.11158809523809 36.0
88 41.83979523809524 43.0
88 42.07706666666667 41.0
88 41.447161904761906 34.0
88 42.30452857142856 38.0
88 41.699080952380946 34.0
88 42.18895714285714 35.0
88 41.89067857142857 33.0
88 42.94180476190476 34.0
88 42.67367857142856 33.0
88 42.13818095238096 32.0
88 43.2904 32.0
88 43.286140476190475 31.0
89 40.95734761904762 35.0
89 41.11158809523809 36.0
89 41.83979523809524 43.0
89 42.07706666666667 41.0
89 41.447161904761906 34.0
89 42.30452857142856 38.0
89 41.699080952380946 34.0
89 42.18895714285714 35.0
89 41.89067857142857 33.0
89 42.94180476190476 34.0
89 42.67367857142856 33.0
89 42.13818095238096 32.0
89 43.2904 32.0
89 43.286140476190475 31.0
90 40.95734761904762 35.0
90 41.11158809523809 36.0
90 41.83979523809524 43.0
90 42.07706666666667 41.0
90 41.447161904761906 34.0
90 42.30452857142856 38.0
90 41.699080952380946 34.0
90 42.18895714285714 35.0
90 41.89067857142857 33.0
90 42.94180476190476 34.0
90 42.67367857142856 33.0
90 42.13818095238096 32.0
90 43.2904 32.0
90 43.286140476190475 31.0
91 40.95734761904762 35.0
91 41.11158809523809 36.0
91 41.83979523809524 43.0
91 42.07706666666667 41.0
91 41.447161904761906 34.0
91 42.30452857142856 38.0
91 41.699080952380946 34.0
91 42.18895714285714 35.0
91 41.89067857142857 33.0
91 42.94180476190476 34.0
91 42.67367857142856 33.0
91 42.13818095238096 32.0
91 43.2904 32.0
91 43.286140476190475 31.0
92 40.95734761904762 35.0
92 41.11158809523809 36.0
92 41.83979523809524 43.0
92 42.07706666666667 41.0
92 41.447161904761906 34.0
92 42.30452857142856 38.0
92 41.699080952380946 34.0
92 42.18895714285714 35.0
92 41.89067857142857 33.0
92 42.94180476190476 34.0
92 42.67367857142856 33.0
92 42.13818095238096 32.0
92 43.2904 32.0
92 43.286140476190475 31.0
93 40.95734761904762 35.0
93 41.11158809523809 36.0
93 41.83979523809524 43.0
93 42.07706666666667 41.0
93 41.447161904761906 34.0
93 42.30452857142856 38.0
93 41.699080952380946 34.0
93 42.18895714285714 35.0
93 41.89067857142857 33.0
93 42.94180476190476 34.0
93 42.67367857142856 33.0
93 42.13818095238096 32.0
93 43.2904 32.0
93 43.286140476190475 31.0
94 40.95734761904762 35.0
94 41.11158809523809 36.0
94 41.83979523809524 43.0
94 42.07706666666667 41.0
94 41.447161904761906 34.0
94 42.30452857142856 38.0
94 41.699080952380946 34.0
94 42.18895714285714 35.0
94 41.89067857142857 33.0
94 42.94180476190476 34.0
94 42.67367857142856 33.0
94 42.13818095238096 32.0
94 43.2904 32.0
94 43.286140476190475 31.0
95 40.95734761904762 35.0
95 41.11158809523809 36.0
95 41.83979523809524 43.0
95 42.07706666666667 41.0
95 41.447161904761906 34.0
95 42.30452857142856 38.0
95 41.699080952380946 34.0
95 42.18895714285714 35.0
95 41.89067857142857 33.0
95 42.94180476190476 34.0
95 42.67367857142856 33.0
95 42.13818095238096 32.0
95 43.2904 32.0
95 43.286140476190475 31.0
96 40.95734761904762 35.0
96 41.11158809523809 36.0
96 41.83979523809524 43.0
96 42.07706666666667 41.0
96 41.447161904761906 34.0
96 42.30452857142856 38.0
96 41.699080952380946 34.0
96 42.18895714285714 35.0
96 41.89067857142857 33.0
96 42.94180476190476 34.0
96 42.67367857142856 33.0
96 42.13818095238096 32.0
96 43.2904 32.0
96 43.286140476190475 31.0
97 40.95734761904762 35.0
97 41.11158809523809 36.0
97 41.83979523809524 43.0
97 42.07706666666667 41.0
97 41.447161904761906 34.0
97 42.30452857142856 38.0
97 41.699080952380946 34.0
97 42.18895714285714 35.0
97 41.89067857142857 33.0
97 42.94180476190476 34.0
97 42.67367857142856 33.0
97 42.13818095238096 32.0
97 43.2904 32.0
97 43.286140476190475 31.0
98 40.95734761904762 35.0
98 41.11158809523809 36.0
98 41.83979523809524 43.0
98 42.07706666666667 41.0
98 41.447161904761906 34.0
98 42.30452857142856 38.0
98 41.699080952380946 34.0
98 42.18895714285714 35.0
98 41.89067857142857 33.0
98 42.94180476190476 34.0
98 42.67367857142856 33.0
98 42.13818095238096 32.0
98 43.2904 32.0
98 43.286140476190475 31.0
99 40.95734761904762 35.0
99 41.11158809523809 36.0
99 41.83979523809524 43.0
99 42.07706666666667 41.0
99 41.447161904761906 34.0
99 42.30452857142856 38.0
99 41.699080952380946 34.0
99 42.18895714285714 35.0
99 41.89067857142857 33.0
99 42.94180476190476 34.0
99 42.67367857142856 33.0
99 42.13818095238096 32.0
99 43.2904 32.0
99 43.286140476190475 31.0
100 40.95734761904762 35.0
100 41.11158809523809 36.0
100 41.83979523809524 43.0
100 42.07706666666667 41.0
100 41.447161904761906 34.0
100 42.30452857142856 38.0
100 41.699080952380946 34.0
100 42.18895714285714 35.0
100 41.89067857142857 33.0
100 42.94180476190476 34.0
100 42.67367857142856 33.0
100 42.13818095238096 32.0
100 43.2904 32.0
100 43.286140476190475 31.0
