1 44.204823809523816 42.0
1 45.180469047619056 42.0
1 44.98032857142857 37.0
1 44.26475714285714 44.0
1 43.78988571428571 36.0
1 45.576007142857144 42.0
1 44.998688095238094 41.0
1 45.90623095238096 35.0
1 43.427821428571434 36.0
1 44.85018333333334 37.0
1 44.09484047619046 42.0
1 44.33976666666666 38.0
1 45.70060476190476 45.0
1 45.27443333333333 39.0
1 44.86813333333333 44.0
1 45.022430952380944 44.0
1 44.766352380952384 43.0
2 43.427821428571434 36.0
2 43.513557142857145 36.0
2 44.204823809523816 42.0
2 44.34995 39.0
2 43.78988571428571 36.0
2 44.61252619047618 38.0
2 45.17963333333333 38.0
2 44.85018333333334 37.0
2 44.76715952380953 35.0
3 43.427821428571434 36.0
3 43.513557142857145 36.0
3 44.23855952380953 38.0
3 43.78988571428571 36.0
3 44.61252619047618 38.0
3 45.17963333333333 38.0
3 44.85018333333334 37.0
3 45.52067380952381 37.0
3 44.76715952380953 35.0
4 42.610754761904765 35.0
4 43.10144999999999 38.0
4 43.80323809523809 40.0
4 43.94295 39.0
4 44.45855952380953 39.0
4 43.19518809523811 36.0
4 43.427821428571434 36.0
4 43.49867857142857 36.0
4 43.78988571428571 36.0
4 44.76715952380953 35.0
5 42.610754761904765 35.0
5 42.762807142857135 38.0
5 43.10144999999999 38.0
5 43.67836904761904 39.0
5 43.70693095238095 38.0
5 44.026492857142856 38.0
5 43.19518809523811 36.0
5 43.427821428571434 36.0
5 43.49867857142857 36.0
5 43.78988571428571 36.0
5 43.57742142857143 35.0
6 42.33217380952381 39.0
6 42.762807142857135 38.0
6 42.610754761904765 35.0
6 43.174530952380955 36.0
6 43.19518809523811 36.0
6 43.75341666666667 36.0
6 43.57742142857143 35.0
6 43.444445238095234 33.0
7 42.47993571428571 38.0
7 42.762807142857135 38.0
7 42.610754761904765 35.0
7 43.174530952380955 36.0
7 43.19518809523811 36.0
7 43.75341666666667 36.0
7 43.57742142857143 35.0
7 43.444445238095234 33.0
8 41.5907880952381 36.0
8 42.47993571428571 38.0
8 42.35253571428572 37.0
8 44.16824523809523 42.0
8 42.610754761904765 35.0
8 43.174530952380955 36.0
8 43.75341666666667 36.0
8 43.57742142857143 35.0
8 43.25416428571429 34.0
8 43.444445238095234 33.0
9 41.5907880952381 36.0
9 41.975142857142856 37.0
9 42.47993571428571 38.0
9 42.35253571428572 37.0
9 43.919830952380956 39.0
9 42.610754761904765 35.0
9 43.174530952380955 36.0
9 43.75341666666667 36.0
9 43.37250952380952 35.0
9 43.25416428571429 34.0
9 42.291202380952384 33.0
10 41.5907880952381 36.0
10 41.975142857142856 37.0
10 42.1392380952381 38.0
10 42.340069047619046 36.0
10 43.919830952380956 39.0
10 42.610754761904765 35.0
10 43.174530952380955 36.0
10 43.75341666666667 36.0
10 43.37250952380952 35.0
10 43.25416428571429 34.0
10 42.291202380952384 33.0
11 41.5907880952381 36.0
11 41.975142857142856 37.0
11 42.1392380952381 38.0
11 43.02294761904762 41.0
11 42.340069047619046 36.0
11 42.861426190476195 37.0
11 43.28987857142856 37.0
11 42.610754761904765 35.0
11 42.89752857142857 35.0
11 43.37250952380952 35.0
11 43.25416428571429 34.0
11 42.291202380952384 33.0
12 41.5907880952381 36.0
12 41.975142857142856 37.0
12 42.1392380952381 38.0
12 43.02294761904762 41.0
12 42.340069047619046 36.0
12 42.861426190476195 37.0
12 43.16185476190475 37.0
12 42.610754761904765 35.0
12 42.89752857142857 35.0
12 43.37250952380952 35.0
12 43.83998571428571 35.0
12 43.25416428571429 34.0
12 42.291202380952384 33.0
13 41.5907880952381 36.0
13 41.975142857142856 37.0
13 42.1392380952381 38.0
13 42.547228571428576 38.0
13 42.340069047619046 36.0
13 42.76398095238094 37.0
13 43.16185476190475 37.0
13 42.610754761904765 35.0
13 42.89752857142857 35.0
13 43.37250952380952 35.0
13 43.83998571428571 35.0
13 43.25416428571429 34.0
13 42.291202380952384 33.0
14 41.5907880952381 36.0
14 41.975142857142856 37.0
14 42.27715476190476 38.0
14 42.547228571428576 38.0
14 42.340069047619046 36.0
14 42.76398095238094 37.0
14 43.16185476190475 37.0
14 42.610754761904765 35.0
14 42.89752857142857 35.0
14 43.37250952380952 35.0
14 43.83998571428571 35.0
14 43.25416428571429 34.0
14 42.291202380952384 33.0
15 41.5907880952381 36.0
15 41.975142857142856 37.0
15 42.27715476190476 38.0
15 42.547228571428576 38.0
15 42.340069047619046 36.0
15 42.76398095238094 37.0
15 43.08676666666666 37.0
15 42.610754761904765 35.0
15 42.89752857142857 35.0
15 43.37250952380952 35.0
15 43.83998571428571 35.0
15 43.25416428571429 34.0
15 42.291202380952384 33.0
16 41.5907880952381 36.0
16 41.975142857142856 37.0
16 42.27715476190476 38.0
16 42.547228571428576 38.0
16 42.340069047619046 36.0
16 42.76398095238094 37.0
16 43.073076190476186 37.0
16 42.610754761904765 35.0
16 42.89752857142857 35.0
16 43.37250952380952 35.0
16 43.83998571428571 35.0
16 43.25416428571429 34.0
16 42.291202380952384 33.0
17 41.5907880952381 36.0
17 41.975142857142856 37.0
17 42.27715476190476 38.0
17 42.300109523809525 37.0
17 42.340069047619046 36.0
17 42.76398095238094 37.0
17 43.073076190476186 37.0
17 42.610754761904765 35.0
17 42.89752857142857 35.0
17 43.37250952380952 35.0
17 42.75263095238096 34.0
17 43.25416428571429 34.0
17 42.291202380952384 33.0
18 41.5907880952381 36.0
18 41.975142857142856 37.0
18 42.27715476190476 38.0
18 42.300109523809525 37.0
18 42.340069047619046 36.0
18 42.76398095238094 37.0
18 43.073076190476186 37.0
18 42.043230952380945 34.0
18 42.89752857142857 35.0
18 42.51345952380952 34.0
18 42.75263095238096 34.0
18 43.25416428571429 34.0
18 42.291202380952384 33.0
19 41.5907880952381 36.0
19 41.975142857142856 37.0
19 42.27715476190476 38.0
19 42.300109523809525 37.0
19 42.340069047619046 36.0
19 42.76398095238094 37.0
19 43.073076190476186 37.0
19 42.043230952380945 34.0
19 42.89752857142857 35.0
19 42.51345952380952 34.0
19 42.75263095238096 34.0
19 43.25416428571429 34.0
19 42.291202380952384 33.0
20 41.5907880952381 36.0
20 41.975142857142856 37.0
20 42.27715476190476 38.0
20 42.300109523809525 37.0
20 42.340069047619046 36.0
20 42.48335714285713 36.0
20 43.073076190476186 37.0
20 42.043230952380945 34.0
20 42.89752857142857 35.0
20 42.51345952380952 34.0
20 42.75263095238096 34.0
20 43.25416428571429 34.0
20 42.291202380952384 33.0
21 41.5907880952381 36.0
21 41.975142857142856 37.0
21 42.36391666666666 38.0
21 42.300109523809525 37.0
21 42.340069047619046 36.0
21 42.48335714285713 36.0
21 42.043230952380945 34.0
21 44.710290476190465 39.0
21 42.89752857142857 35.0
21 42.51345952380952 34.0
21 43.07129047619047 34.0
21 42.291202380952384 33.0
22 41.5907880952381 36.0
22 41.82944523809523 36.0
22 41.975142857142856 37.0
22 42.36391666666666 38.0
22 42.300109523809525 37.0
22 42.340069047619046 36.0
22 42.48335714285713 36.0
22 42.043230952380945 34.0
22 44.634514285714275 38.0
22 42.89752857142857 35.0
22 42.51345952380952 34.0
22 42.974535714285715 34.0
22 42.291202380952384 33.0
23 41.5907880952381 36.0
23 41.82944523809523 36.0
23 41.975142857142856 37.0
23 42.36391666666666 38.0
23 42.23105476190476 36.0
23 42.340069047619046 36.0
23 42.512921428571424 36.0
23 42.043230952380945 34.0
23 43.87119761904761 37.0
23 42.89752857142857 35.0
23 42.51345952380952 34.0
23 42.974535714285715 34.0
23 42.291202380952384 33.0
24 41.5907880952381 36.0
24 41.70001666666666 37.0
24 41.82944523809523 36.0
24 41.975142857142856 37.0
24 42.36391666666666 38.0
24 42.23105476190476 36.0
24 42.340069047619046 36.0
24 42.512921428571424 36.0
24 42.043230952380945 34.0
24 43.48312142857142 36.0
24 42.89752857142857 35.0
24 42.51345952380952 34.0
24 42.974535714285715 34.0
24 42.291202380952384 33.0
25 41.5907880952381 36.0
25 41.70001666666666 37.0
25 41.82944523809523 36.0
25 41.975142857142856 37.0
25 42.36391666666666 38.0
25 42.23105476190476 36.0
25 42.340069047619046 36.0
25 42.512921428571424 36.0
25 42.043230952380945 34.0
25 43.48312142857142 36.0
25 42.89752857142857 35.0
25 42.51345952380952 34.0
25 42.974535714285715 34.0
25 42.291202380952384 33.0
26 41.43219285714285 36.0
26 41.5907880952381 36.0
26 41.70001666666666 37.0
26 41.82944523809523 36.0
26 42.36391666666666 38.0
26 42.23105476190476 36.0
26 42.340069047619046 36.0
26 43.06554523809524 37.0
26 42.043230952380945 34.0
26 42.89752857142857 35.0
26 42.51345952380952 34.0
26 42.974535714285715 34.0
26 42.291202380952384 33.0
27 41.43219285714285 36.0
27 41.5907880952381 36.0
27 41.70001666666666 37.0
27 41.82944523809523 36.0
27 42.36391666666666 38.0
27 42.2254 36.0
27 42.340069047619046 36.0
27 43.09661666666667 37.0
27 42.043230952380945 34.0
27 42.89752857142857 35.0
27 42.51345952380952 34.0
27 42.974535714285715 34.0
27 44.06490238095238 34.0
27 42.18767857142857 33.0
28 41.43219285714285 36.0
28 41.5907880952381 36.0
28 41.70001666666666 37.0
28 41.82944523809523 36.0
28 42.36391666666666 38.0
28 42.00640238095239 35.0
28 42.340069047619046 36.0
28 43.09661666666667 37.0
28 42.043230952380945 34.0
28 42.89752857142857 35.0
28 42.51345952380952 34.0
28 42.885485714285714 34.0
28 44.06490238095238 34.0
28 42.18767857142857 33.0
29 41.43219285714285 36.0
29 41.5907880952381 36.0
29 41.70001666666666 37.0
29 41.82944523809523 36.0
29 42.204633333333334 37.0
29 42.00640238095239 35.0
29 42.340069047619046 36.0
29 43.12970238095239 37.0
29 42.043230952380945 34.0
29 42.89752857142857 35.0
29 42.51345952380952 34.0
29 42.885485714285714 34.0
29 44.06490238095238 34.0
29 41.854752380952384 33.0
30 41.43219285714285 36.0
30 41.5907880952381 36.0
30 41.70001666666666 37.0
30 41.82944523809523 36.0
30 42.00640238095239 35.0
30 41.854752380952384 33.0
30 43.21780952380953 38.0
30 42.51345952380952 34.0
30 42.885485714285714 34.0
30 43.88858333333333 35.0
30 44.06490238095238 34.0
30 42.792411904761906 30.0
31 41.43219285714285 36.0
31 41.5907880952381 36.0
31 41.70001666666666 37.0
31 41.82944523809523 36.0
31 42.00640238095239 35.0
31 41.854752380952384 33.0
31 42.98883095238095 38.0
31 42.51345952380952 34.0
31 42.885485714285714 34.0
31 43.24805476190475 34.0
31 43.88858333333333 35.0
31 44.06490238095238 34.0
31 42.32850476190477 31.0
31 42.792411904761906 30.0
32 41.43219285714285 36.0
32 41.5907880952381 36.0
32 41.70001666666666 37.0
32 41.82944523809523 36.0
32 42.00640238095239 35.0
32 41.854752380952384 33.0
32 42.59359047619048 36.0
32 42.51345952380952 34.0
32 42.885485714285714 34.0
32 43.24805476190475 34.0
32 43.88858333333333 35.0
32 44.06490238095238 34.0
32 42.32850476190477 31.0
32 42.792411904761906 30.0
33 41.43219285714285 36.0
33 41.5907880952381 36.0
33 41.76285 37.0
33 41.82944523809523 36.0
33 42.00640238095239 35.0
33 41.854752380952384 33.0
33 42.60117857142857 36.0
33 42.51345952380952 34.0
33 42.885485714285714 34.0
33 43.232216666666666 34.0
33 43.88858333333333 35.0
33 44.06490238095238 34.0
33 42.32850476190477 31.0
33 42.792411904761906 30.0
34 41.43219285714285 36.0
34 41.5907880952381 36.0
34 41.76285 37.0
34 41.82944523809523 36.0
34 42.00640238095239 35.0
34 41.854752380952384 33.0
34 42.60117857142857 36.0
34 42.51345952380952 34.0
34 42.885485714285714 34.0
34 43.08595476190476 34.0
34 43.88858333333333 35.0
34 44.06490238095238 34.0
34 42.32850476190477 31.0
34 42.792411904761906 30.0
35 41.43219285714285 36.0
35 41.5907880952381 36.0
35 41.76285 37.0
35 41.82944523809523 36.0
35 42.00640238095239 35.0
35 41.854752380952384 33.0
35 42.60117857142857 36.0
35 42.51345952380952 34.0
35 42.885485714285714 34.0
35 43.08595476190476 34.0
35 43.88858333333333 35.0
35 44.06490238095238 34.0
35 42.32850476190477 31.0
35 42.792411904761906 30.0
36 41.43219285714285 36.0
36 41.5907880952381 36.0
36 41.76285 37.0
36 41.82944523809523 36.0
36 42.00640238095239 35.0
36 41.854752380952384 33.0
36 42.60117857142857 36.0
36 42.51345952380952 34.0
36 42.885485714285714 34.0
36 43.08595476190476 34.0
36 43.88858333333333 35.0
36 44.06490238095238 34.0
36 42.32850476190477 31.0
36 42.792411904761906 30.0
37 41.43219285714285 36.0
37 41.5907880952381 36.0
37 41.76285 37.0
37 41.82944523809523 36.0
37 42.00640238095239 35.0
37 41.854752380952384 33.0
37 42.60117857142857 36.0
37 42.51345952380952 34.0
37 42.885485714285714 34.0
37 43.08595476190476 34.0
37 43.88858333333333 35.0
37 44.06490238095238 34.0
37 42.32850476190477 31.0
37 42.792411904761906 30.0
38 41.43219285714285 36.0
38 41.5907880952381 36.0
38 41.76285 37.0
38 41.82944523809523 36.0
38 42.00640238095239 35.0
38 41.854752380952384 33.0
38 42.60117857142857 36.0
38 42.51345952380952 34.0
38 42.85171666666666 34.0
38 43.08595476190476 34.0
38 43.88858333333333 35.0
38 44.06490238095238 34.0
38 42.32850476190477 31.0
38 42.792411904761906 30.0
39 41.43219285714285 36.0
39 41.5907880952381 36.0
39 41.76285 37.0
39 41.82944523809523 36.0
39 42.00640238095239 35.0
39 41.854752380952384 33.0
39 42.60117857142857 36.0
39 42.51345952380952 34.0
39 42.85171666666666 34.0
39 43.08595476190476 34.0
39 43.88858333333333 35.0
39 44.06490238095238 34.0
39 42.32850476190477 31.0
39 42.792411904761906 30.0
40 41.43219285714285 36.0
40 41.5907880952381 36.0
40 41.76285 37.0
40 41.82944523809523 36.0
40 42.00640238095239 35.0
40 41.854752380952384 33.0
40 42.60117857142857 36.0
40 42.51345952380952 34.0
40 42.85171666666666 34.0
40 43.08595476190476 34.0
40 43.88858333333333 35.0
40 44.06490238095238 34.0
40 42.32850476190477 31.0
40 46.261088095238094 34.0
40 42.792411904761906 30.0
41 41.43219285714285 36.0
41 41.5907880952381 36.0
41 42.00640238095239 35.0
41 41.854752380952384 33.0
41 42.51345952380952 34.0
41 42.85171666666666 34.0
41 43.08595476190476 34.0
41 43.88858333333333 35.0
41 44.06490238095238 34.0
41 42.32850476190477 31.0
41 46.261088095238094 34.0
41 42.792411904761906 30.0
42 41.43219285714285 36.0
42 41.5907880952381 36.0
42 42.00640238095239 35.0
42 41.854752380952384 33.0
42 42.51345952380952 34.0
42 42.85171666666666 34.0
42 43.08595476190476 34.0
42 43.88858333333333 35.0
42 44.06490238095238 34.0
42 42.32850476190477 31.0
42 46.261088095238094 34.0
42 42.792411904761906 30.0
43 41.43219285714285 36.0
43 41.5907880952381 36.0
43 41.94428095238095 35.0
43 41.854752380952384 33.0
43 42.51345952380952 34.0
43 42.85171666666666 34.0
43 43.08595476190476 34.0
43 43.88858333333333 35.0
43 44.06490238095238 34.0
43 42.32850476190477 31.0
43 46.261088095238094 34.0
43 42.792411904761906 30.0
44 41.43219285714285 36.0
44 41.5907880952381 36.0
44 41.94428095238095 35.0
44 41.854752380952384 33.0
44 42.51345952380952 34.0
44 42.85171666666666 34.0
44 43.08595476190476 34.0
44 43.88858333333333 35.0
44 44.06490238095238 34.0
44 42.32850476190477 31.0
44 46.261088095238094 34.0
44 42.792411904761906 30.0
45 41.43219285714285 36.0
45 41.5907880952381 36.0
45 41.94428095238095 35.0
45 41.854752380952384 33.0
45 42.51345952380952 34.0
45 42.85171666666666 34.0
45 43.08595476190476 34.0
45 43.88858333333333 35.0
45 44.06490238095238 34.0
45 42.32850476190477 31.0
45 46.261088095238094 34.0
45 42.792411904761906 30.0
46 41.43219285714285 36.0
46 41.5907880952381 36.0
46 41.94428095238095 35.0
46 41.854752380952384 33.0
46 42.51345952380952 34.0
46 42.85171666666666 34.0
46 43.08595476190476 34.0
46 43.88858333333333 35.0
46 44.06490238095238 34.0
46 42.32850476190477 31.0
46 46.261088095238094 34.0
46 42.792411904761906 30.0
47 41.43219285714285 36.0
47 41.5907880952381 36.0
47 41.94428095238095 35.0
47 41.854752380952384 33.0
47 42.51345952380952 34.0
47 42.85171666666666 34.0
47 43.08595476190476 34.0
47 43.88858333333333 35.0
47 44.06490238095238 34.0
47 42.32850476190477 31.0
47 46.261088095238094 34.0
47 42.792411904761906 30.0
48 41.43219285714285 36.0
48 41.5907880952381 36.0
48 41.94428095238095 35.0
48 41.854752380952384 33.0
48 42.51345952380952 34.0
48 42.85171666666666 34.0
48 43.08595476190476 34.0
48 43.88858333333333 35.0
48 44.06490238095238 34.0
48 42.32850476190477 31.0
48 46.261088095238094 34.0
48 42.792411904761906 30.0
49 41.43219285714285 36.0
49 41.5907880952381 36.0
49 41.94428095238095 35.0
49 41.854752380952384 33.0
49 42.51345952380952 34.0
49 42.85171666666666 34.0
49 43.08595476190476 34.0
49 43.88858333333333 35.0
49 44.06490238095238 34.0
49 42.32850476190477 31.0
49 46.261088095238094 34.0
49 42.792411904761906 30.0
50 41.43219285714285 36.0
50 41.5907880952381 36.0
50 41.94428095238095 35.0
50 41.854752380952384 33.0
50 42.51345952380952 34.0
50 42.85171666666666 34.0
50 43.08595476190476 34.0
50 43.88858333333333 35.0
50 44.06490238095238 34.0
50 42.32850476190477 31.0
50 46.261088095238094 34.0
50 42.792411904761906 30.0
51 41.43219285714285 36.0
51 41.854752380952384 33.0
51 43.45644761904763 41.0
51 42.51345952380952 34.0
51 42.85171666666666 34.0
51 43.88858333333333 35.0
51 44.06490238095238 34.0
51 42.32850476190477 31.0
51 46.261088095238094 34.0
51 42.792411904761906 30.0
52 41.43219285714285 36.0
52 41.854752380952384 33.0
52 43.45644761904763 41.0
52 42.51345952380952 34.0
52 42.85171666666666 34.0
52 43.88858333333333 35.0
52 44.06490238095238 34.0
52 42.32850476190477 31.0
52 46.261088095238094 34.0
52 42.792411904761906 30.0
53 41.43219285714285 36.0
53 41.854752380952384 33.0
53 43.29687380952382 39.0
53 42.51345952380952 34.0
53 42.85171666666666 34.0
53 43.148871428571425 34.0
53 44.06490238095238 34.0
53 42.32850476190477 31.0
53 46.261088095238094 34.0
53 42.792411904761906 30.0
54 41.43219285714285 36.0
54 41.854752380952384 33.0
54 42.56402142857143 36.0
54 42.51345952380952 34.0
54 42.85171666666666 34.0
54 43.148871428571425 34.0
54 44.06490238095238 34.0
54 42.32850476190477 31.0
54 46.261088095238094 34.0
54 42.792411904761906 30.0
55 41.43219285714285 36.0
55 41.854752380952384 33.0
55 42.56402142857143 36.0
55 42.51345952380952 34.0
55 42.85171666666666 34.0
55 43.148871428571425 34.0
55 44.06490238095238 34.0
55 42.32850476190477 31.0
55 46.261088095238094 34.0
55 42.792411904761906 30.0
56 41.43219285714285 36.0
56 41.854752380952384 33.0
56 42.56402142857143 36.0
56 42.51345952380952 34.0
56 42.85171666666666 34.0
56 43.148871428571425 34.0
56 44.06490238095238 34.0
56 42.32850476190477 31.0
56 46.261088095238094 34.0
56 42.792411904761906 30.0
57 41.43219285714285 36.0
57 41.854752380952384 33.0
57 42.56402142857143 36.0
57 42.51345952380952 34.0
57 42.85171666666666 34.0
57 43.148871428571425 34.0
57 44.06490238095238 34.0
57 42.32850476190477 31.0
57 46.261088095238094 34.0
57 42.792411904761906 30.0
58 41.43219285714285 36.0
58 41.854752380952384 33.0
58 42.56402142857143 36.0
58 42.51345952380952 34.0
58 42.85171666666666 34.0
58 43.148871428571425 34.0
58 44.06490238095238 34.0
58 42.32850476190477 31.0
58 46.261088095238094 34.0
58 42.792411904761906 30.0
59 41.43219285714285 36.0
59 41.854752380952384 33.0
59 42.56402142857143 36.0
59 42.51345952380952 34.0
59 42.85171666666666 34.0
59 43.148871428571425 34.0
59 44.06490238095238 34.0
59 42.32850476190477 31.0
59 46.261088095238094 34.0
59 42.792411904761906 30.0
60 41.43219285714285 36.0
60 41.854752380952384 33.0
60 42.56402142857143 36.0
60 42.51345952380952 34.0
60 42.85171666666666 34.0
60 43.148871428571425 34.0
60 44.06490238095238 34.0
60 42.32850476190477 31.0
60 46.261088095238094 34.0
60 42.792411904761906 30.0
61 41.43219285714285 36.0
61 41.854752380952384 33.0
61 42.56402142857143 36.0
61 42.51345952380952 34.0
61 42.85171666666666 34.0
61 43.148871428571425 34.0
61 44.06490238095238 34.0
61 42.32850476190477 31.0
61 46.261088095238094 34.0
61 42.792411904761906 30.0
62 41.43219285714285 36.0
62 41.854752380952384 33.0
62 42.56402142857143 36.0
62 42.51345952380952 34.0
62 42.85171666666666 34.0
62 43.148871428571425 34.0
62 44.06490238095238 34.0
62 42.32850476190477 31.0
62 43.90529761904762 32.0
62 42.792411904761906 30.0
63 41.43219285714285 36.0
63 41.854752380952384 33.0
63 42.56402142857143 36.0
63 42.51345952380952 34.0
63 42.85171666666666 34.0
63 43.148871428571425 34.0
63 43.33602857142858 33.0
63 42.32850476190477 31.0
63 43.90529761904762 32.0
63 42.792411904761906 30.0
64 41.43219285714285 36.0
64 41.854752380952384 33.0
64 42.56402142857143 36.0
64 42.51345952380952 34.0
64 42.85171666666666 34.0
64 43.148871428571425 34.0
64 43.33602857142858 33.0
64 42.32850476190477 31.0
64 43.90529761904762 32.0
64 42.792411904761906 30.0
65 41.43219285714285 36.0
65 41.854752380952384 33.0
65 42.56402142857143 36.0
65 42.51345952380952 34.0
65 42.85171666666666 34.0
65 43.148871428571425 34.0
65 43.33602857142858 33.0
65 42.32850476190477 31.0
65 43.90529761904762 32.0
65 42.792411904761906 30.0
66 41.43219285714285 36.0
66 41.854752380952384 33.0
66 42.56402142857143 36.0
66 42.51345952380952 34.0
66 42.85171666666666 34.0
66 43.148871428571425 34.0
66 43.33602857142858 33.0
66 42.32850476190477 31.0
66 43.90529761904762 32.0
66 42.792411904761906 30.0
67 41.43219285714285 36.0
67 41.854752380952384 33.0
67 42.56402142857143 36.0
67 42.51345952380952 34.0
67 42.85171666666666 34.0
67 43.148871428571425 34.0
67 43.33602857142858 33.0
67 42.32850476190477 31.0
67 43.90529761904762 32.0
67 42.792411904761906 30.0
68 41.43219285714285 36.0
68 41.854752380952384 33.0
68 42.56402142857143 36.0
68 42.51345952380952 34.0
68 42.85171666666666 34.0
68 43.148871428571425 34.0
68 43.33602857142858 33.0
68 42.32850476190477 31.0
68 43.90529761904762 32.0
68 42.792411904761906 30.0
69 41.43219285714285 36.0
69 41.854752380952384 33.0
69 42.56402142857143 36.0
69 42.51345952380952 34.0
69 42.85171666666666 34.0
69 43.39475238095238 34.0
69 43.33602857142858 33.0
69 42.32850476190477 31.0
69 43.90529761904762 32.0
69 42.792411904761906 30.0
70 41.43219285714285 36.0
70 41.854752380952384 33.0
70 42.56402142857143 36.0
70 42.51345952380952 34.0
70 42.85171666666666 34.0
70 43.39475238095238 34.0
70 43.33602857142858 33.0
70 42.32850476190477 31.0
70 43.90529761904762 32.0
70 42.792411904761906 30.0
71 41.43219285714285 36.0
71 41.854752380952384 33.0
71 42.56402142857143 36.0
71 42.51345952380952 34.0
71 42.85171666666666 34.0
71 44.875080952380955 38.0
71 43.39475238095238 34.0
71 43.33602857142858 33.0
71 42.32850476190477 31.0
71 43.90529761904762 32.0
71 42.792411904761906 30.0
72 41.43219285714285 36.0
72 41.854752380952384 33.0
72 42.56402142857143 36.0
72 42.51345952380952 34.0
72 42.85171666666666 34.0
72 44.284016666666666 37.0
72 43.39475238095238 34.0
72 43.33602857142858 33.0
72 42.32850476190477 31.0
72 43.90529761904762 32.0
72 42.792411904761906 30.0
73 41.43219285714285 36.0
73 41.854752380952384 33.0
73 42.56402142857143 36.0
73 42.51345952380952 34.0
73 42.85171666666666 34.0
73 44.284016666666666 37.0
73 43.39475238095238 34.0
73 43.33602857142858 33.0
73 42.32850476190477 31.0
73 43.90529761904762 32.0
73 42.792411904761906 30.0
74 41.43219285714285 36.0
74 41.854752380952384 33.0
74 42.56402142857143 36.0
74 42.51345952380952 34.0
74 42.85171666666666 34.0
74 44.284016666666666 37.0
74 43.39475238095238 34.0
74 43.33602857142858 33.0
74 42.32850476190477 31.0
74 43.90529761904762 32.0
74 42.792411904761906 30.0
75 41.43219285714285 36.0
75 41.854752380952384 33.0
75 42.56402142857143 36.0
75 42.51345952380952 34.0
75 42.85171666666666 34.0
75 44.284016666666666 37.0
75 43.39475238095238 34.0
75 43.33602857142858 33.0
75 42.32850476190477 31.0
75 43.90529761904762 32.0
75 42.792411904761906 30.0
76 41.43219285714285 36.0
76 41.854752380952384 33.0
76 42.56402142857143 36.0
76 42.51345952380952 34.0
76 42.85171666666666 34.0
76 43.78993571428572 36.0
76 43.39475238095238 34.0
76 43.33602857142858 33.0
76 42.32850476190477 31.0
76 43.90529761904762 32.0
76 42.792411904761906 30.0
77 41.43219285714285 36.0
77 41.854752380952384 33.0
77 42.56402142857143 36.0
77 42.51345952380952 34.0
77 42.85171666666666 34.0
77 43.78993571428572 36.0
77 43.39475238095238 34.0
77 43.33602857142858 33.0
77 42.32850476190477 31.0
77 43.90529761904762 32.0
77 42.792411904761906 30.0
78 41.43219285714285 36.0
78 41.854752380952384 33.0
78 42.56402142857143 36.0
78 42.51345952380952 34.0
78 42.85171666666666 34.0
78 43.0672119047619 34.0
78 43.39475238095238 34.0
78 43.33602857142858 33.0
78 42.32850476190477 31.0
78 43.90529761904762 32.0
78 42.792411904761906 30.0
79 41.43219285714285 36.0
79 42.54779285714285 40.0
79 41.854752380952384 33.0
79 42.56402142857143 36.0
79 42.51345952380952 34.0
79 42.85171666666666 34.0
79 43.0672119047619 34.0
79 43.39475238095238 34.0
79 43.33602857142858 33.0
79 42.32850476190477 31.0
79 43.90529761904762 32.0
79 42.792411904761906 30.0
80 41.43219285714285 36.0
80 42.54779285714285 40.0
80 41.854752380952384 33.0
80 42.56402142857143 36.0
80 42.51345952380952 34.0
80 42.85171666666666 34.0
80 43.0672119047619 34.0
80 43.39475238095238 34.0
80 43.33602857142858 33.0
80 42.32850476190477 31.0
80 43.90529761904762 32.0
80 42.792411904761906 30.0
81 41.43219285714285 36.0
81 42.54779285714285 40.0
81 41.854752380952384 33.0
81 42.56402142857143 36.0
81 42.51345952380952 34.0
81 42.85171666666666 34.0
81 43.0672119047619 34.0
81 43.33602857142858 33.0
81 46.5951 38.0
81 42.32850476190477 31.0
81 42.792411904761906 30.0
82 41.43219285714285 36.0
82 42.54779285714285 40.0
82 41.854752380952384 33.0
82 42.56402142857143 36.0
82 42.51345952380952 34.0
82 42.85171666666666 34.0
82 43.0672119047619 34.0
82 43.33602857142858 33.0
82 46.5951 38.0
82 42.32850476190477 31.0
82 42.792411904761906 30.0
83 41.43219285714285 36.0
83 42.54779285714285 40.0
83 41.854752380952384 33.0
83 42.56402142857143 36.0
83 42.51345952380952 34.0
83 42.85171666666666 34.0
83 43.0672119047619 34.0
83 43.33602857142858 33.0
83 46.5951 38.0
83 42.32850476190477 31.0
83 42.792411904761906 30.0
84 41.43219285714285 36.0
84 42.54779285714285 40.0
84 41.854752380952384 33.0
84 42.56402142857143 36.0
84 42.51345952380952 34.0
84 42.85171666666666 34.0
84 43.0672119047619 34.0
84 43.33602857142858 33.0
84 46.5951 38.0
84 42.32850476190477 31.0
84 42.792411904761906 30.0
85 41.43219285714285 36.0
85 42.54779285714285 40.0
85 41.854752380952384 33.0
85 42.56402142857143 36.0
85 42.51345952380952 34.0
85 42.85171666666666 34.0
85 43.0672119047619 34.0
85 43.33602857142858 33.0
85 46.5951 38.0
85 42.32850476190477 31.0
85 42.792411904761906 30.0
86 41.43219285714285 36.0
86 42.54779285714285 40.0
86 41.854752380952384 33.0
86 42.56402142857143 36.0
86 42.51345952380952 34.0
86 42.85171666666666 34.0
86 43.0672119047619 34.0
86 43.33602857142858 33.0
86 46.5951 38.0
86 42.32850476190477 31.0
86 42.792411904761906 30.0
87 41.43219285714285 36.0
87 42.379842857142854 38.0
87 41.854752380952384 33.0
87 42.56402142857143 36.0
87 42.51345952380952 34.0
87 42.85171666666666 34.0
87 43.0672119047619 34.0
87 43.33602857142858 33.0
87 46.5951 38.0
87 42.32850476190477 31.0
87 42.792411904761906 30.0
88 41.43219285714285 36.0
88 42.379842857142854 38.0
88 41.854752380952384 33.0
88 42.56402142857143 36.0
88 42.51345952380952 34.0
88 42.85171666666666 34.0
88 43.0672119047619 34.0
88 43.33602857142858 33.0
88 46.5951 38.0
88 42.32850476190477 31.0
88 42.792411904761906 30.0
89 41.43219285714285 36.0
89 42.379842857142854 38.0
89 41.854752380952384 33.0
89 42.56402142857143 36.0
89 42.51345952380952 34.0
89 42.85171666666666 34.0
89 43.0672119047619 34.0
89 43.33602857142858 33.0
89 46.5951 38.0
89 42.32850476190477 31.0
89 42.792411904761906 30.0
90 41.43219285714285 36.0
90 42.379842857142854 38.0
90 41.854752380952384 33.0
90 42.56402142857143 36.0
90 42.51345952380952 34.0
90 42.85171666666666 34.0
90 43.0672119047619 34.0
90 43.33602857142858 33.0
90 44.71462380952381 35.0
90 42.32850476190477 31.0
90 42.792411904761906 30.0
91 41.43219285714285 36.0
91 41.854752380952384 33.0
91 42.56402142857143 36.0
91 42.51345952380952 34.0
91 42.85171666666666 34.0
91 43.0672119047619 34.0
91 43.33602857142858 33.0
91 42.32850476190477 31.0
91 42.792411904761906 30.0
92 41.43219285714285 36.0
92 41.854752380952384 33.0
92 42.56402142857143 36.0
92 42.51345952380952 34.0
92 42.85171666666666 34.0
92 43.0672119047619 34.0
92 43.643878571428566 34.0
92 43.33602857142858 33.0
92 42.32850476190477 31.0
92 42.792411904761906 30.0
93 41.43219285714285 36.0
93 41.854752380952384 33.0
93 42.56402142857143 36.0
93 42.51345952380952 34.0
93 42.85171666666666 34.0
93 43.0672119047619 34.0
93 43.643878571428566 34.0
93 43.33602857142858 33.0
93 42.32850476190477 31.0
93 42.792411904761906 30.0
94 41.43219285714285 36.0
94 41.854752380952384 33.0
94 42.56402142857143 36.0
94 42.51345952380952 34.0
94 42.85171666666666 34.0
94 43.0672119047619 34.0
94 43.643878571428566 34.0
94 43.33602857142858 33.0
94 42.32850476190477 31.0
94 42.792411904761906 30.0
95 41.43219285714285 36.0
95 41.854752380952384 33.0
95 42.56402142857143 36.0
95 42.51345952380952 34.0
95 42.85171666666666 34.0
95 43.0672119047619 34.0
95 43.643878571428566 34.0
95 43.33602857142858 33.0
95 42.32850476190477 31.0
95 42.792411904761906 30.0
96 41.43219285714285 36.0
96 41.854752380952384 33.0
96 42.56402142857143 36.0
96 42.51345952380952 34.0
96 42.85171666666666 34.0
96 43.0672119047619 34.0
96 43.643878571428566 34.0
96 43.33602857142858 33.0
96 42.32850476190477 31.0
96 42.792411904761906 30.0
97 41.43219285714285 36.0
97 41.854752380952384 33.0
97 42.56402142857143 36.0
97 42.51345952380952 34.0
97 42.85171666666666 34.0
97 43.0672119047619 34.0
97 43.643878571428566 34.0
97 43.33602857142858 33.0
97 42.32850476190477 31.0
97 42.792411904761906 30.0
98 41.43219285714285 36.0
98 41.854752380952384 33.0
98 42.56402142857143 36.0
98 42.51345952380952 34.0
98 42.85171666666666 34.0
98 43.0672119047619 34.0
98 43.643878571428566 34.0
98 43.33602857142858 33.0
98 42.32850476190477 31.0
98 42.792411904761906 30.0
99 41.43219285714285 36.0
99 41.854752380952384 33.0
99 42.56402142857143 36.0
99 42.51345952380952 34.0
99 42.85171666666666 34.0
99 43.0672119047619 34.0
99 43.643878571428566 34.0
99 43.33602857142858 33.0
99 42.32850476190477 31.0
99 42.792411904761906 30.0
100 41.43219285714285 36.0
100 41.854752380952384 33.0
100 42.56402142857143 36.0
100 42.51345952380952 34.0
100 42.85171666666666 34.0
100 43.0672119047619 34.0
100 43.643878571428566 34.0
100 43.33602857142858 33.0
100 42.32850476190477 31.0
100 42.792411904761906 30.0
