1 44.60500238095237 42.0
1 43.69940476190476 42.0
1 45.328849999999996 40.0
1 44.33089761904762 37.0
1 44.98612142857143 38.0
1 43.564488095238104 40.0
1 44.69919761904762 41.0
1 45.38398333333335 41.0
1 44.379614285714275 38.0
1 46.24269999999999 39.0
1 43.643011904761906 36.0
1 43.351150000000004 40.0
1 43.61594523809523 37.0
1 44.832795238095244 41.0
1 43.9446 41.0
1 46.52627857142856 43.0
1 45.350590476190476 39.0
2 43.351150000000004 40.0
2 43.42706666666667 38.0
2 43.66458095238096 38.0
2 43.61594523809523 37.0
2 44.53206428571428 40.0
2 44.379614285714275 38.0
2 45.350590476190476 39.0
2 44.98612142857143 38.0
2 44.33089761904762 37.0
2 43.643011904761906 36.0
3 43.42706666666667 38.0
3 43.440261904761904 37.0
3 43.61594523809523 37.0
3 43.86955238095237 37.0
3 43.643011904761906 36.0
3 44.33089761904762 37.0
3 44.98612142857143 38.0
3 44.436197619047626 35.0
4 42.83440238095239 42.0
4 43.5197380952381 39.0
4 43.42706666666667 38.0
4 43.440261904761904 37.0
4 43.86955238095237 37.0
4 43.96626904761905 37.0
4 43.643011904761906 36.0
4 45.11055238095238 37.0
4 44.436197619047626 35.0
5 42.83440238095239 42.0
5 43.09893809523809 41.0
5 43.42706666666667 38.0
5 43.440261904761904 37.0
5 43.56391428571429 36.0
5 43.643011904761906 36.0
5 44.50097380952381 37.0
5 45.11055238095238 37.0
5 44.436197619047626 35.0
5 44.45941904761905 34.0
6 42.6794619047619 38.0
6 43.09893809523809 41.0
6 43.691554761904754 40.0
6 43.440261904761904 37.0
6 44.169466666666665 39.0
6 43.56391428571429 36.0
6 44.26070000000001 37.0
6 45.11055238095238 37.0
6 44.436197619047626 35.0
6 44.45941904761905 34.0
7 42.6794619047619 38.0
7 43.01905238095239 37.0
7 43.26134285714286 38.0
7 43.16211428571428 35.0
7 43.56391428571429 36.0
7 44.26070000000001 37.0
7 45.11055238095238 37.0
7 44.436197619047626 35.0
7 44.45941904761905 34.0
7 45.09919047619048 33.0
8 42.6794619047619 38.0
8 42.964033333333326 36.0
8 43.26134285714286 38.0
8 43.16211428571428 35.0
8 43.56391428571429 36.0
8 44.26070000000001 37.0
8 44.67453333333332 36.0
8 44.436197619047626 35.0
8 44.43985238095239 34.0
8 45.09919047619048 33.0
9 42.6794619047619 38.0
9 42.964033333333326 36.0
9 43.059588095238084 36.0
9 43.16211428571428 35.0
9 43.56391428571429 36.0
9 44.13792857142858 36.0
9 44.67453333333332 36.0
9 44.436197619047626 35.0
9 44.43985238095239 34.0
9 45.09919047619048 33.0
10 42.6794619047619 38.0
10 42.964033333333326 36.0
10 43.059588095238084 36.0
10 43.16211428571428 35.0
10 43.56391428571429 36.0
10 43.660764285714286 35.0
10 44.67453333333332 36.0
10 44.436197619047626 35.0
10 44.43985238095239 34.0
10 45.09919047619048 33.0
11 42.6794619047619 38.0
11 43.02032380952381 37.0
11 42.964033333333326 36.0
11 43.71164285714285 39.0
11 43.16211428571428 35.0
11 43.56391428571429 36.0
11 44.244328571428575 37.0
11 43.660764285714286 35.0
11 44.67453333333332 36.0
11 44.436197619047626 35.0
11 44.85457142857143 35.0
11 44.43985238095239 34.0
11 45.09919047619048 33.0
12 42.6794619047619 38.0
12 43.02032380952381 37.0
12 42.964033333333326 36.0
12 43.57413571428571 39.0
12 43.16211428571428 35.0
12 43.56391428571429 36.0
12 43.93296428571429 36.0
12 43.660764285714286 35.0
12 44.67453333333332 36.0
12 44.155426190476184 35.0
12 44.85457142857143 35.0
12 44.43985238095239 34.0
12 45.09919047619048 33.0
13 42.6794619047619 38.0
13 43.02032380952381 37.0
13 42.964033333333326 36.0
13 43.57413571428571 39.0
13 43.16211428571428 35.0
13 43.56391428571429 36.0
13 43.93296428571429 36.0
13 43.660764285714286 35.0
13 44.67453333333332 36.0
13 44.155426190476184 35.0
13 44.85457142857143 35.0
13 44.43985238095239 34.0
13 45.09919047619048 33.0
14 42.6794619047619 38.0
14 43.02032380952381 37.0
14 42.964033333333326 36.0
14 43.57413571428571 39.0
14 43.16211428571428 35.0
14 43.56391428571429 36.0
14 43.93296428571429 36.0
14 43.660764285714286 35.0
14 44.67453333333332 36.0
14 44.155426190476184 35.0
14 44.85457142857143 35.0
14 44.43985238095239 34.0
14 45.09919047619048 33.0
15 42.6794619047619 38.0
15 43.02032380952381 37.0
15 42.964033333333326 36.0
15 43.57413571428571 39.0
15 43.16211428571428 35.0
15 43.56391428571429 36.0
15 43.01280238095239 34.0
15 43.660764285714286 35.0
15 44.51164047619048 36.0
15 44.155426190476184 35.0
15 44.85457142857143 35.0
15 44.43985238095239 34.0
15 45.09919047619048 33.0
16 42.6794619047619 38.0
16 42.796776190476194 36.0
16 43.02032380952381 37.0
16 42.964033333333326 36.0
16 43.57413571428571 39.0
16 43.16211428571428 35.0
16 43.56391428571429 36.0
16 43.01280238095239 34.0
16 43.660764285714286 35.0
16 44.51164047619048 36.0
16 44.155426190476184 35.0
16 44.85457142857143 35.0
16 44.43985238095239 34.0
16 45.09919047619048 33.0
17 42.6794619047619 38.0
17 42.796776190476194 36.0
17 43.02032380952381 37.0
17 42.964033333333326 36.0
17 43.26915476190476 37.0
17 43.16211428571428 35.0
17 43.56391428571429 36.0
17 43.01280238095239 34.0
17 43.660764285714286 35.0
17 44.51164047619048 36.0
17 44.155426190476184 35.0
17 44.85457142857143 35.0
17 44.43985238095239 34.0
17 45.09919047619048 33.0
18 42.6794619047619 38.0
18 42.796776190476194 36.0
18 43.02032380952381 37.0
18 42.964033333333326 36.0
18 43.26915476190476 37.0
18 43.16211428571428 35.0
18 43.56391428571429 36.0
18 43.01280238095239 34.0
18 43.660764285714286 35.0
18 44.09872619047619 35.0
18 44.155426190476184 35.0
18 44.85457142857143 35.0
18 44.43985238095239 34.0
18 45.09919047619048 33.0
19 42.6794619047619 38.0
19 42.796776190476194 36.0
19 42.964033333333326 36.0
19 43.26915476190476 37.0
19 43.575330952380945 38.0
19 43.16211428571428 35.0
19 43.01280238095239 34.0
19 43.660764285714286 35.0
19 43.89169285714285 35.0
19 44.09872619047619 35.0
19 44.85457142857143 35.0
19 44.43985238095239 34.0
19 45.09919047619048 33.0
20 42.6794619047619 38.0
20 42.813514285714284 41.0
20 42.796776190476194 36.0
20 42.964033333333326 36.0
20 43.26915476190476 37.0
20 43.74734523809524 38.0
20 43.16211428571428 35.0
20 43.01280238095239 34.0
20 43.082292857142846 34.0
20 43.89169285714285 35.0
20 44.09872619047619 35.0
20 44.85457142857143 35.0
20 44.43985238095239 34.0
20 45.09919047619048 33.0
21 42.6794619047619 38.0
21 42.70895 35.0
21 42.796776190476194 36.0
21 42.964033333333326 36.0
21 43.26915476190476 37.0
21 43.16211428571428 35.0
21 43.26656428571428 35.0
21 43.01280238095239 34.0
21 43.082292857142846 34.0
21 43.89169285714285 35.0
21 44.85457142857143 35.0
21 44.43985238095239 34.0
21 45.09919047619048 33.0
22 42.6794619047619 38.0
22 42.70895 35.0
22 42.796776190476194 36.0
22 42.964033333333326 36.0
22 43.26915476190476 37.0
22 44.300109523809525 41.0
22 43.16211428571428 35.0
22 43.26656428571428 35.0
22 43.01280238095239 34.0
22 43.082292857142846 34.0
22 43.89169285714285 35.0
22 44.85457142857143 35.0
22 44.43985238095239 34.0
22 45.09919047619048 33.0
23 42.55880952380952 38.0
23 42.6794619047619 38.0
23 43.01410238095238 43.0
23 42.70895 35.0
23 43.27925238095238 41.0
23 42.964033333333326 36.0
23 43.26915476190476 37.0
23 44.07865238095238 40.0
23 43.16211428571428 35.0
23 43.01280238095239 34.0
23 43.082292857142846 34.0
23 43.89169285714285 35.0
23 44.85457142857143 35.0
23 44.43985238095239 34.0
23 45.09919047619048 33.0
24 42.510904761904754 34.0
24 42.6794619047619 38.0
24 42.70895 35.0
24 42.964033333333326 36.0
24 43.26915476190476 37.0
24 43.87209285714286 39.0
24 43.16211428571428 35.0
24 43.01280238095239 34.0
24 43.89169285714285 35.0
24 45.578016666666684 36.0
24 44.85457142857143 35.0
24 44.43985238095239 34.0
24 45.09919047619048 33.0
25 42.510904761904754 34.0
25 42.6794619047619 38.0
25 42.85301428571429 37.0
25 42.70895 35.0
25 42.964033333333326 36.0
25 43.26915476190476 37.0
25 43.4049119047619 37.0
25 43.16211428571428 35.0
25 44.65304285714284 38.0
25 43.01280238095239 34.0
25 43.89169285714285 35.0
25 45.578016666666684 36.0
25 44.85457142857143 35.0
25 44.43985238095239 34.0
25 45.09919047619048 33.0
26 42.338123809523815 34.0
26 42.6794619047619 38.0
26 43.37039047619048 42.0
26 42.85301428571429 37.0
26 42.510904761904754 34.0
26 43.26915476190476 37.0
26 43.660311904761905 37.0
26 43.16211428571428 35.0
26 44.65304285714284 38.0
26 43.01280238095239 34.0
26 45.578016666666684 36.0
26 43.549759523809534 34.0
26 44.43985238095239 34.0
26 45.09919047619048 33.0
27 42.338123809523815 34.0
27 42.6794619047619 38.0
27 43.18841428571429 41.0
27 42.879490476190476 37.0
27 42.510904761904754 34.0
27 43.26915476190476 37.0
27 43.54575238095239 37.0
27 43.16211428571428 35.0
27 44.65304285714284 38.0
27 43.01280238095239 34.0
27 45.578016666666684 36.0
27 43.549759523809534 34.0
27 44.43985238095239 34.0
27 45.09919047619048 33.0
28 42.29239761904761 34.0
28 42.338123809523815 34.0
28 42.6794619047619 38.0
28 43.18841428571429 41.0
28 42.879490476190476 37.0
28 43.12957142857144 38.0
28 42.510904761904754 34.0
28 42.60541904761905 34.0
28 43.16211428571428 35.0
28 43.79529047619049 36.0
28 43.01280238095239 34.0
28 45.578016666666684 36.0
28 43.549759523809534 34.0
28 44.43985238095239 34.0
28 45.09919047619048 33.0
29 42.053985714285716 39.0
29 42.382773809523805 39.0
29 42.6794619047619 38.0
29 42.879490476190476 37.0
29 42.29239761904761 34.0
29 42.338123809523815 34.0
29 43.33025238095238 36.0
29 42.510904761904754 34.0
29 43.01280238095239 34.0
29 43.28004285714285 34.0
29 44.43985238095239 34.0
29 42.75710238095238 33.0
30 42.053985714285716 39.0
30 42.213990476190475 37.0
30 42.39479523809524 38.0
30 42.6794619047619 38.0
30 42.879490476190476 37.0
30 42.29239761904761 34.0
30 42.338123809523815 34.0
30 42.77574285714286 35.0
30 42.510904761904754 34.0
30 42.70108571428572 34.0
30 43.01280238095239 34.0
30 43.28004285714285 34.0
30 44.43985238095239 34.0
30 42.75710238095238 33.0
31 42.053985714285716 39.0
31 42.213990476190475 37.0
31 42.39479523809524 38.0
31 42.6794619047619 38.0
31 42.84632142857142 37.0
31 42.29239761904761 34.0
31 42.338123809523815 34.0
31 42.77574285714286 35.0
31 42.510904761904754 34.0
31 42.70108571428572 34.0
31 43.01280238095239 34.0
31 43.28004285714285 34.0
31 44.43985238095239 34.0
31 42.75710238095238 33.0
32 42.053985714285716 39.0
32 42.213990476190475 37.0
32 42.39479523809524 38.0
32 42.686933333333336 39.0
32 42.6794619047619 38.0
32 42.77789047619048 37.0
32 42.29239761904761 34.0
32 42.338123809523815 34.0
32 42.77574285714286 35.0
32 42.510904761904754 34.0
32 42.70108571428572 34.0
32 43.01280238095239 34.0
32 43.28004285714285 34.0
32 44.43985238095239 34.0
32 42.75710238095238 33.0
33 42.053985714285716 39.0
33 42.213990476190475 37.0
33 42.39479523809524 38.0
33 42.461935714285715 37.0
33 42.6794619047619 38.0
33 42.42016666666667 35.0
33 42.29239761904761 34.0
33 42.338123809523815 34.0
33 42.77574285714286 35.0
33 42.510904761904754 34.0
33 42.70108571428572 34.0
33 43.01280238095239 34.0
33 43.28004285714285 34.0
33 44.43985238095239 34.0
33 42.75710238095238 33.0
34 42.053985714285716 39.0
34 42.213990476190475 37.0
34 42.39479523809524 38.0
34 42.461935714285715 37.0
34 42.52595238095238 37.0
34 42.42016666666667 35.0
34 42.29239761904761 34.0
34 42.338123809523815 34.0
34 42.77574285714286 35.0
34 42.510904761904754 34.0
34 42.70108571428572 34.0
34 43.01280238095239 34.0
34 43.28004285714285 34.0
34 44.43985238095239 34.0
34 42.75710238095238 33.0
35 41.70276190476191 40.0
35 42.053985714285716 39.0
35 42.36469047619048 40.0
35 42.213990476190475 37.0
35 42.461935714285715 37.0
35 43.18505238095238 40.0
35 43.22018095238096 38.0
35 42.42016666666667 35.0
35 42.77574285714286 35.0
35 42.338123809523815 34.0
35 42.510904761904754 34.0
35 43.01280238095239 34.0
35 43.28004285714285 34.0
35 44.43985238095239 34.0
35 42.75710238095238 33.0
36 41.70276190476191 40.0
36 42.053985714285716 39.0
36 42.253476190476185 38.0
36 42.213990476190475 37.0
36 42.461935714285715 37.0
36 43.18505238095238 40.0
36 43.22018095238096 38.0
36 42.42016666666667 35.0
36 42.77574285714286 35.0
36 42.338123809523815 34.0
36 42.510904761904754 34.0
36 43.01280238095239 34.0
36 43.28004285714285 34.0
36 44.43985238095239 34.0
36 42.75710238095238 33.0
37 41.70276190476191 40.0
37 42.053985714285716 39.0
37 42.253476190476185 38.0
37 42.213990476190475 37.0
37 42.461935714285715 37.0
37 43.18505238095238 40.0
37 42.94638333333333 37.0
37 42.42016666666667 35.0
37 42.77574285714286 35.0
37 42.338123809523815 34.0
37 42.510904761904754 34.0
37 43.01280238095239 34.0
37 43.28004285714285 34.0
37 44.43985238095239 34.0
37 42.75710238095238 33.0
38 41.70276190476191 40.0
38 42.053985714285716 39.0
38 42.253476190476185 38.0
38 42.213990476190475 37.0
38 42.31458095238095 36.0
38 42.94533571428572 38.0
38 42.94638333333333 37.0
38 42.06501666666667 34.0
38 42.77574285714286 35.0
38 42.338123809523815 34.0
38 42.510904761904754 34.0
38 43.01280238095239 34.0
38 43.28004285714285 34.0
38 44.43985238095239 34.0
38 42.75710238095238 33.0
39 41.70276190476191 40.0
39 42.053985714285716 39.0
39 42.120666666666665 37.0
39 42.213990476190475 37.0
39 42.31458095238095 36.0
39 42.91284761904762 38.0
39 42.93283095238095 37.0
39 42.06501666666667 34.0
39 42.77574285714286 35.0
39 42.338123809523815 34.0
39 42.510904761904754 34.0
39 43.01280238095239 34.0
39 43.28004285714285 34.0
39 44.43985238095239 34.0
39 42.75710238095238 33.0
40 41.70276190476191 40.0
40 42.053985714285716 39.0
40 42.120666666666665 37.0
40 42.213990476190475 37.0
40 42.31458095238095 36.0
40 42.91284761904762 38.0
40 42.93283095238095 37.0
40 42.06501666666667 34.0
40 42.77574285714286 35.0
40 42.338123809523815 34.0
40 42.510904761904754 34.0
40 43.01280238095239 34.0
40 43.28004285714285 34.0
40 44.43985238095239 34.0
40 42.75710238095238 33.0
41 41.70276190476191 40.0
41 42.053985714285716 39.0
41 42.120666666666665 37.0
41 42.213990476190475 37.0
41 42.31458095238095 36.0
41 42.91284761904762 38.0
41 42.93283095238095 37.0
41 42.06501666666667 34.0
41 42.764723809523815 35.0
41 42.338123809523815 34.0
41 42.510904761904754 34.0
41 43.01280238095239 34.0
41 43.28004285714285 34.0
41 44.43985238095239 34.0
41 42.75710238095238 33.0
42 41.70276190476191 40.0
42 42.053985714285716 39.0
42 42.120666666666665 37.0
42 42.213990476190475 37.0
42 42.31458095238095 36.0
42 42.528069047619056 37.0
42 42.93283095238095 37.0
42 42.06501666666667 34.0
42 42.764723809523815 35.0
42 42.338123809523815 34.0
42 42.510904761904754 34.0
42 43.01280238095239 34.0
42 43.28004285714285 34.0
42 43.89362619047619 34.0
42 42.75710238095238 33.0
43 41.70276190476191 40.0
43 42.053985714285716 39.0
43 42.120666666666665 37.0
43 42.213990476190475 37.0
43 42.31458095238095 36.0
43 42.5282880952381 37.0
43 42.93283095238095 37.0
43 42.06501666666667 34.0
43 42.764723809523815 35.0
43 42.338123809523815 34.0
43 42.510904761904754 34.0
43 43.01280238095239 34.0
43 43.28004285714285 34.0
43 43.89362619047619 34.0
43 42.75710238095238 33.0
44 41.70276190476191 40.0
44 42.053985714285716 39.0
44 42.120666666666665 37.0
44 42.213990476190475 37.0
44 42.31458095238095 36.0
44 42.5282880952381 37.0
44 42.93283095238095 37.0
44 42.06501666666667 34.0
44 42.764723809523815 35.0
44 42.338123809523815 34.0
44 42.510904761904754 34.0
44 43.01280238095239 34.0
44 43.28004285714285 34.0
44 43.89362619047619 34.0
44 42.75710238095238 33.0
45 41.70276190476191 40.0
45 42.053985714285716 39.0
45 42.120666666666665 37.0
45 42.213990476190475 37.0
45 42.31458095238095 36.0
45 42.5282880952381 37.0
45 42.93283095238095 37.0
45 42.06501666666667 34.0
45 42.764723809523815 35.0
45 42.338123809523815 34.0
45 42.510904761904754 34.0
45 43.01280238095239 34.0
45 43.28004285714285 34.0
45 43.89362619047619 34.0
45 42.75710238095238 33.0
46 41.70276190476191 40.0
46 42.053985714285716 39.0
46 42.120666666666665 37.0
46 42.213990476190475 37.0
46 42.31458095238095 36.0
46 42.5282880952381 37.0
46 42.93283095238095 37.0
46 42.06501666666667 34.0
46 42.764723809523815 35.0
46 42.338123809523815 34.0
46 42.510904761904754 34.0
46 43.01280238095239 34.0
46 43.28004285714285 34.0
46 43.89362619047619 34.0
46 46.089433333333346 34.0
46 42.75710238095238 33.0
47 41.70276190476191 40.0
47 42.053985714285716 39.0
47 42.120666666666665 37.0
47 42.213990476190475 37.0
47 42.31458095238095 36.0
47 42.50526428571428 36.0
47 42.93283095238095 37.0
47 42.06501666666667 34.0
47 42.764723809523815 35.0
47 42.338123809523815 34.0
47 42.510904761904754 34.0
47 43.01280238095239 34.0
47 43.28004285714285 34.0
47 43.89362619047619 34.0
47 46.089433333333346 34.0
47 42.75710238095238 33.0
48 41.70276190476191 40.0
48 42.053985714285716 39.0
48 42.120666666666665 37.0
48 42.213990476190475 37.0
48 42.31458095238095 36.0
48 42.50526428571428 36.0
48 42.93283095238095 37.0
48 42.06501666666667 34.0
48 42.764723809523815 35.0
48 42.338123809523815 34.0
48 42.510904761904754 34.0
48 43.01280238095239 34.0
48 43.28004285714285 34.0
48 43.89362619047619 34.0
48 46.089433333333346 34.0
48 42.75710238095238 33.0
49 41.70276190476191 40.0
49 42.053985714285716 39.0
49 42.120666666666665 37.0
49 42.213990476190475 37.0
49 42.31458095238095 36.0
49 42.50526428571428 36.0
49 42.93283095238095 37.0
49 42.06501666666667 34.0
49 42.764723809523815 35.0
49 42.338123809523815 34.0
49 42.510904761904754 34.0
49 43.01280238095239 34.0
49 43.28004285714285 34.0
49 43.89362619047619 34.0
49 46.089433333333346 34.0
49 42.75710238095238 33.0
50 41.70276190476191 40.0
50 42.053985714285716 39.0
50 42.120666666666665 37.0
50 42.213990476190475 37.0
50 42.31458095238095 36.0
50 42.50526428571428 36.0
50 42.93283095238095 37.0
50 42.06501666666667 34.0
50 42.764723809523815 35.0
50 42.338123809523815 34.0
50 42.510904761904754 34.0
50 43.01280238095239 34.0
50 43.28004285714285 34.0
50 43.89362619047619 34.0
50 46.089433333333346 34.0
50 42.75710238095238 33.0
51 41.70276190476191 40.0
51 42.053985714285716 39.0
51 42.120666666666665 37.0
51 42.213990476190475 37.0
51 42.31458095238095 36.0
51 42.50526428571428 36.0
51 42.06501666666667 34.0
51 42.764723809523815 35.0
51 42.338123809523815 34.0
51 42.510904761904754 34.0
51 43.01280238095239 34.0
51 43.89362619047619 34.0
51 46.089433333333346 34.0
51 42.75710238095238 33.0
52 41.70276190476191 40.0
52 42.053985714285716 39.0
52 42.120666666666665 37.0
52 42.213990476190475 37.0
52 42.31458095238095 36.0
52 42.50526428571428 36.0
52 42.06501666666667 34.0
52 42.764723809523815 35.0
52 42.338123809523815 34.0
52 42.510904761904754 34.0
52 43.01280238095239 34.0
52 43.89362619047619 34.0
52 46.089433333333346 34.0
52 42.75710238095238 33.0
53 41.70276190476191 40.0
53 42.053985714285716 39.0
53 42.09142142857143 37.0
53 42.213990476190475 37.0
53 42.31458095238095 36.0
53 42.50526428571428 36.0
53 42.06501666666667 34.0
53 42.764723809523815 35.0
53 42.338123809523815 34.0
53 42.510904761904754 34.0
53 44.86578571428572 36.0
53 43.01280238095239 34.0
53 43.89362619047619 34.0
53 46.089433333333346 34.0
53 42.75710238095238 33.0
54 41.70276190476191 40.0
54 42.053985714285716 39.0
54 42.09142142857143 37.0
54 42.31458095238095 36.0
54 42.06501666666667 34.0
54 42.338123809523815 34.0
54 42.510904761904754 34.0
54 43.32920714285715 35.0
54 43.01280238095239 34.0
54 44.86578571428572 36.0
54 42.75710238095238 33.0
54 46.089433333333346 34.0
54 44.84376190476191 32.0
55 41.70276190476191 40.0
55 42.053985714285716 39.0
55 42.09142142857143 37.0
55 42.31458095238095 36.0
55 42.06501666666667 34.0
55 42.338123809523815 34.0
55 42.510904761904754 34.0
55 43.04902380952382 35.0
55 43.01280238095239 34.0
55 44.86578571428572 36.0
55 42.75710238095238 33.0
55 46.089433333333346 34.0
55 44.84376190476191 32.0
56 41.70276190476191 40.0
56 42.053985714285716 39.0
56 42.09142142857143 37.0
56 42.31458095238095 36.0
56 42.06501666666667 34.0
56 42.338123809523815 34.0
56 42.510904761904754 34.0
56 43.04902380952382 35.0
56 43.01280238095239 34.0
56 44.86578571428572 36.0
56 42.75710238095238 33.0
56 46.089433333333346 34.0
56 44.84376190476191 32.0
57 41.70276190476191 40.0
57 42.053985714285716 39.0
57 42.09142142857143 37.0
57 42.31458095238095 36.0
57 42.06501666666667 34.0
57 42.338123809523815 34.0
57 42.510904761904754 34.0
57 43.04902380952382 35.0
57 43.01280238095239 34.0
57 44.86578571428572 36.0
57 42.75710238095238 33.0
57 46.089433333333346 34.0
57 44.84376190476191 32.0
58 41.70276190476191 40.0
58 42.053985714285716 39.0
58 42.09142142857143 37.0
58 42.31458095238095 36.0
58 42.06501666666667 34.0
58 42.338123809523815 34.0
58 42.510904761904754 34.0
58 43.04902380952382 35.0
58 43.01280238095239 34.0
58 44.86578571428572 36.0
58 42.75710238095238 33.0
58 46.089433333333346 34.0
58 44.84376190476191 32.0
59 41.70276190476191 40.0
59 42.053985714285716 39.0
59 42.09142142857143 37.0
59 42.31458095238095 36.0
59 42.06501666666667 34.0
59 42.338123809523815 34.0
59 42.510904761904754 34.0
59 43.04902380952382 35.0
59 43.01280238095239 34.0
59 44.86578571428572 36.0
59 42.75710238095238 33.0
59 45.85243333333334 35.0
59 46.089433333333346 34.0
59 44.84376190476191 32.0
60 41.70276190476191 40.0
60 42.053985714285716 39.0
60 42.09142142857143 37.0
60 42.31458095238095 36.0
60 42.06501666666667 34.0
60 42.338123809523815 34.0
60 42.510904761904754 34.0
60 43.04902380952382 35.0
60 43.01280238095239 34.0
60 44.86578571428572 36.0
60 42.75710238095238 33.0
60 45.85243333333334 35.0
60 45.395940476190475 34.0
60 44.84376190476191 32.0
61 41.70276190476191 40.0
61 42.053985714285716 39.0
61 42.09142142857143 37.0
61 42.699345238095226 39.0
61 42.06501666666667 34.0
61 42.888845238095236 37.0
61 42.338123809523815 34.0
61 42.510904761904754 34.0
61 43.450488095238086 35.0
61 43.01280238095239 34.0
61 44.86578571428572 36.0
61 42.75710238095238 33.0
61 45.395940476190475 34.0
61 44.84376190476191 32.0
62 41.70276190476191 40.0
62 42.053985714285716 39.0
62 42.09142142857143 37.0
62 42.699345238095226 39.0
62 42.06501666666667 34.0
62 42.888845238095236 37.0
62 42.338123809523815 34.0
62 42.510904761904754 34.0
62 43.450488095238086 35.0
62 43.01280238095239 34.0
62 44.191188095238104 35.0
62 42.75710238095238 33.0
62 45.395940476190475 34.0
62 44.84376190476191 32.0
63 41.70276190476191 40.0
63 42.053985714285716 39.0
63 42.08938095238095 36.0
63 42.66493571428571 39.0
63 42.06501666666667 34.0
63 42.888845238095236 37.0
63 42.338123809523815 34.0
63 42.510904761904754 34.0
63 43.450488095238086 35.0
63 43.01280238095239 34.0
63 43.59974285714286 34.0
63 42.75710238095238 33.0
63 45.395940476190475 34.0
63 44.84376190476191 32.0
64 41.70276190476191 40.0
64 42.053985714285716 39.0
64 42.08938095238095 36.0
64 42.48347857142857 39.0
64 42.06501666666667 34.0
64 42.888845238095236 37.0
64 42.338123809523815 34.0
64 42.510904761904754 34.0
64 43.450488095238086 35.0
64 43.01280238095239 34.0
64 43.59974285714286 34.0
64 42.75710238095238 33.0
64 44.91310000000001 34.0
64 44.84376190476191 32.0
65 41.60792380952381 37.0
65 42.053985714285716 39.0
65 42.08938095238095 36.0
65 42.71628571428571 38.0
65 42.06501666666667 34.0
65 43.69908333333333 39.0
65 42.338123809523815 34.0
65 43.50272619047619 36.0
65 43.01280238095239 34.0
65 42.75710238095238 33.0
65 44.91310000000001 34.0
65 44.84376190476191 32.0
66 41.60792380952381 37.0
66 42.053985714285716 39.0
66 42.08938095238095 36.0
66 42.24871904761904 36.0
66 42.06501666666667 34.0
66 43.76675476190476 39.0
66 42.338123809523815 34.0
66 43.50272619047619 36.0
66 43.01280238095239 34.0
66 42.75710238095238 33.0
66 44.91310000000001 34.0
66 44.84376190476191 32.0
67 41.60792380952381 37.0
67 42.053985714285716 39.0
67 42.08938095238095 36.0
67 42.24871904761904 36.0
67 42.06501666666667 34.0
67 43.76675476190476 39.0
67 42.338123809523815 34.0
67 43.50272619047619 36.0
67 43.01280238095239 34.0
67 42.75710238095238 33.0
67 44.91310000000001 34.0
67 44.84376190476191 32.0
68 41.60792380952381 37.0
68 42.053985714285716 39.0
68 42.08938095238095 36.0
68 42.24871904761904 36.0
68 42.06501666666667 34.0
68 43.562938095238096 38.0
68 42.338123809523815 34.0
68 43.241211904761904 35.0
68 43.01280238095239 34.0
68 42.75710238095238 33.0
68 44.91310000000001 34.0
68 44.84376190476191 32.0
69 41.60792380952381 37.0
69 42.053985714285716 39.0
69 42.08938095238095 36.0
69 42.24871904761904 36.0
69 42.06501666666667 34.0
69 43.562938095238096 38.0
69 42.338123809523815 34.0
69 42.67865238095238 34.0
69 43.01280238095239 34.0
69 42.75710238095238 33.0
69 44.91310000000001 34.0
69 44.84376190476191 32.0
70 41.60792380952381 37.0
70 42.053985714285716 39.0
70 42.08938095238095 36.0
70 42.24871904761904 36.0
70 42.06501666666667 34.0
70 43.44068571428572 38.0
70 42.338123809523815 34.0
70 42.67865238095238 34.0
70 43.01280238095239 34.0
70 42.75710238095238 33.0
70 44.91310000000001 34.0
70 44.40885238095238 33.0
70 44.84376190476191 32.0
71 41.60792380952381 37.0
71 42.053985714285716 39.0
71 42.08938095238095 36.0
71 42.24871904761904 36.0
71 42.06501666666667 34.0
71 43.44068571428572 38.0
71 42.338123809523815 34.0
71 42.67865238095238 34.0
71 43.5786261904762 35.0
71 43.01280238095239 34.0
71 42.75710238095238 33.0
71 44.91310000000001 34.0
71 44.40885238095238 33.0
71 44.84376190476191 32.0
72 41.60792380952381 37.0
72 42.053985714285716 39.0
72 42.08938095238095 36.0
72 42.24871904761904 36.0
72 42.06501666666667 34.0
72 43.342576190476194 38.0
72 42.338123809523815 34.0
72 42.67865238095238 34.0
72 43.451057142857145 35.0
72 43.01280238095239 34.0
72 42.75710238095238 33.0
72 44.91310000000001 34.0
72 44.40885238095238 33.0
72 44.84376190476191 32.0
73 41.60792380952381 37.0
73 42.053985714285716 39.0
73 42.08938095238095 36.0
73 42.24871904761904 36.0
73 42.06501666666667 34.0
73 43.342576190476194 38.0
73 42.338123809523815 34.0
73 42.67865238095238 34.0
73 43.451057142857145 35.0
73 43.01280238095239 34.0
73 42.75710238095238 33.0
73 44.91310000000001 34.0
73 44.40885238095238 33.0
73 44.84376190476191 32.0
74 41.60792380952381 37.0
74 42.053985714285716 39.0
74 42.08938095238095 36.0
74 42.24871904761904 36.0
74 42.06501666666667 34.0
74 42.86227142857142 37.0
74 42.338123809523815 34.0
74 42.67865238095238 34.0
74 43.451057142857145 35.0
74 43.01280238095239 34.0
74 42.75710238095238 33.0
74 44.91310000000001 34.0
74 44.40885238095238 33.0
74 44.84376190476191 32.0
75 41.60792380952381 37.0
75 42.08871904761905 38.0
75 42.08938095238095 36.0
75 42.24871904761904 36.0
75 42.06501666666667 34.0
75 42.86227142857142 37.0
75 42.338123809523815 34.0
75 42.67865238095238 34.0
75 43.451057142857145 35.0
75 43.01280238095239 34.0
75 42.75710238095238 33.0
75 44.91310000000001 34.0
75 44.40885238095238 33.0
75 44.84376190476191 32.0
76 41.60792380952381 37.0
76 42.08871904761905 38.0
76 42.08938095238095 36.0
76 42.24871904761904 36.0
76 42.06501666666667 34.0
76 42.65994285714285 36.0
76 42.338123809523815 34.0
76 42.67865238095238 34.0
76 43.451057142857145 35.0
76 43.01280238095239 34.0
76 42.75710238095238 33.0
76 44.91310000000001 34.0
76 44.40885238095238 33.0
76 44.84376190476191 32.0
77 41.60792380952381 37.0
77 42.08871904761905 38.0
77 42.08938095238095 36.0
77 42.24871904761904 36.0
77 42.06501666666667 34.0
77 42.65994285714285 36.0
77 42.338123809523815 34.0
77 42.67865238095238 34.0
77 43.451057142857145 35.0
77 43.01280238095239 34.0
77 42.75710238095238 33.0
77 44.91310000000001 34.0
77 44.40885238095238 33.0
77 44.84376190476191 32.0
78 41.60792380952381 37.0
78 42.08871904761905 38.0
78 42.08938095238095 36.0
78 42.24871904761904 36.0
78 42.06501666666667 34.0
78 42.65994285714285 36.0
78 42.338123809523815 34.0
78 42.67865238095238 34.0
78 43.451057142857145 35.0
78 43.01280238095239 34.0
78 42.75710238095238 33.0
78 44.91310000000001 34.0
78 44.40885238095238 33.0
78 44.84376190476191 32.0
79 41.60792380952381 37.0
79 42.08871904761905 38.0
79 42.08938095238095 36.0
79 42.24871904761904 36.0
79 42.06501666666667 34.0
79 42.65994285714285 36.0
79 42.338123809523815 34.0
79 42.67865238095238 34.0
79 43.451057142857145 35.0
79 43.01280238095239 34.0
79 42.75710238095238 33.0
79 44.91310000000001 34.0
79 44.40885238095238 33.0
79 44.84376190476191 32.0
80 41.60792380952381 37.0
80 42.08871904761905 38.0
80 42.08938095238095 36.0
80 42.24871904761904 36.0
80 42.06501666666667 34.0
80 42.65994285714285 36.0
80 42.338123809523815 34.0
80 42.67865238095238 34.0
80 43.451057142857145 35.0
80 43.01280238095239 34.0
80 42.75710238095238 33.0
80 44.3074 34.0
80 44.40885238095238 33.0
80 44.84376190476191 32.0
81 41.60792380952381 37.0
81 42.08871904761905 38.0
81 42.08938095238095 36.0
81 42.24871904761904 36.0
81 42.06501666666667 34.0
81 42.338123809523815 34.0
81 44.25715714285713 38.0
81 42.67865238095238 34.0
81 43.01280238095239 34.0
81 42.75710238095238 33.0
81 44.40885238095238 33.0
81 44.84376190476191 32.0
82 41.60792380952381 37.0
82 42.08871904761905 38.0
82 42.08938095238095 36.0
82 42.24871904761904 36.0
82 42.06501666666667 34.0
82 42.338123809523815 34.0
82 44.176176190476184 38.0
82 42.67865238095238 34.0
82 43.01280238095239 34.0
82 42.75710238095238 33.0
82 44.40885238095238 33.0
82 44.84376190476191 32.0
83 41.60792380952381 37.0
83 42.08871904761905 38.0
83 42.08938095238095 36.0
83 42.24871904761904 36.0
83 42.06501666666667 34.0
83 42.338123809523815 34.0
83 44.176176190476184 38.0
83 42.67865238095238 34.0
83 43.01280238095239 34.0
83 42.75710238095238 33.0
83 44.40885238095238 33.0
83 44.84376190476191 32.0
84 41.60792380952381 37.0
84 42.08871904761905 38.0
84 42.08938095238095 36.0
84 42.24871904761904 36.0
84 42.06501666666667 34.0
84 42.338123809523815 34.0
84 44.176176190476184 38.0
84 42.67865238095238 34.0
84 43.01280238095239 34.0
84 44.088745238095235 35.0
84 42.75710238095238 33.0
84 44.40885238095238 33.0
84 44.84376190476191 32.0
85 41.60792380952381 37.0
85 42.08871904761905 38.0
85 42.08938095238095 36.0
85 42.31954285714285 36.0
85 42.06501666666667 34.0
85 42.338123809523815 34.0
85 43.25051904761906 36.0
85 42.67865238095238 34.0
85 43.01280238095239 34.0
85 44.088745238095235 35.0
85 42.75710238095238 33.0
85 44.40885238095238 33.0
85 44.84376190476191 32.0
86 41.60792380952381 37.0
86 42.08871904761905 38.0
86 42.08938095238095 36.0
86 42.31954285714285 36.0
86 42.06501666666667 34.0
86 42.338123809523815 34.0
86 43.25051904761906 36.0
86 42.67865238095238 34.0
86 43.01280238095239 34.0
86 44.088745238095235 35.0
86 42.75710238095238 33.0
86 44.40885238095238 33.0
86 44.84376190476191 32.0
87 41.60792380952381 37.0
87 42.08871904761905 38.0
87 42.08938095238095 36.0
87 42.31954285714285 36.0
87 42.06501666666667 34.0
87 42.338123809523815 34.0
87 43.25051904761906 36.0
87 42.67865238095238 34.0
87 43.01280238095239 34.0
87 43.42287619047619 34.0
87 42.75710238095238 33.0
87 44.40885238095238 33.0
87 44.84376190476191 32.0
88 41.60792380952381 37.0
88 42.08871904761905 38.0
88 42.08938095238095 36.0
88 42.31954285714285 36.0
88 42.06501666666667 34.0
88 42.338123809523815 34.0
88 43.25051904761906 36.0
88 42.67865238095238 34.0
88 43.01280238095239 34.0
88 43.42287619047619 34.0
88 42.75710238095238 33.0
88 44.40885238095238 33.0
88 44.84376190476191 32.0
89 41.60792380952381 37.0
89 42.03652380952381 40.0
89 42.08871904761905 38.0
89 42.08938095238095 36.0
89 42.31954285714285 36.0
89 42.06501666666667 34.0
89 42.338123809523815 34.0
89 43.25051904761906 36.0
89 42.67865238095238 34.0
89 43.01280238095239 34.0
89 43.42287619047619 34.0
89 42.75710238095238 33.0
89 44.40885238095238 33.0
89 44.00657857142856 32.0
90 41.60792380952381 37.0
90 42.03652380952381 40.0
90 42.08871904761905 38.0
90 42.08938095238095 36.0
90 42.31954285714285 36.0
90 42.06501666666667 34.0
90 42.338123809523815 34.0
90 43.25051904761906 36.0
90 42.67865238095238 34.0
90 43.01280238095239 34.0
90 43.42287619047619 34.0
90 42.75710238095238 33.0
90 44.40885238095238 33.0
90 44.00657857142856 32.0
91 41.60792380952381 37.0
91 42.03652380952381 40.0
91 42.08871904761905 38.0
91 42.08938095238095 36.0
91 42.31954285714285 36.0
91 42.06501666666667 34.0
91 42.7176380952381 36.0
91 42.338123809523815 34.0
91 43.25051904761906 36.0
91 42.67865238095238 34.0
91 43.01280238095239 34.0
91 42.75710238095238 33.0
91 44.40885238095238 33.0
91 44.00657857142856 32.0
92 41.60792380952381 37.0
92 41.90300476190476 37.0
92 42.08871904761905 38.0
92 42.08938095238095 36.0
92 42.31954285714285 36.0
92 42.06501666666667 34.0
92 42.7176380952381 36.0
92 42.338123809523815 34.0
92 43.84631904761905 37.0
92 42.67865238095238 34.0
92 43.01280238095239 34.0
92 42.75710238095238 33.0
92 43.87653095238095 33.0
92 44.00657857142856 32.0
93 41.60792380952381 37.0
93 41.90300476190476 37.0
93 42.08871904761905 38.0
93 42.08938095238095 36.0
93 42.31954285714285 36.0
93 42.06501666666667 34.0
93 42.7176380952381 36.0
93 42.338123809523815 34.0
93 43.84631904761905 37.0
93 42.67865238095238 34.0
93 43.01280238095239 34.0
93 42.75710238095238 33.0
93 43.87653095238095 33.0
93 44.00657857142856 32.0
94 41.60792380952381 37.0
94 41.90300476190476 37.0
94 42.08871904761905 38.0
94 42.08938095238095 36.0
94 42.31954285714285 36.0
94 42.06501666666667 34.0
94 42.7176380952381 36.0
94 42.338123809523815 34.0
94 43.84631904761905 37.0
94 42.67865238095238 34.0
94 43.01280238095239 34.0
94 42.75710238095238 33.0
94 43.87653095238095 33.0
94 44.00657857142856 32.0
95 41.60792380952381 37.0
95 41.90300476190476 37.0
95 42.08871904761905 38.0
95 42.08938095238095 36.0
95 42.31954285714285 36.0
95 42.06501666666667 34.0
95 42.4735619047619 35.0
95 42.338123809523815 34.0
95 43.84631904761905 37.0
95 42.67865238095238 34.0
95 43.01280238095239 34.0
95 42.75710238095238 33.0
95 43.87653095238095 33.0
95 44.00657857142856 32.0
96 41.60792380952381 37.0
96 41.90300476190476 37.0
96 42.08871904761905 38.0
96 42.08938095238095 36.0
96 42.31954285714285 36.0
96 42.06501666666667 34.0
96 42.4735619047619 35.0
96 42.338123809523815 34.0
96 43.84631904761905 37.0
96 42.67865238095238 34.0
96 43.189099999999996 34.0
96 42.75710238095238 33.0
96 43.87653095238095 33.0
96 44.00657857142856 32.0
97 41.60792380952381 37.0
97 41.90300476190476 37.0
97 42.08871904761905 38.0
97 42.08938095238095 36.0
97 42.31954285714285 36.0
97 42.06501666666667 34.0
97 42.4735619047619 35.0
97 42.338123809523815 34.0
97 43.84631904761905 37.0
97 42.67865238095238 34.0
97 43.189099999999996 34.0
97 42.75710238095238 33.0
97 43.87653095238095 33.0
97 44.00657857142856 32.0
98 41.60792380952381 37.0
98 41.90300476190476 37.0
98 42.08871904761905 38.0
98 42.08938095238095 36.0
98 42.31954285714285 36.0
98 42.06501666666667 34.0
98 42.4735619047619 35.0
98 42.338123809523815 34.0
98 43.84631904761905 37.0
98 42.67865238095238 34.0
98 43.189099999999996 34.0
98 42.75710238095238 33.0
98 43.87653095238095 33.0
98 44.00657857142856 32.0
99 41.60792380952381 37.0
99 41.90300476190476 37.0
99 42.08871904761905 38.0
99 42.08938095238095 36.0
99 42.31954285714285 36.0
99 42.06501666666667 34.0
99 42.4735619047619 35.0
99 42.338123809523815 34.0
99 43.84631904761905 37.0
99 42.67865238095238 34.0
99 43.189099999999996 34.0
99 42.75710238095238 33.0
99 43.87653095238095 33.0
99 44.00657857142856 32.0
100 41.60792380952381 37.0
100 41.90300476190476 37.0
100 42.08871904761905 38.0
100 42.08938095238095 36.0
100 42.31954285714285 36.0
100 42.06501666666667 34.0
100 42.4735619047619 35.0
100 42.338123809523815 34.0
100 43.84631904761905 37.0
100 42.67865238095238 34.0
100 43.189099999999996 34.0
100 42.75710238095238 33.0
100 43.87653095238095 33.0
100 44.00657857142856 32.0
