1 45.56045714285714 33.0
1 43.46539523809523 38.0
1 44.006926190476186 34.0
1 43.52875238095238 35.0
2 45.56045714285714 33.0
2 44.006926190476186 34.0
2 42.62083333333333 36.0
2 43.482245238095246 35.0
3 45.56045714285714 33.0
3 42.62083333333333 36.0
3 43.482245238095246 35.0
3 41.959128571428565 39.0
3 43.64040238095238 34.0
4 45.56045714285714 33.0
4 41.959128571428565 39.0
4 42.248754761904756 34.0
5 45.56045714285714 33.0
5 41.959128571428565 39.0
5 42.248754761904756 34.0
5 41.98308333333333 36.0
6 45.56045714285714 33.0
6 42.248754761904756 34.0
6 41.94357857142857 36.0
6 41.87786428571429 37.0
7 42.248754761904756 34.0
7 41.48347857142857 36.0
7 43.235749999999996 33.0
7 41.64056666666667 35.0
8 42.248754761904756 34.0
8 41.48347857142857 36.0
8 43.235749999999996 33.0
8 41.64056666666667 35.0
8 41.43583571428572 37.0
9 42.248754761904756 34.0
9 42.70642142857143 33.0
9 41.11218095238095 39.0
9 41.40929761904762 35.0
10 42.248754761904756 34.0
10 42.70642142857143 33.0
10 41.11218095238095 39.0
10 41.28378095238096 35.0
11 42.70642142857143 33.0
11 41.28378095238096 35.0
11 40.88504761904762 39.0
11 42.08775714285714 34.0
12 40.88504761904762 39.0
12 41.24259047619048 33.0
13 40.88504761904762 39.0
13 41.24259047619048 33.0
13 41.212585714285716 36.0
14 40.88504761904762 39.0
14 41.24259047619048 33.0
14 41.212585714285716 36.0
15 40.88504761904762 39.0
15 41.24259047619048 33.0
15 41.212585714285716 36.0
15 41.18428571428571 38.0
16 41.24259047619048 33.0
16 41.94593571428572 32.0
16 40.87056190476191 35.0
17 41.24259047619048 33.0
17 41.94593571428572 32.0
17 40.87056190476191 35.0
17 40.80415 36.0
18 41.24259047619048 33.0
18 41.94593571428572 32.0
18 40.87056190476191 35.0
18 40.80415 36.0
18 40.77529523809524 39.0
19 41.24259047619048 33.0
19 41.94593571428572 32.0
19 40.87056190476191 35.0
19 40.80415 36.0
19 40.66498095238095 37.0
20 41.24259047619048 33.0
20 41.94593571428572 32.0
20 40.87056190476191 35.0
20 40.80415 36.0
20 40.66498095238095 37.0
20 41.19358571428572 34.0
21 41.24259047619048 33.0
21 41.94593571428572 32.0
21 40.87056190476191 35.0
21 40.66498095238095 37.0
21 41.19358571428572 34.0
21 40.80197619047619 36.0
22 41.24259047619048 33.0
22 41.94593571428572 32.0
22 40.66498095238095 37.0
22 40.71583333333333 34.0
23 41.24259047619048 33.0
23 41.94593571428572 32.0
23 40.66498095238095 37.0
23 40.71583333333333 34.0
24 41.24259047619048 33.0
24 41.94593571428572 32.0
24 40.66498095238095 37.0
24 40.71583333333333 34.0
25 41.24259047619048 33.0
25 41.94593571428572 32.0
25 40.66498095238095 37.0
25 40.71583333333333 34.0
26 41.24259047619048 33.0
26 41.94593571428572 32.0
26 40.66498095238095 37.0
26 40.71583333333333 34.0
27 41.24259047619048 33.0
27 41.94593571428572 32.0
27 40.66498095238095 37.0
27 40.71583333333333 34.0
28 41.24259047619048 33.0
28 41.94593571428572 32.0
28 40.71583333333333 34.0
28 40.6374880952381 36.0
29 41.24259047619048 33.0
29 41.94593571428572 32.0
29 40.71583333333333 34.0
29 40.6374880952381 36.0
29 40.69383333333333 35.0
30 39.67732380952381 32.0
31 39.67732380952381 32.0
32 39.67732380952381 32.0
33 39.67732380952381 32.0
34 39.67732380952381 32.0
35 39.67732380952381 32.0
36 39.67732380952381 32.0
37 39.67732380952381 32.0
38 39.67732380952381 32.0
39 39.67732380952381 32.0
40 39.67732380952381 32.0
41 39.67732380952381 32.0
42 39.67732380952381 32.0
43 39.67732380952381 32.0
44 39.67732380952381 32.0
45 39.67732380952381 32.0
46 39.67732380952381 32.0
46 42.13973333333333 31.0
47 39.67732380952381 32.0
47 42.13973333333333 31.0
48 39.67732380952381 32.0
48 42.13973333333333 31.0
49 39.67732380952381 32.0
49 42.13973333333333 31.0
50 39.67732380952381 32.0
50 42.13973333333333 31.0
51 39.67732380952381 32.0
51 42.13973333333333 31.0
52 39.67732380952381 32.0
52 42.13973333333333 31.0
53 39.67732380952381 32.0
53 42.13973333333333 31.0
54 39.67732380952381 32.0
54 42.13973333333333 31.0
55 39.67732380952381 32.0
55 41.6665380952381 31.0
56 39.67732380952381 32.0
56 41.6665380952381 31.0
57 39.67732380952381 32.0
57 41.6665380952381 31.0
58 39.67732380952381 32.0
58 41.6665380952381 31.0
59 39.67732380952381 32.0
59 41.6665380952381 31.0
60 39.67732380952381 32.0
60 41.6665380952381 31.0
61 39.67732380952381 32.0
61 41.6665380952381 31.0
62 39.67732380952381 32.0
62 41.6665380952381 31.0
63 39.67732380952381 32.0
63 41.6665380952381 31.0
64 39.67732380952381 32.0
64 41.6665380952381 31.0
65 39.67732380952381 32.0
65 41.6665380952381 31.0
66 39.67732380952381 32.0
66 41.6665380952381 31.0
67 39.67732380952381 32.0
67 41.6665380952381 31.0
68 39.67732380952381 32.0
68 41.6665380952381 31.0
69 39.67732380952381 32.0
69 41.6665380952381 31.0
70 39.67732380952381 32.0
70 41.6665380952381 31.0
71 39.67732380952381 32.0
71 41.6665380952381 31.0
72 39.67732380952381 32.0
72 41.6665380952381 31.0
73 39.67732380952381 32.0
73 41.6665380952381 31.0
74 39.67732380952381 32.0
74 41.6665380952381 31.0
75 39.67732380952381 32.0
75 41.6665380952381 31.0
76 39.67732380952381 32.0
76 41.6665380952381 31.0
77 39.67732380952381 32.0
77 41.6665380952381 31.0
78 39.67732380952381 32.0
78 41.6665380952381 31.0
79 39.67732380952381 32.0
79 41.6665380952381 31.0
80 39.67732380952381 32.0
80 41.6665380952381 31.0
81 39.67732380952381 32.0
81 41.6665380952381 31.0
82 39.67732380952381 32.0
82 41.6665380952381 31.0
83 39.67732380952381 32.0
83 41.6665380952381 31.0
84 39.67732380952381 32.0
84 41.6665380952381 31.0
85 39.67732380952381 32.0
85 41.6665380952381 31.0
86 39.67732380952381 32.0
86 41.6665380952381 31.0
87 39.67732380952381 32.0
87 41.6665380952381 31.0
88 39.67732380952381 32.0
88 41.6665380952381 31.0
89 39.67732380952381 32.0
89 41.6665380952381 31.0
90 39.67732380952381 32.0
90 41.6665380952381 31.0
91 39.67732380952381 32.0
91 41.6665380952381 31.0
92 39.67732380952381 32.0
92 41.6665380952381 31.0
93 39.67732380952381 32.0
93 41.6665380952381 31.0
94 39.67732380952381 32.0
94 41.6665380952381 31.0
95 39.67732380952381 32.0
95 41.6665380952381 31.0
96 39.67732380952381 32.0
96 41.6665380952381 31.0
97 39.67732380952381 32.0
97 41.6665380952381 31.0
98 39.67732380952381 32.0
98 41.6665380952381 31.0
99 39.67732380952381 32.0
99 41.6665380952381 31.0
100 39.67732380952381 32.0
100 41.6665380952381 31.0
