1 43.46375952380952 35.0
1 43.37012619047619 37.0
1 44.674259523809525 34.0
1 42.4060761904762 39.0
1 43.09844047619048 38.0
2 43.46375952380952 35.0
2 44.674259523809525 34.0
2 42.4060761904762 39.0
2 43.28822142857143 37.0
2 43.00259761904762 38.0
3 42.123640476190474 38.0
3 43.027097619047616 35.0
3 43.86918333333333 34.0
3 42.52295 36.0
4 42.123640476190474 38.0
4 42.78759761904762 33.0
4 41.72634047619048 39.0
4 42.293607142857134 37.0
4 42.350388095238095 35.0
5 42.123640476190474 38.0
5 42.78759761904762 33.0
5 41.72634047619048 39.0
5 42.350388095238095 35.0
5 42.133721428571434 37.0
5 41.61820238095238 40.0
6 42.78759761904762 33.0
6 41.72634047619048 39.0
6 41.61820238095238 40.0
6 42.145730952380944 34.0
6 42.10930714285714 36.0
6 42.06299523809523 38.0
7 41.72634047619048 39.0
7 41.61820238095238 40.0
7 42.145730952380944 34.0
7 42.430888095238096 32.0
7 41.74189285714286 36.0
8 41.72634047619048 39.0
8 41.61820238095238 40.0
8 42.145730952380944 34.0
8 42.430888095238096 32.0
8 41.74189285714286 36.0
9 42.430888095238096 32.0
9 41.80347857142857 34.0
9 41.099711904761904 35.0
10 42.430888095238096 32.0
10 41.099711904761904 35.0
10 41.58073571428572 34.0
11 42.430888095238096 32.0
11 41.099711904761904 35.0
11 41.58073571428572 34.0
12 42.430888095238096 32.0
12 41.099711904761904 35.0
12 41.58073571428572 34.0
13 42.430888095238096 32.0
13 41.099711904761904 35.0
13 41.58073571428572 34.0
13 41.92515952380952 33.0
14 42.430888095238096 32.0
14 41.92515952380952 33.0
14 40.68609285714286 37.0
14 40.84170238095238 34.0
15 40.68609285714286 37.0
15 40.84170238095238 34.0
15 41.66025952380953 31.0
16 40.68609285714286 37.0
16 40.84170238095238 34.0
16 41.66025952380953 31.0
17 40.68609285714286 37.0
17 40.84170238095238 34.0
17 41.66025952380953 31.0
18 40.68609285714286 37.0
18 40.84170238095238 34.0
18 41.66025952380953 31.0
19 40.68609285714286 37.0
19 40.84170238095238 34.0
19 41.66025952380953 31.0
20 40.68609285714286 37.0
20 40.84170238095238 34.0
20 41.66025952380953 31.0
21 40.68609285714286 37.0
21 40.84170238095238 34.0
21 41.66025952380953 31.0
22 40.68609285714286 37.0
22 40.84170238095238 34.0
22 41.66025952380953 31.0
23 40.68609285714286 37.0
23 40.84170238095238 34.0
23 41.66025952380953 31.0
24 40.68609285714286 37.0
24 40.84170238095238 34.0
24 41.66025952380953 31.0
25 40.84170238095238 34.0
25 41.66025952380953 31.0
25 40.09735476190477 36.0
26 40.84170238095238 34.0
26 41.66025952380953 31.0
26 40.09735476190477 36.0
26 41.64148333333333 33.0
27 40.84170238095238 34.0
27 41.66025952380953 31.0
27 40.09735476190477 36.0
27 41.59488571428572 32.0
28 40.84170238095238 34.0
28 41.66025952380953 31.0
28 40.09735476190477 36.0
28 41.59488571428572 32.0
29 40.84170238095238 34.0
29 41.66025952380953 31.0
29 40.09735476190477 36.0
29 41.59488571428572 32.0
30 40.84170238095238 34.0
30 41.66025952380953 31.0
30 40.09735476190477 36.0
30 41.59488571428572 32.0
31 40.84170238095238 34.0
31 41.66025952380953 31.0
31 40.09735476190477 36.0
31 41.59488571428572 32.0
32 40.84170238095238 34.0
32 41.66025952380953 31.0
32 40.09735476190477 36.0
32 41.59488571428572 32.0
33 40.84170238095238 34.0
33 41.66025952380953 31.0
33 40.09735476190477 36.0
33 41.59488571428572 32.0
34 40.84170238095238 34.0
34 41.66025952380953 31.0
34 40.09735476190477 36.0
34 41.59488571428572 32.0
35 40.84170238095238 34.0
35 41.66025952380953 31.0
35 40.09735476190477 36.0
35 41.59488571428572 32.0
36 40.84170238095238 34.0
36 41.66025952380953 31.0
36 40.09735476190477 36.0
36 41.59488571428572 32.0
37 40.84170238095238 34.0
37 41.66025952380953 31.0
37 40.09735476190477 36.0
37 41.59488571428572 32.0
38 40.84170238095238 34.0
38 41.66025952380953 31.0
38 40.09735476190477 36.0
38 41.59488571428572 32.0
39 40.84170238095238 34.0
39 41.66025952380953 31.0
39 40.09735476190477 36.0
39 41.59488571428572 32.0
40 40.84170238095238 34.0
40 41.66025952380953 31.0
40 40.09735476190477 36.0
40 41.59488571428572 32.0
40 40.614447619047624 35.0
41 40.84170238095238 34.0
41 41.66025952380953 31.0
41 40.09735476190477 36.0
41 41.59488571428572 32.0
41 40.614447619047624 35.0
42 40.84170238095238 34.0
42 41.66025952380953 31.0
42 40.09735476190477 36.0
42 41.59488571428572 32.0
42 40.614447619047624 35.0
42 40.96154047619048 33.0
43 40.84170238095238 34.0
43 41.66025952380953 31.0
43 40.09735476190477 36.0
43 41.59488571428572 32.0
43 40.614447619047624 35.0
43 40.96154047619048 33.0
44 40.84170238095238 34.0
44 41.66025952380953 31.0
44 40.09735476190477 36.0
44 41.59488571428572 32.0
44 40.614447619047624 35.0
44 40.96154047619048 33.0
45 40.84170238095238 34.0
45 41.66025952380953 31.0
45 40.09735476190477 36.0
45 41.59488571428572 32.0
45 40.614447619047624 35.0
45 40.96154047619048 33.0
46 40.84170238095238 34.0
46 41.66025952380953 31.0
46 40.09735476190477 36.0
46 41.59488571428572 32.0
46 40.614447619047624 35.0
46 40.96154047619048 33.0
47 40.84170238095238 34.0
47 41.66025952380953 31.0
47 40.09735476190477 36.0
47 41.59488571428572 32.0
47 40.614447619047624 35.0
47 40.96154047619048 33.0
48 40.84170238095238 34.0
48 41.66025952380953 31.0
48 40.09735476190477 36.0
48 41.59488571428572 32.0
48 40.614447619047624 35.0
48 40.96154047619048 33.0
49 40.84170238095238 34.0
49 41.66025952380953 31.0
49 40.09735476190477 36.0
49 41.59488571428572 32.0
49 40.614447619047624 35.0
49 40.96154047619048 33.0
50 40.84170238095238 34.0
50 41.66025952380953 31.0
50 40.09735476190477 36.0
50 41.59488571428572 32.0
50 40.614447619047624 35.0
50 40.96154047619048 33.0
51 40.84170238095238 34.0
51 41.66025952380953 31.0
51 40.09735476190477 36.0
51 40.614447619047624 35.0
51 40.96154047619048 33.0
51 41.251757142857144 32.0
52 40.84170238095238 34.0
52 41.66025952380953 31.0
52 40.09735476190477 36.0
52 40.614447619047624 35.0
52 40.96154047619048 33.0
52 41.251757142857144 32.0
53 40.84170238095238 34.0
53 41.66025952380953 31.0
53 40.09735476190477 36.0
53 40.614447619047624 35.0
53 40.96154047619048 33.0
53 41.251757142857144 32.0
54 40.84170238095238 34.0
54 41.66025952380953 31.0
54 40.09735476190477 36.0
54 40.614447619047624 35.0
54 40.96154047619048 33.0
54 41.251757142857144 32.0
55 40.84170238095238 34.0
55 41.66025952380953 31.0
55 40.09735476190477 36.0
55 40.614447619047624 35.0
55 40.96154047619048 33.0
55 41.251757142857144 32.0
56 40.84170238095238 34.0
56 41.66025952380953 31.0
56 40.09735476190477 36.0
56 40.614447619047624 35.0
56 40.96154047619048 33.0
56 41.251757142857144 32.0
57 40.84170238095238 34.0
57 41.66025952380953 31.0
57 40.09735476190477 36.0
57 40.614447619047624 35.0
57 40.96154047619048 33.0
57 41.251757142857144 32.0
58 40.84170238095238 34.0
58 41.66025952380953 31.0
58 40.09735476190477 36.0
58 40.614447619047624 35.0
58 40.96154047619048 33.0
58 41.251757142857144 32.0
59 40.84170238095238 34.0
59 41.66025952380953 31.0
59 40.09735476190477 36.0
59 40.614447619047624 35.0
59 40.96154047619048 33.0
59 41.251757142857144 32.0
60 40.84170238095238 34.0
60 41.66025952380953 31.0
60 40.09735476190477 36.0
60 40.614447619047624 35.0
60 40.96154047619048 33.0
60 41.251757142857144 32.0
61 40.84170238095238 34.0
61 41.66025952380953 31.0
61 40.09735476190477 36.0
61 40.614447619047624 35.0
61 40.96154047619048 33.0
61 41.251757142857144 32.0
62 40.84170238095238 34.0
62 41.66025952380953 31.0
62 40.09735476190477 36.0
62 40.614447619047624 35.0
62 40.96154047619048 33.0
62 41.251757142857144 32.0
63 40.84170238095238 34.0
63 41.66025952380953 31.0
63 40.09735476190477 36.0
63 40.614447619047624 35.0
63 40.96154047619048 33.0
63 41.251757142857144 32.0
64 40.84170238095238 34.0
64 41.66025952380953 31.0
64 40.09735476190477 36.0
64 40.614447619047624 35.0
64 40.96154047619048 33.0
64 41.251757142857144 32.0
65 40.84170238095238 34.0
65 41.66025952380953 31.0
65 40.09735476190477 36.0
65 40.614447619047624 35.0
65 40.96154047619048 33.0
65 41.251757142857144 32.0
66 40.84170238095238 34.0
66 41.66025952380953 31.0
66 40.09735476190477 36.0
66 40.614447619047624 35.0
66 40.96154047619048 33.0
66 41.251757142857144 32.0
67 40.84170238095238 34.0
67 41.66025952380953 31.0
67 40.09735476190477 36.0
67 40.614447619047624 35.0
67 40.96154047619048 33.0
67 41.251757142857144 32.0
68 40.84170238095238 34.0
68 41.66025952380953 31.0
68 40.09735476190477 36.0
68 40.614447619047624 35.0
68 40.96154047619048 33.0
68 41.251757142857144 32.0
69 40.84170238095238 34.0
69 41.66025952380953 31.0
69 40.09735476190477 36.0
69 40.614447619047624 35.0
69 40.96154047619048 33.0
69 41.251757142857144 32.0
70 40.84170238095238 34.0
70 41.66025952380953 31.0
70 40.09735476190477 36.0
70 40.614447619047624 35.0
70 40.96154047619048 33.0
70 41.251757142857144 32.0
71 40.84170238095238 34.0
71 41.66025952380953 31.0
71 40.09735476190477 36.0
71 40.614447619047624 35.0
71 40.96154047619048 33.0
71 41.251757142857144 32.0
72 40.84170238095238 34.0
72 41.66025952380953 31.0
72 40.09735476190477 36.0
72 40.614447619047624 35.0
72 40.96154047619048 33.0
72 41.251757142857144 32.0
73 40.84170238095238 34.0
73 41.66025952380953 31.0
73 40.09735476190477 36.0
73 40.614447619047624 35.0
73 40.96154047619048 33.0
73 41.251757142857144 32.0
74 40.84170238095238 34.0
74 41.66025952380953 31.0
74 40.09735476190477 36.0
74 40.614447619047624 35.0
74 40.96154047619048 33.0
74 41.251757142857144 32.0
75 40.84170238095238 34.0
75 41.66025952380953 31.0
75 40.09735476190477 36.0
75 40.614447619047624 35.0
75 40.96154047619048 33.0
75 41.251757142857144 32.0
76 40.84170238095238 34.0
76 41.66025952380953 31.0
76 40.09735476190477 36.0
76 40.614447619047624 35.0
76 40.96154047619048 33.0
76 41.251757142857144 32.0
77 40.84170238095238 34.0
77 41.66025952380953 31.0
77 40.09735476190477 36.0
77 40.614447619047624 35.0
77 40.96154047619048 33.0
77 41.251757142857144 32.0
78 40.84170238095238 34.0
78 41.66025952380953 31.0
78 40.09735476190477 36.0
78 40.614447619047624 35.0
78 40.96154047619048 33.0
78 41.251757142857144 32.0
79 40.84170238095238 34.0
79 41.66025952380953 31.0
79 40.09735476190477 36.0
79 40.614447619047624 35.0
79 40.96154047619048 33.0
79 41.251757142857144 32.0
80 40.84170238095238 34.0
80 41.66025952380953 31.0
80 40.09735476190477 36.0
80 40.614447619047624 35.0
80 40.96154047619048 33.0
80 41.251757142857144 32.0
81 40.84170238095238 34.0
81 41.66025952380953 31.0
81 40.09735476190477 36.0
81 40.614447619047624 35.0
81 40.96154047619048 33.0
81 41.251757142857144 32.0
82 40.84170238095238 34.0
82 41.66025952380953 31.0
82 40.09735476190477 36.0
82 40.614447619047624 35.0
82 40.96154047619048 33.0
82 41.251757142857144 32.0
83 40.84170238095238 34.0
83 41.66025952380953 31.0
83 40.09735476190477 36.0
83 40.614447619047624 35.0
83 40.96154047619048 33.0
83 41.251757142857144 32.0
84 40.84170238095238 34.0
84 41.66025952380953 31.0
84 40.09735476190477 36.0
84 40.614447619047624 35.0
84 40.96154047619048 33.0
84 41.251757142857144 32.0
85 40.84170238095238 34.0
85 41.66025952380953 31.0
85 40.09735476190477 36.0
85 40.614447619047624 35.0
85 40.96154047619048 33.0
85 41.251757142857144 32.0
86 40.84170238095238 34.0
86 41.66025952380953 31.0
86 40.09735476190477 36.0
86 40.614447619047624 35.0
86 40.96154047619048 33.0
86 41.251757142857144 32.0
87 40.84170238095238 34.0
87 41.66025952380953 31.0
87 40.09735476190477 36.0
87 40.614447619047624 35.0
87 40.96154047619048 33.0
87 41.251757142857144 32.0
88 40.84170238095238 34.0
88 41.66025952380953 31.0
88 40.09735476190477 36.0
88 40.614447619047624 35.0
88 40.96154047619048 33.0
88 41.251757142857144 32.0
89 40.84170238095238 34.0
89 41.66025952380953 31.0
89 40.09735476190477 36.0
89 40.614447619047624 35.0
89 40.96154047619048 33.0
89 41.251757142857144 32.0
90 40.84170238095238 34.0
90 41.66025952380953 31.0
90 40.09735476190477 36.0
90 40.614447619047624 35.0
90 40.96154047619048 33.0
90 41.251757142857144 32.0
91 40.84170238095238 34.0
91 41.66025952380953 31.0
91 40.09735476190477 36.0
91 40.614447619047624 35.0
91 40.96154047619048 33.0
91 41.251757142857144 32.0
92 40.84170238095238 34.0
92 41.66025952380953 31.0
92 40.09735476190477 36.0
92 40.614447619047624 35.0
92 40.96154047619048 33.0
92 41.251757142857144 32.0
93 40.84170238095238 34.0
93 41.66025952380953 31.0
93 40.09735476190477 36.0
93 40.614447619047624 35.0
93 40.96154047619048 33.0
93 41.251757142857144 32.0
94 40.84170238095238 34.0
94 41.66025952380953 31.0
94 40.09735476190477 36.0
94 40.614447619047624 35.0
94 40.96154047619048 33.0
94 41.251757142857144 32.0
95 40.84170238095238 34.0
95 41.66025952380953 31.0
95 40.09735476190477 36.0
95 40.614447619047624 35.0
95 40.96154047619048 33.0
95 41.251757142857144 32.0
96 40.84170238095238 34.0
96 41.66025952380953 31.0
96 40.09735476190477 36.0
96 40.614447619047624 35.0
96 40.96154047619048 33.0
96 41.251757142857144 32.0
97 40.84170238095238 34.0
97 41.66025952380953 31.0
97 40.09735476190477 36.0
97 40.614447619047624 35.0
97 40.96154047619048 33.0
97 41.251757142857144 32.0
98 40.84170238095238 34.0
98 41.66025952380953 31.0
98 40.09735476190477 36.0
98 40.614447619047624 35.0
98 40.96154047619048 33.0
98 41.251757142857144 32.0
99 40.84170238095238 34.0
99 41.66025952380953 31.0
99 40.09735476190477 36.0
99 40.614447619047624 35.0
99 40.96154047619048 33.0
99 41.251757142857144 32.0
100 40.84170238095238 34.0
100 41.66025952380953 31.0
100 40.09735476190477 36.0
100 40.614447619047624 35.0
100 40.96154047619048 33.0
100 41.251757142857144 32.0
