1 43.64106904761905 42.0
1 44.145692857142855 35.0
1 43.70844761904761 36.0
1 43.38000476190476 43.0
2 44.145692857142855 35.0
2 43.70844761904761 36.0
2 44.3111619047619 33.0
2 42.7580738095238 41.0
2 43.13690714285715 39.0
2 43.49048095238095 37.0
3 44.3111619047619 33.0
3 42.2575738095238 39.0
3 43.1910619047619 35.0
3 43.58875952380952 34.0
4 42.2575738095238 39.0
4 42.91741904761904 32.0
4 42.350161904761904 38.0
4 42.372521428571424 36.0
4 42.79663809523809 35.0
5 42.2575738095238 39.0
5 42.91741904761904 32.0
5 42.350161904761904 38.0
5 42.372521428571424 36.0
5 41.86133809523809 40.0
5 42.54722619047619 35.0
5 42.5829 34.0
6 42.91741904761904 32.0
6 42.372521428571424 36.0
6 41.86133809523809 40.0
6 42.54722619047619 35.0
6 42.5829 34.0
6 42.20456666666666 37.0
7 42.91741904761904 32.0
7 42.5829 34.0
7 42.0293238095238 35.0
7 41.70750714285714 38.0
8 42.91741904761904 32.0
8 41.70750714285714 38.0
8 41.93130238095238 34.0
9 42.91741904761904 32.0
9 41.70750714285714 38.0
9 41.93130238095238 34.0
9 41.81874523809523 36.0
10 42.91741904761904 32.0
10 41.93130238095238 34.0
10 41.81874523809523 36.0
10 41.591873809523804 38.0
11 42.91741904761904 32.0
11 41.93130238095238 34.0
11 41.81874523809523 36.0
11 41.92817380952381 35.0
11 41.246111904761904 37.0
12 41.93130238095238 34.0
12 41.92817380952381 35.0
12 41.246111904761904 37.0
12 41.720657142857135 36.0
12 42.529511904761904 32.0
13 41.93130238095238 34.0
13 41.246111904761904 37.0
13 41.720657142857135 36.0
13 42.529511904761904 32.0
13 41.858714285714285 35.0
14 41.246111904761904 37.0
14 42.529511904761904 32.0
14 41.55999285714285 33.0
15 41.246111904761904 37.0
15 42.529511904761904 32.0
15 41.55999285714285 33.0
16 41.246111904761904 37.0
16 42.529511904761904 32.0
16 41.55999285714285 33.0
17 42.529511904761904 32.0
17 41.55999285714285 33.0
17 41.09583571428571 34.0
18 42.529511904761904 32.0
18 41.55999285714285 33.0
18 41.09583571428571 34.0
18 40.828445238095235 35.0
19 42.529511904761904 32.0
19 41.55999285714285 33.0
19 41.09583571428571 34.0
19 40.828445238095235 35.0
20 42.529511904761904 32.0
20 41.55999285714285 33.0
20 41.09583571428571 34.0
20 40.828445238095235 35.0
21 42.529511904761904 32.0
21 41.55999285714285 33.0
21 41.09583571428571 34.0
21 40.828445238095235 35.0
22 42.529511904761904 32.0
22 41.55999285714285 33.0
22 41.09583571428571 34.0
22 40.828445238095235 35.0
23 42.529511904761904 32.0
23 41.55999285714285 33.0
23 41.09583571428571 34.0
23 40.828445238095235 35.0
24 42.529511904761904 32.0
24 41.55999285714285 33.0
24 41.09583571428571 34.0
24 40.828445238095235 35.0
25 42.529511904761904 32.0
25 41.55999285714285 33.0
25 41.09583571428571 34.0
25 40.828445238095235 35.0
26 41.55999285714285 33.0
26 41.09583571428571 34.0
26 40.828445238095235 35.0
26 41.822954761904754 31.0
27 41.55999285714285 33.0
27 41.09583571428571 34.0
27 40.828445238095235 35.0
27 41.822954761904754 31.0
28 41.822954761904754 31.0
28 41.46406428571429 33.0
28 40.4947119047619 34.0
29 41.822954761904754 31.0
29 40.4947119047619 34.0
29 41.06923571428572 33.0
30 41.822954761904754 31.0
30 40.4947119047619 34.0
30 40.53405238095238 32.0
31 41.822954761904754 31.0
31 40.4947119047619 34.0
31 40.53405238095238 32.0
32 41.822954761904754 31.0
32 40.4947119047619 34.0
32 40.53405238095238 32.0
33 41.822954761904754 31.0
33 40.4947119047619 34.0
33 40.53405238095238 32.0
34 41.822954761904754 31.0
34 40.4947119047619 34.0
34 40.53405238095238 32.0
35 41.822954761904754 31.0
35 40.4947119047619 34.0
35 40.53405238095238 32.0
36 41.822954761904754 31.0
36 40.4947119047619 34.0
36 40.53405238095238 32.0
37 41.822954761904754 31.0
37 40.4947119047619 34.0
37 40.53405238095238 32.0
38 41.822954761904754 31.0
38 40.4947119047619 34.0
38 40.53405238095238 32.0
38 40.40087142857143 35.0
39 41.822954761904754 31.0
39 40.4947119047619 34.0
39 40.53405238095238 32.0
39 40.40087142857143 35.0
40 41.822954761904754 31.0
40 40.4947119047619 34.0
40 40.53405238095238 32.0
40 40.40087142857143 35.0
41 41.822954761904754 31.0
41 40.4947119047619 34.0
41 40.53405238095238 32.0
41 40.40087142857143 35.0
42 41.822954761904754 31.0
42 40.4947119047619 34.0
42 40.53405238095238 32.0
42 40.40087142857143 35.0
43 41.822954761904754 31.0
43 40.53405238095238 32.0
43 40.304154761904755 33.0
44 41.822954761904754 31.0
44 39.88846428571429 32.0
45 41.822954761904754 31.0
45 39.88846428571429 32.0
46 39.88846428571429 32.0
46 41.41197380952381 30.0
47 39.88846428571429 32.0
47 41.41197380952381 30.0
48 39.88846428571429 32.0
48 41.41197380952381 30.0
49 39.88846428571429 32.0
49 41.41197380952381 30.0
50 39.88846428571429 32.0
50 41.41197380952381 30.0
51 39.88846428571429 32.0
51 41.41197380952381 30.0
52 39.88846428571429 32.0
52 41.41197380952381 30.0
53 39.88846428571429 32.0
53 41.41197380952381 30.0
54 39.88846428571429 32.0
54 41.41197380952381 30.0
55 39.88846428571429 32.0
55 41.41197380952381 30.0
56 39.88846428571429 32.0
56 41.41197380952381 30.0
56 40.65639285714286 31.0
57 39.88846428571429 32.0
57 41.41197380952381 30.0
57 40.65639285714286 31.0
58 39.88846428571429 32.0
58 41.41197380952381 30.0
58 40.65639285714286 31.0
59 39.88846428571429 32.0
59 41.41197380952381 30.0
59 40.65639285714286 31.0
60 39.88846428571429 32.0
60 41.41197380952381 30.0
60 40.65639285714286 31.0
61 39.88846428571429 32.0
61 41.41197380952381 30.0
61 40.65639285714286 31.0
62 39.88846428571429 32.0
62 41.41197380952381 30.0
62 40.65639285714286 31.0
63 39.88846428571429 32.0
63 41.41197380952381 30.0
63 40.65639285714286 31.0
64 39.88846428571429 32.0
64 41.41197380952381 30.0
64 40.65639285714286 31.0
65 39.88846428571429 32.0
65 41.41197380952381 30.0
65 40.65639285714286 31.0
66 39.88846428571429 32.0
66 41.41197380952381 30.0
66 40.65639285714286 31.0
67 39.88846428571429 32.0
67 41.41197380952381 30.0
67 40.65639285714286 31.0
68 39.88846428571429 32.0
68 41.41197380952381 30.0
68 40.65639285714286 31.0
69 39.88846428571429 32.0
69 41.41197380952381 30.0
69 40.65639285714286 31.0
70 39.88846428571429 32.0
70 41.41197380952381 30.0
70 40.65639285714286 31.0
71 39.88846428571429 32.0
71 41.41197380952381 30.0
71 40.65639285714286 31.0
72 39.88846428571429 32.0
72 41.41197380952381 30.0
72 40.65639285714286 31.0
73 39.88846428571429 32.0
73 41.41197380952381 30.0
73 40.65639285714286 31.0
74 39.88846428571429 32.0
74 41.41197380952381 30.0
74 40.65639285714286 31.0
75 39.88846428571429 32.0
75 41.41197380952381 30.0
75 40.65639285714286 31.0
76 39.88846428571429 32.0
76 41.41197380952381 30.0
76 40.65639285714286 31.0
76 43.26377142857142 29.0
77 39.88846428571429 32.0
77 41.41197380952381 30.0
77 40.65639285714286 31.0
77 43.26377142857142 29.0
78 39.88846428571429 32.0
78 41.41197380952381 30.0
78 40.65639285714286 31.0
78 43.26377142857142 29.0
79 39.88846428571429 32.0
79 41.41197380952381 30.0
79 40.65639285714286 31.0
79 43.26377142857142 29.0
80 39.88846428571429 32.0
80 41.41197380952381 30.0
80 40.65639285714286 31.0
80 43.26377142857142 29.0
81 39.88846428571429 32.0
81 41.41197380952381 30.0
81 40.65639285714286 31.0
81 43.26377142857142 29.0
82 39.88846428571429 32.0
82 41.41197380952381 30.0
82 40.65639285714286 31.0
82 43.26377142857142 29.0
83 39.88846428571429 32.0
83 41.41197380952381 30.0
83 40.65639285714286 31.0
83 43.26377142857142 29.0
84 39.88846428571429 32.0
84 41.41197380952381 30.0
84 40.65639285714286 31.0
84 43.26377142857142 29.0
85 39.88846428571429 32.0
85 41.41197380952381 30.0
85 40.65639285714286 31.0
85 43.26377142857142 29.0
86 39.88846428571429 32.0
86 41.41197380952381 30.0
86 40.65639285714286 31.0
86 43.26377142857142 29.0
87 39.88846428571429 32.0
87 41.41197380952381 30.0
87 40.65639285714286 31.0
87 43.26377142857142 29.0
88 39.88846428571429 32.0
88 41.41197380952381 30.0
88 40.65639285714286 31.0
88 43.26377142857142 29.0
89 39.88846428571429 32.0
89 41.41197380952381 30.0
89 40.65639285714286 31.0
89 43.26377142857142 29.0
90 39.88846428571429 32.0
90 41.41197380952381 30.0
90 40.65639285714286 31.0
90 43.26377142857142 29.0
91 39.88846428571429 32.0
91 41.41197380952381 30.0
91 40.65639285714286 31.0
91 43.26377142857142 29.0
92 39.88846428571429 32.0
92 41.41197380952381 30.0
92 40.65639285714286 31.0
92 43.26377142857142 29.0
93 39.88846428571429 32.0
93 41.41197380952381 30.0
93 40.65639285714286 31.0
93 43.26377142857142 29.0
94 39.88846428571429 32.0
94 41.41197380952381 30.0
94 40.65639285714286 31.0
94 43.26377142857142 29.0
95 39.88846428571429 32.0
95 41.41197380952381 30.0
95 40.65639285714286 31.0
95 43.26377142857142 29.0
96 39.88846428571429 32.0
96 41.41197380952381 30.0
96 40.65639285714286 31.0
96 43.26377142857142 29.0
97 39.88846428571429 32.0
97 41.41197380952381 30.0
97 40.65639285714286 31.0
97 43.26377142857142 29.0
98 39.88846428571429 32.0
98 41.41197380952381 30.0
98 40.65639285714286 31.0
98 43.26377142857142 29.0
99 39.88846428571429 32.0
99 41.41197380952381 30.0
99 40.65639285714286 31.0
99 43.26377142857142 29.0
100 39.88846428571429 32.0
100 41.41197380952381 30.0
100 40.65639285714286 31.0
100 43.26377142857142 29.0
