1 42.882047619047626 39.0
1 43.23335238095238 34.0
2 42.532376190476185 39.0
2 42.66663333333333 36.0
2 42.70440238095238 33.0
3 42.70440238095238 33.0
3 41.81902619047619 35.0
4 42.70440238095238 33.0
4 41.81902619047619 35.0
4 42.65092142857143 34.0
5 41.81902619047619 35.0
5 42.65092142857143 34.0
5 42.666719047619054 32.0
5 41.09997619047619 37.0
6 41.81902619047619 35.0
6 42.65092142857143 34.0
6 42.666719047619054 32.0
6 41.09997619047619 37.0
7 41.81902619047619 35.0
7 41.09997619047619 37.0
7 42.10763571428571 32.0
8 41.81902619047619 35.0
8 41.09997619047619 37.0
8 42.10763571428571 32.0
8 41.520764285714286 36.0
9 41.09997619047619 37.0
9 41.19020476190476 32.0
10 41.09997619047619 37.0
10 41.19020476190476 32.0
11 41.09997619047619 37.0
11 41.19020476190476 32.0
12 41.09997619047619 37.0
12 41.19020476190476 32.0
12 42.580421428571434 31.0
13 41.09997619047619 37.0
13 41.19020476190476 32.0
13 42.580421428571434 31.0
14 41.09997619047619 37.0
14 41.19020476190476 32.0
14 42.580421428571434 31.0
15 41.09997619047619 37.0
15 41.19020476190476 32.0
15 42.580421428571434 31.0
16 41.09997619047619 37.0
16 41.19020476190476 32.0
16 42.09365 31.0
16 41.02298571428572 39.0
17 41.09997619047619 37.0
17 41.19020476190476 32.0
17 42.09365 31.0
17 41.02298571428572 39.0
18 41.09997619047619 37.0
18 41.19020476190476 32.0
18 42.09365 31.0
18 41.02298571428572 39.0
19 41.09997619047619 37.0
19 41.19020476190476 32.0
19 42.09365 31.0
19 41.02298571428572 39.0
20 41.19020476190476 32.0
20 42.09365 31.0
20 40.47245 35.0
20 41.17458095238095 34.0
21 41.19020476190476 32.0
21 42.09365 31.0
21 40.47245 35.0
21 41.17458095238095 34.0
22 41.19020476190476 32.0
22 42.09365 31.0
22 40.47245 35.0
22 40.62602619047619 33.0
23 41.19020476190476 32.0
23 42.09365 31.0
23 40.47245 35.0
23 40.62602619047619 33.0
24 41.19020476190476 32.0
24 42.09365 31.0
24 40.47245 35.0
24 40.62602619047619 33.0
24 40.25648809523809 36.0
25 41.19020476190476 32.0
25 42.09365 31.0
25 40.47245 35.0
25 40.62602619047619 33.0
25 40.25648809523809 36.0
26 42.09365 31.0
26 40.47245 35.0
26 40.62602619047619 33.0
26 40.25648809523809 36.0
26 40.963233333333335 32.0
27 42.09365 31.0
27 40.47245 35.0
27 40.62602619047619 33.0
27 40.25648809523809 36.0
27 40.963233333333335 32.0
28 42.09365 31.0
28 40.47245 35.0
28 40.62602619047619 33.0
28 40.25648809523809 36.0
28 40.963233333333335 32.0
29 42.09365 31.0
29 40.47245 35.0
29 40.62602619047619 33.0
29 40.25648809523809 36.0
29 40.963233333333335 32.0
30 42.09365 31.0
30 40.62602619047619 33.0
30 40.25648809523809 36.0
30 40.963233333333335 32.0
30 40.27229285714286 34.0
31 42.09365 31.0
31 40.25648809523809 36.0
31 40.963233333333335 32.0
31 40.27229285714286 34.0
31 40.55916666666666 33.0
32 42.09365 31.0
32 40.25648809523809 36.0
32 40.963233333333335 32.0
32 40.27229285714286 34.0
32 40.55916666666666 33.0
33 42.09365 31.0
33 40.25648809523809 36.0
33 40.963233333333335 32.0
33 40.27229285714286 34.0
33 40.55916666666666 33.0
34 42.09365 31.0
34 40.25648809523809 36.0
34 40.27229285714286 34.0
34 40.55916666666666 33.0
34 40.57060714285714 32.0
35 42.09365 31.0
35 40.25648809523809 36.0
35 40.27229285714286 34.0
35 40.55916666666666 33.0
35 40.57060714285714 32.0
36 42.09365 31.0
36 40.25648809523809 36.0
36 40.27229285714286 34.0
36 40.55916666666666 33.0
36 40.57060714285714 32.0
36 42.66012857142858 30.0
37 42.09365 31.0
37 40.25648809523809 36.0
37 40.27229285714286 34.0
37 40.55916666666666 33.0
37 40.57060714285714 32.0
37 42.66012857142858 30.0
38 40.25648809523809 36.0
38 40.27229285714286 34.0
38 40.55916666666666 33.0
38 40.57060714285714 32.0
38 42.66012857142858 30.0
38 41.13052857142858 31.0
39 40.25648809523809 36.0
39 40.27229285714286 34.0
39 40.55916666666666 33.0
39 40.57060714285714 32.0
39 42.66012857142858 30.0
39 41.13052857142858 31.0
40 40.25648809523809 36.0
40 40.27229285714286 34.0
40 40.55916666666666 33.0
40 40.57060714285714 32.0
40 42.66012857142858 30.0
40 41.13052857142858 31.0
41 40.25648809523809 36.0
41 40.27229285714286 34.0
41 40.55916666666666 33.0
41 40.57060714285714 32.0
41 42.66012857142858 30.0
41 41.13052857142858 31.0
42 40.25648809523809 36.0
42 40.27229285714286 34.0
42 40.55916666666666 33.0
42 40.57060714285714 32.0
42 42.66012857142858 30.0
42 41.13052857142858 31.0
43 40.25648809523809 36.0
43 40.27229285714286 34.0
43 40.55916666666666 33.0
43 40.57060714285714 32.0
43 42.66012857142858 30.0
43 41.13052857142858 31.0
44 40.25648809523809 36.0
44 40.27229285714286 34.0
44 40.55916666666666 33.0
44 40.57060714285714 32.0
44 42.66012857142858 30.0
44 41.13052857142858 31.0
45 40.25648809523809 36.0
45 40.27229285714286 34.0
45 40.55916666666666 33.0
45 40.57060714285714 32.0
45 42.66012857142858 30.0
45 41.13052857142858 31.0
46 40.25648809523809 36.0
46 40.27229285714286 34.0
46 40.55916666666666 33.0
46 40.57060714285714 32.0
46 42.66012857142858 30.0
46 41.13052857142858 31.0
47 40.25648809523809 36.0
47 40.27229285714286 34.0
47 42.66012857142858 30.0
47 41.13052857142858 31.0
47 40.488911904761906 32.0
48 40.25648809523809 36.0
48 40.27229285714286 34.0
48 42.66012857142858 30.0
48 41.13052857142858 31.0
48 40.488911904761906 32.0
49 40.25648809523809 36.0
49 40.27229285714286 34.0
49 42.66012857142858 30.0
49 41.13052857142858 31.0
49 40.488911904761906 32.0
50 40.25648809523809 36.0
50 40.27229285714286 34.0
50 42.66012857142858 30.0
50 41.13052857142858 31.0
50 40.488911904761906 32.0
51 40.25648809523809 36.0
51 40.27229285714286 34.0
51 42.66012857142858 30.0
51 41.13052857142858 31.0
51 40.488911904761906 32.0
52 40.25648809523809 36.0
52 40.27229285714286 34.0
52 42.66012857142858 30.0
52 41.13052857142858 31.0
52 40.488911904761906 32.0
53 40.25648809523809 36.0
53 40.27229285714286 34.0
53 42.66012857142858 30.0
53 41.13052857142858 31.0
53 40.488911904761906 32.0
54 40.25648809523809 36.0
54 40.27229285714286 34.0
54 41.13052857142858 31.0
54 40.488911904761906 32.0
54 42.58677619047619 30.0
55 40.25648809523809 36.0
55 40.27229285714286 34.0
55 41.13052857142858 31.0
55 40.488911904761906 32.0
55 42.58677619047619 30.0
56 40.25648809523809 36.0
56 40.27229285714286 34.0
56 41.13052857142858 31.0
56 40.488911904761906 32.0
56 42.58677619047619 30.0
57 40.25648809523809 36.0
57 40.27229285714286 34.0
57 41.13052857142858 31.0
57 40.488911904761906 32.0
57 42.58677619047619 30.0
58 40.25648809523809 36.0
58 40.27229285714286 34.0
58 41.13052857142858 31.0
58 40.488911904761906 32.0
58 42.58677619047619 30.0
59 40.25648809523809 36.0
59 40.27229285714286 34.0
59 41.13052857142858 31.0
59 40.488911904761906 32.0
59 42.58677619047619 30.0
60 40.25648809523809 36.0
60 40.27229285714286 34.0
60 41.13052857142858 31.0
60 40.488911904761906 32.0
60 42.58677619047619 30.0
61 40.25648809523809 36.0
61 40.27229285714286 34.0
61 41.13052857142858 31.0
61 40.488911904761906 32.0
61 42.58677619047619 30.0
62 40.25648809523809 36.0
62 40.27229285714286 34.0
62 41.13052857142858 31.0
62 40.488911904761906 32.0
62 42.58677619047619 30.0
63 40.25648809523809 36.0
63 40.27229285714286 34.0
63 41.13052857142858 31.0
63 40.488911904761906 32.0
63 42.58677619047619 30.0
64 40.25648809523809 36.0
64 40.27229285714286 34.0
64 41.13052857142858 31.0
64 40.488911904761906 32.0
64 42.58677619047619 30.0
65 40.25648809523809 36.0
65 40.27229285714286 34.0
65 41.13052857142858 31.0
65 40.488911904761906 32.0
65 42.58677619047619 30.0
66 40.25648809523809 36.0
66 40.27229285714286 34.0
66 41.13052857142858 31.0
66 40.488911904761906 32.0
66 42.58677619047619 30.0
67 40.25648809523809 36.0
67 40.27229285714286 34.0
67 41.13052857142858 31.0
67 40.488911904761906 32.0
67 42.58677619047619 30.0
68 40.25648809523809 36.0
68 40.27229285714286 34.0
68 41.13052857142858 31.0
68 40.488911904761906 32.0
68 42.58677619047619 30.0
69 40.25648809523809 36.0
69 40.27229285714286 34.0
69 41.13052857142858 31.0
69 40.488911904761906 32.0
69 42.58677619047619 30.0
70 40.25648809523809 36.0
70 40.27229285714286 34.0
70 41.13052857142858 31.0
70 40.488911904761906 32.0
70 42.58677619047619 30.0
71 40.25648809523809 36.0
71 40.27229285714286 34.0
71 41.13052857142858 31.0
71 40.488911904761906 32.0
71 42.58677619047619 30.0
72 40.25648809523809 36.0
72 40.27229285714286 34.0
72 41.13052857142858 31.0
72 40.488911904761906 32.0
72 42.58677619047619 30.0
73 40.25648809523809 36.0
73 40.27229285714286 34.0
73 41.13052857142858 31.0
73 40.488911904761906 32.0
73 42.58677619047619 30.0
74 40.25648809523809 36.0
74 40.27229285714286 34.0
74 41.13052857142858 31.0
74 40.488911904761906 32.0
74 42.58677619047619 30.0
75 40.25648809523809 36.0
75 40.27229285714286 34.0
75 41.13052857142858 31.0
75 40.488911904761906 32.0
75 42.58677619047619 30.0
76 40.25648809523809 36.0
76 40.27229285714286 34.0
76 41.13052857142858 31.0
76 40.488911904761906 32.0
76 42.58677619047619 30.0
77 40.25648809523809 36.0
77 40.27229285714286 34.0
77 41.13052857142858 31.0
77 40.488911904761906 32.0
77 42.58677619047619 30.0
78 40.25648809523809 36.0
78 40.27229285714286 34.0
78 41.13052857142858 31.0
78 40.488911904761906 32.0
78 42.58677619047619 30.0
79 40.25648809523809 36.0
79 40.27229285714286 34.0
79 41.13052857142858 31.0
79 40.488911904761906 32.0
79 42.58677619047619 30.0
80 40.25648809523809 36.0
80 40.27229285714286 34.0
80 41.13052857142858 31.0
80 40.488911904761906 32.0
80 42.58677619047619 30.0
81 40.25648809523809 36.0
81 40.27229285714286 34.0
81 41.13052857142858 31.0
81 40.488911904761906 32.0
81 42.58677619047619 30.0
82 40.25648809523809 36.0
82 40.27229285714286 34.0
82 41.13052857142858 31.0
82 40.488911904761906 32.0
82 42.58677619047619 30.0
83 40.25648809523809 36.0
83 40.27229285714286 34.0
83 41.13052857142858 31.0
83 40.488911904761906 32.0
83 42.58677619047619 30.0
84 40.25648809523809 36.0
84 40.27229285714286 34.0
84 41.13052857142858 31.0
84 40.488911904761906 32.0
84 42.58677619047619 30.0
85 40.25648809523809 36.0
85 40.27229285714286 34.0
85 41.13052857142858 31.0
85 40.488911904761906 32.0
85 42.58677619047619 30.0
86 40.25648809523809 36.0
86 40.27229285714286 34.0
86 41.13052857142858 31.0
86 40.488911904761906 32.0
86 42.58677619047619 30.0
87 40.25648809523809 36.0
87 40.27229285714286 34.0
87 41.13052857142858 31.0
87 40.488911904761906 32.0
87 42.58677619047619 30.0
88 40.25648809523809 36.0
88 40.27229285714286 34.0
88 41.13052857142858 31.0
88 40.488911904761906 32.0
88 42.58677619047619 30.0
89 40.25648809523809 36.0
89 40.27229285714286 34.0
89 41.13052857142858 31.0
89 40.488911904761906 32.0
89 42.58677619047619 30.0
90 40.25648809523809 36.0
90 40.27229285714286 34.0
90 41.13052857142858 31.0
90 40.488911904761906 32.0
90 42.58677619047619 30.0
91 40.25648809523809 36.0
91 40.27229285714286 34.0
91 41.13052857142858 31.0
91 40.488911904761906 32.0
91 42.58677619047619 30.0
92 40.25648809523809 36.0
92 40.27229285714286 34.0
92 41.13052857142858 31.0
92 40.488911904761906 32.0
92 42.58677619047619 30.0
93 40.25648809523809 36.0
93 40.27229285714286 34.0
93 41.13052857142858 31.0
93 40.488911904761906 32.0
93 42.58677619047619 30.0
94 40.25648809523809 36.0
94 40.27229285714286 34.0
94 41.13052857142858 31.0
94 40.488911904761906 32.0
94 42.58677619047619 30.0
95 40.25648809523809 36.0
95 40.27229285714286 34.0
95 41.13052857142858 31.0
95 40.488911904761906 32.0
95 42.58677619047619 30.0
96 40.25648809523809 36.0
96 40.27229285714286 34.0
96 41.13052857142858 31.0
96 40.488911904761906 32.0
96 42.58677619047619 30.0
97 40.25648809523809 36.0
97 40.27229285714286 34.0
97 41.13052857142858 31.0
97 40.488911904761906 32.0
97 42.58677619047619 30.0
98 40.25648809523809 36.0
98 40.27229285714286 34.0
98 41.13052857142858 31.0
98 40.488911904761906 32.0
98 42.58677619047619 30.0
99 40.25648809523809 36.0
99 40.27229285714286 34.0
99 41.13052857142858 31.0
99 40.488911904761906 32.0
99 42.58677619047619 30.0
100 40.25648809523809 36.0
100 40.27229285714286 34.0
100 41.13052857142858 31.0
100 40.488911904761906 32.0
100 42.58677619047619 30.0
