1 45.15953095238095 33.0
1 42.24174047619047 34.0
2 45.15953095238095 33.0
2 42.24174047619047 34.0
3 45.15953095238095 33.0
3 42.24174047619047 34.0
4 42.24174047619047 34.0
4 42.80836666666665 33.0
4 42.20005476190477 39.0
5 42.24174047619047 34.0
5 42.80836666666665 33.0
5 41.80451904761905 35.0
6 42.80836666666665 33.0
6 41.63701904761904 34.0
7 41.63701904761904 34.0
7 42.46413571428571 33.0
7 41.35522619047619 36.0
8 41.63701904761904 34.0
8 42.46413571428571 33.0
8 41.35522619047619 36.0
9 41.35522619047619 36.0
9 41.4296 34.0
9 42.177 33.0
10 42.177 33.0
10 40.9760761904762 34.0
11 42.177 33.0
11 40.9760761904762 34.0
12 42.177 33.0
12 40.9760761904762 34.0
12 42.89666666666666 32.0
13 42.177 33.0
13 40.9760761904762 34.0
13 42.89666666666666 32.0
13 40.26340952380953 35.0
14 42.177 33.0
14 40.9760761904762 34.0
14 42.89666666666666 32.0
14 40.26340952380953 35.0
15 42.177 33.0
15 40.9760761904762 34.0
15 40.26340952380953 35.0
15 42.57118809523809 32.0
16 42.177 33.0
16 40.9760761904762 34.0
16 40.26340952380953 35.0
16 42.57118809523809 32.0
17 42.177 33.0
17 40.9760761904762 34.0
17 40.26340952380953 35.0
17 42.57118809523809 32.0
18 40.9760761904762 34.0
18 40.26340952380953 35.0
18 41.22000952380953 32.0
19 40.9760761904762 34.0
19 40.26340952380953 35.0
19 41.22000952380953 32.0
19 43.26276190476191 31.0
20 40.9760761904762 34.0
20 40.26340952380953 35.0
20 41.22000952380953 32.0
20 43.26276190476191 31.0
21 40.9760761904762 34.0
21 40.26340952380953 35.0
21 41.22000952380953 32.0
21 43.26276190476191 31.0
22 40.9760761904762 34.0
22 40.26340952380953 35.0
22 41.22000952380953 32.0
22 43.26276190476191 31.0
23 40.9760761904762 34.0
23 40.26340952380953 35.0
23 41.22000952380953 32.0
23 43.26276190476191 31.0
24 40.9760761904762 34.0
24 40.26340952380953 35.0
24 41.22000952380953 32.0
24 43.26276190476191 31.0
25 40.9760761904762 34.0
25 40.26340952380953 35.0
25 41.22000952380953 32.0
25 43.26276190476191 31.0
26 40.26340952380953 35.0
26 40.9691119047619 31.0
27 40.26340952380953 35.0
27 40.9691119047619 31.0
28 40.26340952380953 35.0
28 40.9691119047619 31.0
29 40.26340952380953 35.0
29 40.9691119047619 31.0
30 40.26340952380953 35.0
30 40.9691119047619 31.0
31 40.26340952380953 35.0
31 40.9691119047619 31.0
32 40.26340952380953 35.0
32 40.9691119047619 31.0
33 40.26340952380953 35.0
33 40.9691119047619 31.0
33 40.881121428571426 34.0
34 40.26340952380953 35.0
34 40.9691119047619 31.0
34 40.881121428571426 34.0
35 40.26340952380953 35.0
35 40.9691119047619 31.0
35 40.881121428571426 34.0
36 40.26340952380953 35.0
36 40.9691119047619 31.0
36 40.881121428571426 34.0
37 40.26340952380953 35.0
37 40.9691119047619 31.0
37 40.881121428571426 34.0
38 40.26340952380953 35.0
38 40.9691119047619 31.0
38 40.881121428571426 34.0
39 40.26340952380953 35.0
39 40.9691119047619 31.0
39 40.881121428571426 34.0
40 40.26340952380953 35.0
40 40.9691119047619 31.0
40 40.881121428571426 34.0
41 40.26340952380953 35.0
41 40.9691119047619 31.0
41 40.881121428571426 34.0
42 40.26340952380953 35.0
42 40.9691119047619 31.0
42 40.881121428571426 34.0
43 40.26340952380953 35.0
43 40.9691119047619 31.0
43 40.881121428571426 34.0
44 40.26340952380953 35.0
44 40.9691119047619 31.0
44 40.881121428571426 34.0
45 40.26340952380953 35.0
45 40.9691119047619 31.0
45 40.881121428571426 34.0
46 40.26340952380953 35.0
46 40.9691119047619 31.0
46 40.86181666666667 33.0
47 40.26340952380953 35.0
47 40.9691119047619 31.0
47 40.86181666666667 33.0
48 40.26340952380953 35.0
48 40.9691119047619 31.0
48 40.86181666666667 33.0
49 40.26340952380953 35.0
49 40.9691119047619 31.0
49 40.86181666666667 33.0
50 40.26340952380953 35.0
50 40.9691119047619 31.0
50 40.86181666666667 33.0
51 40.26340952380953 35.0
51 40.9691119047619 31.0
51 40.86181666666667 33.0
52 40.26340952380953 35.0
52 40.9691119047619 31.0
52 40.86181666666667 33.0
53 40.26340952380953 35.0
53 40.9691119047619 31.0
53 40.86181666666667 33.0
54 40.26340952380953 35.0
54 40.9691119047619 31.0
54 40.86181666666667 33.0
55 40.26340952380953 35.0
55 40.9691119047619 31.0
55 40.86181666666667 33.0
56 40.26340952380953 35.0
56 40.9691119047619 31.0
56 40.86181666666667 33.0
57 40.26340952380953 35.0
57 40.9691119047619 31.0
57 40.86181666666667 33.0
58 40.26340952380953 35.0
58 40.9691119047619 31.0
58 40.86181666666667 33.0
59 40.26340952380953 35.0
59 40.9691119047619 31.0
59 40.86181666666667 33.0
60 40.26340952380953 35.0
60 40.9691119047619 31.0
60 40.86181666666667 33.0
61 40.26340952380953 35.0
61 40.9691119047619 31.0
61 40.86181666666667 33.0
62 40.26340952380953 35.0
62 40.9691119047619 31.0
62 40.86181666666667 33.0
63 40.26340952380953 35.0
63 40.9691119047619 31.0
63 40.86181666666667 33.0
64 40.26340952380953 35.0
64 40.9691119047619 31.0
64 40.86181666666667 33.0
65 40.26340952380953 35.0
65 40.9691119047619 31.0
65 40.86181666666667 33.0
66 40.26340952380953 35.0
66 40.9691119047619 31.0
66 40.86181666666667 33.0
67 40.26340952380953 35.0
67 40.9691119047619 31.0
67 40.86181666666667 33.0
68 40.26340952380953 35.0
68 40.9691119047619 31.0
68 40.86181666666667 33.0
69 40.26340952380953 35.0
69 40.9691119047619 31.0
69 40.86181666666667 33.0
70 40.26340952380953 35.0
70 40.9691119047619 31.0
70 40.86181666666667 33.0
71 40.26340952380953 35.0
71 40.9691119047619 31.0
71 40.86181666666667 33.0
72 40.26340952380953 35.0
72 40.9691119047619 31.0
72 40.86181666666667 33.0
73 40.26340952380953 35.0
73 40.9691119047619 31.0
73 40.86181666666667 33.0
74 40.26340952380953 35.0
74 40.9691119047619 31.0
74 40.86181666666667 33.0
75 40.26340952380953 35.0
75 40.9691119047619 31.0
75 40.86181666666667 33.0
76 40.26340952380953 35.0
76 40.9691119047619 31.0
76 40.86181666666667 33.0
77 40.26340952380953 35.0
77 40.9691119047619 31.0
77 40.86181666666667 33.0
78 40.26340952380953 35.0
78 40.9691119047619 31.0
78 40.86181666666667 33.0
79 40.26340952380953 35.0
79 40.9691119047619 31.0
79 40.86181666666667 33.0
80 40.26340952380953 35.0
80 40.9691119047619 31.0
80 40.86181666666667 33.0
81 40.26340952380953 35.0
81 40.9691119047619 31.0
81 40.86181666666667 33.0
82 40.26340952380953 35.0
82 40.9691119047619 31.0
82 40.86181666666667 33.0
83 40.26340952380953 35.0
83 40.9691119047619 31.0
83 40.86181666666667 33.0
84 40.26340952380953 35.0
84 40.9691119047619 31.0
84 40.86181666666667 33.0
85 40.26340952380953 35.0
85 40.9691119047619 31.0
85 40.86181666666667 33.0
86 40.26340952380953 35.0
86 40.9691119047619 31.0
86 40.86181666666667 33.0
87 40.26340952380953 35.0
87 40.9691119047619 31.0
87 40.86181666666667 33.0
88 40.26340952380953 35.0
88 40.9691119047619 31.0
88 40.86181666666667 33.0
89 40.26340952380953 35.0
89 40.9691119047619 31.0
89 40.86181666666667 33.0
90 40.26340952380953 35.0
90 40.9691119047619 31.0
90 40.86181666666667 33.0
91 40.26340952380953 35.0
91 40.9691119047619 31.0
91 40.86181666666667 33.0
92 40.26340952380953 35.0
92 40.9691119047619 31.0
92 40.86181666666667 33.0
93 40.26340952380953 35.0
93 40.9691119047619 31.0
93 40.86181666666667 33.0
94 40.26340952380953 35.0
94 40.9691119047619 31.0
94 40.86181666666667 33.0
95 40.26340952380953 35.0
95 40.9691119047619 31.0
95 40.86181666666667 33.0
96 40.26340952380953 35.0
96 40.9691119047619 31.0
96 40.86181666666667 33.0
97 40.26340952380953 35.0
97 40.9691119047619 31.0
97 40.86181666666667 33.0
98 40.26340952380953 35.0
98 40.9691119047619 31.0
98 40.86181666666667 33.0
99 40.26340952380953 35.0
99 40.9691119047619 31.0
99 40.86181666666667 33.0
100 40.26340952380953 35.0
100 40.9691119047619 31.0
100 40.86181666666667 33.0
