1 45.15953095238095 33.0
1 42.24174047619047 34.0
2 45.15953095238095 33.0
2 42.24174047619047 34.0
3 45.15953095238095 33.0
3 42.24174047619047 34.0
4 42.24174047619047 34.0
4 43.38809285714286 32.0
5 42.24174047619047 34.0
5 43.38809285714286 32.0
6 43.38809285714286 32.0
6 41.68058333333333 36.0
7 43.38809285714286 32.0
7 41.68058333333333 36.0
8 43.38809285714286 32.0
8 41.68058333333333 36.0
8 43.15631666666666 33.0
9 43.38809285714286 32.0
9 41.68058333333333 36.0
9 43.15631666666666 33.0
10 43.38809285714286 32.0
10 41.68058333333333 36.0
10 43.15631666666666 33.0
10 41.38961190476191 37.0
11 43.38809285714286 32.0
11 41.68058333333333 36.0
11 43.15631666666666 33.0
11 41.38961190476191 37.0
12 41.68058333333333 36.0
12 41.820721428571424 35.0
12 43.33143333333334 32.0
12 41.38731190476191 38.0
13 41.820721428571424 35.0
13 43.33143333333334 32.0
13 41.38731190476191 38.0
13 41.52119523809523 36.0
14 43.33143333333334 32.0
14 41.36416428571429 42.0
15 43.33143333333334 32.0
15 41.36416428571429 42.0
16 43.33143333333334 32.0
16 41.36019761904761 37.0
17 43.33143333333334 32.0
17 41.26996904761905 33.0
18 41.26996904761905 33.0
18 41.59604047619048 30.0
19 41.26996904761905 33.0
19 41.59604047619048 30.0
20 41.26996904761905 33.0
20 41.59604047619048 30.0
21 41.59604047619048 30.0
21 40.80699285714286 32.0
22 41.59604047619048 30.0
22 40.80699285714286 32.0
23 41.59604047619048 30.0
23 40.80699285714286 32.0
24 41.59604047619048 30.0
24 40.80699285714286 32.0
25 41.59604047619048 30.0
25 40.80699285714286 32.0
26 41.59604047619048 30.0
26 40.80699285714286 32.0
27 41.59604047619048 30.0
27 40.80699285714286 32.0
28 41.59604047619048 30.0
28 40.80699285714286 32.0
29 41.59604047619048 30.0
29 40.80699285714286 32.0
29 40.75805952380952 35.0
30 41.59604047619048 30.0
30 40.80699285714286 32.0
30 40.75805952380952 35.0
31 41.59604047619048 30.0
31 40.80699285714286 32.0
31 40.75805952380952 35.0
32 41.59604047619048 30.0
32 40.80699285714286 32.0
32 40.75805952380952 35.0
33 41.59604047619048 30.0
33 40.80699285714286 32.0
33 40.75805952380952 35.0
34 41.59604047619048 30.0
34 40.80699285714286 32.0
34 40.75805952380952 35.0
35 40.75805952380952 35.0
35 41.23211428571428 28.0
36 40.80699285714286 32.0
36 40.75805952380952 35.0
36 40.76690238095238 33.0
36 41.23211428571428 28.0
36 40.72897857142857 38.0
37 40.80699285714286 32.0
37 40.75805952380952 35.0
37 40.76690238095238 33.0
37 41.23211428571428 28.0
37 40.72897857142857 38.0
38 40.80699285714286 32.0
38 40.75805952380952 35.0
38 40.76690238095238 33.0
38 41.23211428571428 28.0
38 40.72897857142857 38.0
39 40.80699285714286 32.0
39 40.75805952380952 35.0
39 40.76690238095238 33.0
39 41.23211428571428 28.0
39 40.72897857142857 38.0
40 40.80699285714286 32.0
40 40.75805952380952 35.0
40 40.76690238095238 33.0
40 41.23211428571428 28.0
40 40.72897857142857 38.0
41 40.75805952380952 35.0
41 40.76690238095238 33.0
41 41.23211428571428 28.0
41 40.68109761904762 37.0
42 40.75805952380952 35.0
42 40.76690238095238 33.0
42 41.23211428571428 28.0
42 40.68109761904762 37.0
43 41.23211428571428 28.0
43 40.68109761904762 37.0
43 40.718783333333334 33.0
44 41.23211428571428 28.0
44 40.68109761904762 37.0
44 40.718783333333334 33.0
45 41.23211428571428 28.0
45 40.68109761904762 37.0
45 40.718783333333334 33.0
46 40.80699285714286 32.0
46 41.23211428571428 28.0
46 40.718783333333334 33.0
46 40.661964285714284 35.0
47 41.23211428571428 28.0
47 40.48490238095238 33.0
48 41.23211428571428 28.0
48 40.48490238095238 33.0
49 41.23211428571428 28.0
49 40.48490238095238 33.0
50 41.23211428571428 28.0
50 40.48490238095238 33.0
51 41.23211428571428 28.0
51 40.48490238095238 33.0
52 41.23211428571428 28.0
52 40.48490238095238 33.0
53 41.23211428571428 28.0
53 40.48490238095238 33.0
54 41.23211428571428 28.0
54 40.48490238095238 33.0
55 41.23211428571428 28.0
55 40.48490238095238 33.0
56 41.23211428571428 28.0
56 40.48490238095238 33.0
57 41.23211428571428 28.0
57 40.48490238095238 33.0
58 41.23211428571428 28.0
58 40.48490238095238 33.0
59 41.23211428571428 28.0
59 40.48490238095238 33.0
60 41.23211428571428 28.0
60 40.48490238095238 33.0
61 41.23211428571428 28.0
61 40.48490238095238 33.0
62 41.23211428571428 28.0
62 40.48490238095238 33.0
63 41.23211428571428 28.0
63 40.48490238095238 33.0
64 41.23211428571428 28.0
64 40.48490238095238 33.0
65 41.23211428571428 28.0
65 40.48490238095238 33.0
66 41.23211428571428 28.0
66 40.48490238095238 33.0
67 41.23211428571428 28.0
67 40.48490238095238 33.0
68 41.23211428571428 28.0
68 40.48490238095238 33.0
69 41.23211428571428 28.0
69 40.48490238095238 33.0
70 41.23211428571428 28.0
70 40.48490238095238 33.0
71 41.23211428571428 28.0
71 40.48490238095238 33.0
72 41.23211428571428 28.0
72 40.48490238095238 33.0
73 41.23211428571428 28.0
73 40.48490238095238 33.0
74 41.23211428571428 28.0
74 40.48490238095238 33.0
75 41.23211428571428 28.0
75 40.48490238095238 33.0
76 41.23211428571428 28.0
76 40.48490238095238 33.0
77 41.23211428571428 28.0
77 40.48490238095238 33.0
78 41.23211428571428 28.0
78 40.48490238095238 33.0
79 41.23211428571428 28.0
79 40.48490238095238 33.0
80 41.23211428571428 28.0
80 40.48490238095238 33.0
81 41.23211428571428 28.0
81 40.48490238095238 33.0
82 41.23211428571428 28.0
82 40.48490238095238 33.0
83 41.23211428571428 28.0
83 40.48490238095238 33.0
84 41.23211428571428 28.0
84 40.48490238095238 33.0
85 41.23211428571428 28.0
85 40.48490238095238 33.0
86 41.23211428571428 28.0
86 40.48490238095238 33.0
87 41.23211428571428 28.0
87 40.48490238095238 33.0
88 41.23211428571428 28.0
88 40.48490238095238 33.0
89 41.23211428571428 28.0
89 40.48490238095238 33.0
90 41.23211428571428 28.0
90 40.48490238095238 33.0
91 41.23211428571428 28.0
91 40.48490238095238 33.0
92 41.23211428571428 28.0
92 40.48490238095238 33.0
93 41.23211428571428 28.0
93 40.48490238095238 33.0
94 41.23211428571428 28.0
94 40.48490238095238 33.0
95 41.23211428571428 28.0
95 40.48490238095238 33.0
96 41.23211428571428 28.0
96 40.48490238095238 33.0
97 41.23211428571428 28.0
97 40.48490238095238 33.0
98 41.23211428571428 28.0
98 40.48490238095238 33.0
99 41.23211428571428 28.0
99 40.48490238095238 33.0
100 41.23211428571428 28.0
100 40.48490238095238 33.0
