1 43.64106904761905 42.0
1 44.145692857142855 35.0
1 43.38000476190476 43.0
2 42.86371666666667 37.0
2 42.78576904761904 40.0
2 43.56465476190477 35.0
3 45.013254761904754 33.0
3 43.95977142857142 34.0
3 42.75251904761905 37.0
4 45.013254761904754 33.0
4 41.52025714285713 35.0
5 45.013254761904754 33.0
5 41.52025714285713 35.0
5 42.563547619047625 34.0
6 45.013254761904754 33.0
6 41.52025714285713 35.0
6 42.563547619047625 34.0
7 41.52025714285713 35.0
7 43.36197857142857 32.0
8 41.52025714285713 35.0
8 42.15048333333334 32.0
9 41.52025714285713 35.0
9 42.15048333333334 32.0
10 41.52025714285713 35.0
10 42.15048333333334 32.0
11 42.15048333333334 32.0
11 41.45092142857143 41.0
12 42.15048333333334 32.0
12 41.45092142857143 41.0
12 41.51757857142857 38.0
13 42.15048333333334 32.0
13 41.45092142857143 41.0
13 41.51757857142857 38.0
14 42.15048333333334 32.0
14 41.45092142857143 41.0
14 41.51757857142857 38.0
15 42.15048333333334 32.0
15 41.45092142857143 41.0
15 41.51757857142857 38.0
16 41.45092142857143 41.0
16 41.51757857142857 38.0
16 41.649842857142865 31.0
16 41.43763095238095 42.0
17 41.649842857142865 31.0
17 41.28613333333334 38.0
18 41.649842857142865 31.0
18 41.18784285714286 34.0
18 41.181109523809525 38.0
19 41.649842857142865 31.0
19 40.64181428571429 34.0
20 41.649842857142865 31.0
20 40.64181428571429 34.0
21 41.649842857142865 31.0
21 40.182249999999996 34.0
22 41.649842857142865 31.0
22 40.182249999999996 34.0
22 41.39833095238096 33.0
23 41.649842857142865 31.0
23 40.182249999999996 34.0
23 41.39833095238096 33.0
24 41.649842857142865 31.0
24 40.182249999999996 34.0
25 41.649842857142865 31.0
25 40.182249999999996 34.0
26 41.649842857142865 31.0
26 40.182249999999996 34.0
27 41.649842857142865 31.0
27 40.182249999999996 34.0
28 41.649842857142865 31.0
28 40.182249999999996 34.0
29 41.649842857142865 31.0
29 40.182249999999996 34.0
30 41.649842857142865 31.0
30 40.182249999999996 34.0
31 41.649842857142865 31.0
31 40.182249999999996 34.0
32 41.649842857142865 31.0
32 40.182249999999996 34.0
33 41.649842857142865 31.0
33 40.182249999999996 34.0
34 41.649842857142865 31.0
34 40.182249999999996 34.0
35 41.649842857142865 31.0
35 40.182249999999996 34.0
36 41.649842857142865 31.0
36 40.182249999999996 34.0
37 41.649842857142865 31.0
37 40.182249999999996 34.0
37 40.39555714285714 33.0
38 40.182249999999996 34.0
38 41.23997380952381 32.0
38 43.26501904761904 30.0
39 40.182249999999996 34.0
39 41.23997380952381 32.0
39 43.26501904761904 30.0
40 40.182249999999996 34.0
40 41.23997380952381 32.0
40 43.26501904761904 30.0
41 40.182249999999996 34.0
41 43.26501904761904 30.0
42 40.182249999999996 34.0
42 43.26501904761904 30.0
42 40.89393571428571 31.0
43 40.182249999999996 34.0
43 43.26501904761904 30.0
43 40.89393571428571 31.0
44 40.182249999999996 34.0
44 43.26501904761904 30.0
44 40.89393571428571 31.0
45 40.182249999999996 34.0
45 43.26501904761904 30.0
45 39.70339761904762 38.0
46 40.182249999999996 34.0
46 43.26501904761904 30.0
46 39.70339761904762 38.0
47 40.182249999999996 34.0
47 43.26501904761904 30.0
47 39.70339761904762 38.0
48 40.182249999999996 34.0
48 43.26501904761904 30.0
48 39.70339761904762 38.0
49 40.182249999999996 34.0
49 43.26501904761904 30.0
49 39.70339761904762 38.0
50 43.26501904761904 30.0
50 39.70339761904762 38.0
51 43.26501904761904 30.0
51 39.70339761904762 38.0
52 43.26501904761904 30.0
52 39.70339761904762 38.0
53 43.26501904761904 30.0
53 39.70339761904762 38.0
54 43.26501904761904 30.0
54 39.70339761904762 38.0
55 43.26501904761904 30.0
55 39.70339761904762 38.0
56 43.26501904761904 30.0
56 39.70339761904762 38.0
57 43.26501904761904 30.0
57 39.70339761904762 38.0
58 43.26501904761904 30.0
58 39.70339761904762 38.0
59 43.26501904761904 30.0
59 39.70339761904762 38.0
60 43.26501904761904 30.0
60 39.70339761904762 38.0
61 43.26501904761904 30.0
61 39.70339761904762 38.0
62 43.26501904761904 30.0
62 39.70339761904762 38.0
63 43.26501904761904 30.0
63 39.70339761904762 38.0
64 43.26501904761904 30.0
64 39.70339761904762 38.0
65 43.26501904761904 30.0
65 39.70339761904762 38.0
66 43.26501904761904 30.0
66 39.70339761904762 38.0
67 43.26501904761904 30.0
67 39.70339761904762 38.0
68 43.26501904761904 30.0
68 39.70339761904762 38.0
69 43.26501904761904 30.0
69 39.70339761904762 38.0
70 43.26501904761904 30.0
70 39.70339761904762 38.0
71 43.26501904761904 30.0
71 40.89393571428571 31.0
71 39.70339761904762 38.0
72 43.26501904761904 30.0
72 40.89393571428571 31.0
72 39.70339761904762 38.0
73 43.26501904761904 30.0
73 40.89393571428571 31.0
73 39.70339761904762 38.0
74 43.26501904761904 30.0
74 40.89393571428571 31.0
74 39.70339761904762 38.0
75 43.26501904761904 30.0
75 40.89393571428571 31.0
75 39.70339761904762 38.0
76 43.26501904761904 30.0
76 40.89393571428571 31.0
76 39.70339761904762 38.0
77 43.26501904761904 30.0
77 40.89393571428571 31.0
77 39.70339761904762 38.0
78 43.26501904761904 30.0
78 40.89393571428571 31.0
78 39.70339761904762 38.0
79 43.26501904761904 30.0
79 40.89393571428571 31.0
79 39.70339761904762 38.0
80 43.26501904761904 30.0
80 40.89393571428571 31.0
80 39.70339761904762 38.0
81 43.26501904761904 30.0
81 40.89393571428571 31.0
81 39.70339761904762 38.0
82 43.26501904761904 30.0
82 40.89393571428571 31.0
82 39.70339761904762 38.0
83 43.26501904761904 30.0
83 40.89393571428571 31.0
83 39.70339761904762 38.0
84 43.26501904761904 30.0
84 40.89393571428571 31.0
84 39.70339761904762 38.0
85 43.26501904761904 30.0
85 40.89393571428571 31.0
85 39.70339761904762 38.0
86 43.26501904761904 30.0
86 40.89393571428571 31.0
86 39.70339761904762 38.0
87 43.26501904761904 30.0
87 40.89393571428571 31.0
87 39.70339761904762 38.0
88 43.26501904761904 30.0
88 40.89393571428571 31.0
88 39.70339761904762 38.0
89 43.26501904761904 30.0
89 40.89393571428571 31.0
89 39.70339761904762 38.0
90 43.26501904761904 30.0
90 40.89393571428571 31.0
90 39.70339761904762 38.0
91 43.26501904761904 30.0
91 40.89393571428571 31.0
91 39.70339761904762 38.0
92 43.26501904761904 30.0
92 40.89393571428571 31.0
92 39.70339761904762 38.0
93 43.26501904761904 30.0
93 40.89393571428571 31.0
93 39.70339761904762 38.0
94 43.26501904761904 30.0
94 40.89393571428571 31.0
94 39.70339761904762 38.0
95 43.26501904761904 30.0
95 40.89393571428571 31.0
95 39.70339761904762 38.0
96 43.26501904761904 30.0
96 40.89393571428571 31.0
96 39.70339761904762 38.0
97 43.26501904761904 30.0
97 40.89393571428571 31.0
97 39.70339761904762 38.0
98 43.26501904761904 30.0
98 40.89393571428571 31.0
98 39.70339761904762 38.0
99 43.26501904761904 30.0
99 40.89393571428571 31.0
99 39.70339761904762 38.0
100 43.26501904761904 30.0
100 40.89393571428571 31.0
100 39.70339761904762 38.0
