1 42.882047619047626 39.0
1 43.23335238095238 34.0
2 42.882047619047626 39.0
2 43.23335238095238 34.0
2 44.106704761904766 33.0
2 43.19884761904762 35.0
3 42.68111190476191 38.0
3 43.728859523809525 33.0
4 42.768811904761904 31.0
4 42.085280952380955 37.0
5 42.768811904761904 31.0
5 42.085280952380955 37.0
6 42.768811904761904 31.0
6 42.085280952380955 37.0
6 42.421980952380956 36.0
7 42.768811904761904 31.0
7 41.599585714285716 36.0
8 42.768811904761904 31.0
8 41.599585714285716 36.0
9 42.768811904761904 31.0
9 41.599585714285716 36.0
9 41.48859523809524 38.0
10 42.768811904761904 31.0
10 41.48859523809524 38.0
11 42.768811904761904 31.0
11 41.230019047619045 36.0
12 42.768811904761904 31.0
12 42.17438571428572 33.0
12 41.09220476190476 35.0
13 42.768811904761904 31.0
13 42.17438571428572 33.0
13 41.09220476190476 35.0
14 42.768811904761904 31.0
14 41.09220476190476 35.0
15 42.768811904761904 31.0
15 41.09220476190476 35.0
15 40.861088095238095 38.0
16 42.768811904761904 31.0
16 41.09220476190476 35.0
16 40.861088095238095 38.0
17 42.768811904761904 31.0
17 41.09220476190476 35.0
17 40.861088095238095 38.0
18 42.768811904761904 31.0
18 41.09220476190476 35.0
18 40.861088095238095 38.0
19 41.09220476190476 35.0
19 40.861088095238095 38.0
19 41.368069047619045 31.0
20 41.09220476190476 35.0
20 40.861088095238095 38.0
20 41.368069047619045 31.0
21 41.09220476190476 35.0
21 40.861088095238095 38.0
21 41.368069047619045 31.0
22 41.09220476190476 35.0
22 40.861088095238095 38.0
22 41.368069047619045 31.0
23 41.09220476190476 35.0
23 40.861088095238095 38.0
23 41.368069047619045 31.0
24 41.09220476190476 35.0
24 40.861088095238095 38.0
24 41.368069047619045 31.0
25 41.09220476190476 35.0
25 40.861088095238095 38.0
25 41.368069047619045 31.0
26 41.09220476190476 35.0
26 40.861088095238095 38.0
26 41.368069047619045 31.0
27 41.09220476190476 35.0
27 40.861088095238095 38.0
27 41.368069047619045 31.0
28 41.09220476190476 35.0
28 40.861088095238095 38.0
28 41.368069047619045 31.0
29 41.09220476190476 35.0
29 40.861088095238095 38.0
29 41.368069047619045 31.0
30 40.861088095238095 38.0
30 41.368069047619045 31.0
30 40.914090476190474 34.0
31 40.861088095238095 38.0
31 41.368069047619045 31.0
31 40.914090476190474 34.0
32 40.861088095238095 38.0
32 41.368069047619045 31.0
32 40.914090476190474 34.0
33 40.861088095238095 38.0
33 41.368069047619045 31.0
33 40.914090476190474 34.0
34 40.861088095238095 38.0
34 41.368069047619045 31.0
34 40.914090476190474 34.0
35 40.861088095238095 38.0
35 41.368069047619045 31.0
35 40.914090476190474 34.0
36 40.861088095238095 38.0
36 41.368069047619045 31.0
36 40.914090476190474 34.0
37 40.861088095238095 38.0
37 41.368069047619045 31.0
37 40.914090476190474 34.0
38 40.861088095238095 38.0
38 41.368069047619045 31.0
38 40.914090476190474 34.0
39 40.861088095238095 38.0
39 41.368069047619045 31.0
39 40.914090476190474 34.0
40 40.861088095238095 38.0
40 41.368069047619045 31.0
40 40.914090476190474 34.0
41 40.861088095238095 38.0
41 41.368069047619045 31.0
41 40.914090476190474 34.0
42 40.861088095238095 38.0
42 41.368069047619045 31.0
42 40.914090476190474 34.0
43 40.861088095238095 38.0
43 41.368069047619045 31.0
43 40.914090476190474 34.0
44 41.368069047619045 31.0
44 40.202909523809524 37.0
45 41.368069047619045 31.0
45 40.202909523809524 37.0
46 41.368069047619045 31.0
46 40.202909523809524 37.0
47 41.368069047619045 31.0
47 40.202909523809524 37.0
48 41.368069047619045 31.0
48 40.202909523809524 37.0
49 41.368069047619045 31.0
49 40.202909523809524 37.0
50 41.368069047619045 31.0
50 40.202909523809524 37.0
50 40.782490476190475 36.0
51 41.368069047619045 31.0
51 40.202909523809524 37.0
51 40.782490476190475 36.0
52 41.368069047619045 31.0
52 40.202909523809524 37.0
52 40.782490476190475 36.0
53 41.368069047619045 31.0
53 40.202909523809524 37.0
53 40.782490476190475 36.0
54 41.368069047619045 31.0
54 40.202909523809524 37.0
54 40.782490476190475 36.0
55 41.368069047619045 31.0
55 40.202909523809524 37.0
55 40.782490476190475 36.0
56 41.368069047619045 31.0
56 40.202909523809524 37.0
56 40.782490476190475 36.0
57 41.368069047619045 31.0
57 40.202909523809524 37.0
57 40.782490476190475 36.0
58 41.368069047619045 31.0
58 40.202909523809524 37.0
58 40.782490476190475 36.0
59 41.368069047619045 31.0
59 40.202909523809524 37.0
59 40.782490476190475 36.0
60 41.368069047619045 31.0
60 40.202909523809524 37.0
60 40.782490476190475 36.0
61 41.368069047619045 31.0
61 40.202909523809524 37.0
61 40.782490476190475 36.0
62 41.368069047619045 31.0
62 40.202909523809524 37.0
62 40.782490476190475 36.0
63 41.368069047619045 31.0
63 40.202909523809524 37.0
63 40.782490476190475 36.0
64 41.368069047619045 31.0
64 40.202909523809524 37.0
64 40.782490476190475 36.0
65 41.368069047619045 31.0
65 40.202909523809524 37.0
65 40.782490476190475 36.0
66 41.368069047619045 31.0
66 40.202909523809524 37.0
66 40.782490476190475 36.0
67 41.368069047619045 31.0
67 40.202909523809524 37.0
67 40.782490476190475 36.0
68 41.368069047619045 31.0
68 40.202909523809524 37.0
68 40.782490476190475 36.0
69 41.368069047619045 31.0
69 40.202909523809524 37.0
69 40.782490476190475 36.0
70 41.368069047619045 31.0
70 40.202909523809524 37.0
70 40.782490476190475 36.0
71 41.368069047619045 31.0
71 40.202909523809524 37.0
71 40.782490476190475 36.0
72 41.368069047619045 31.0
72 40.202909523809524 37.0
72 40.782490476190475 36.0
73 41.368069047619045 31.0
73 40.202909523809524 37.0
73 40.782490476190475 36.0
74 41.368069047619045 31.0
74 40.202909523809524 37.0
74 40.782490476190475 36.0
75 41.368069047619045 31.0
75 40.202909523809524 37.0
75 40.782490476190475 36.0
76 41.368069047619045 31.0
76 40.202909523809524 37.0
76 40.782490476190475 36.0
77 41.368069047619045 31.0
77 40.202909523809524 37.0
77 40.782490476190475 36.0
78 41.368069047619045 31.0
78 40.202909523809524 37.0
78 40.782490476190475 36.0
79 41.368069047619045 31.0
79 40.202909523809524 37.0
79 40.782490476190475 36.0
80 41.368069047619045 31.0
80 40.202909523809524 37.0
80 40.782490476190475 36.0
81 41.368069047619045 31.0
81 40.202909523809524 37.0
81 40.782490476190475 36.0
82 41.368069047619045 31.0
82 40.202909523809524 37.0
82 40.782490476190475 36.0
83 41.368069047619045 31.0
83 40.202909523809524 37.0
83 40.782490476190475 36.0
84 41.368069047619045 31.0
84 40.202909523809524 37.0
84 40.782490476190475 36.0
85 41.368069047619045 31.0
85 40.202909523809524 37.0
85 40.782490476190475 36.0
86 41.368069047619045 31.0
86 40.202909523809524 37.0
86 40.782490476190475 36.0
87 41.368069047619045 31.0
87 40.202909523809524 37.0
87 40.782490476190475 36.0
88 41.368069047619045 31.0
88 40.202909523809524 37.0
88 40.782490476190475 36.0
89 41.368069047619045 31.0
89 40.202909523809524 37.0
89 40.782490476190475 36.0
90 41.368069047619045 31.0
90 40.202909523809524 37.0
90 40.782490476190475 36.0
91 41.368069047619045 31.0
91 40.202909523809524 37.0
91 40.782490476190475 36.0
92 41.368069047619045 31.0
92 40.202909523809524 37.0
92 40.782490476190475 36.0
93 41.368069047619045 31.0
93 40.202909523809524 37.0
93 40.782490476190475 36.0
94 41.368069047619045 31.0
94 40.202909523809524 37.0
94 40.782490476190475 36.0
95 41.368069047619045 31.0
95 40.202909523809524 37.0
95 40.782490476190475 36.0
96 41.368069047619045 31.0
96 40.202909523809524 37.0
96 40.782490476190475 36.0
97 41.368069047619045 31.0
97 40.202909523809524 37.0
97 40.782490476190475 36.0
98 41.368069047619045 31.0
98 40.202909523809524 37.0
98 40.782490476190475 36.0
99 41.368069047619045 31.0
99 40.202909523809524 37.0
99 40.782490476190475 36.0
100 41.368069047619045 31.0
100 40.202909523809524 37.0
100 40.782490476190475 36.0
