1 45.56045714285714 33.0
1 43.46539523809523 38.0
1 44.006926190476186 34.0
2 45.56045714285714 33.0
2 43.52875238095238 35.0
2 42.40520238095237 40.0
2 43.970699999999994 34.0
3 45.56045714285714 33.0
3 42.36864285714286 39.0
3 42.17419999999999 42.0
4 42.896688095238105 35.0
4 42.08857380952381 37.0
4 44.26157142857144 33.0
5 43.31482142857142 33.0
5 41.964152380952385 37.0
6 43.31482142857142 33.0
6 41.964152380952385 37.0
6 43.1220880952381 34.0
7 43.31482142857142 33.0
7 43.1220880952381 34.0
7 41.83649761904761 38.0
8 41.964152380952385 37.0
8 41.83649761904761 38.0
8 43.39210714285715 32.0
9 41.83649761904761 38.0
9 43.39210714285715 32.0
10 43.39210714285715 32.0
10 42.85542380952382 33.0
10 40.88990952380952 37.0
10 42.56219761904762 34.0
11 43.39210714285715 32.0
11 42.85542380952382 33.0
11 40.88990952380952 37.0
11 42.56219761904762 34.0
12 41.96633571428571 32.0
12 40.741033333333334 35.0
13 41.96633571428571 32.0
13 40.741033333333334 35.0
14 41.96633571428571 32.0
14 40.741033333333334 35.0
14 41.51879761904762 34.0
15 41.96633571428571 32.0
15 40.741033333333334 35.0
16 41.96633571428571 32.0
16 41.31857857142857 34.0
16 40.61059047619048 35.0
17 41.96633571428571 32.0
17 40.61059047619048 35.0
18 41.96633571428571 32.0
18 40.61059047619048 35.0
19 40.61059047619048 35.0
19 41.30165952380952 31.0
20 40.61059047619048 35.0
20 41.30165952380952 31.0
20 40.847078571428575 33.0
21 40.61059047619048 35.0
21 41.30165952380952 31.0
21 40.847078571428575 33.0
22 40.61059047619048 35.0
22 41.30165952380952 31.0
22 40.847078571428575 33.0
23 40.61059047619048 35.0
23 41.30165952380952 31.0
23 40.847078571428575 33.0
24 40.61059047619048 35.0
24 41.30165952380952 31.0
25 41.30165952380952 31.0
25 40.35242380952381 32.0
26 41.30165952380952 31.0
26 40.35242380952381 32.0
27 41.30165952380952 31.0
27 40.35242380952381 32.0
28 41.30165952380952 31.0
28 40.35242380952381 32.0
29 41.30165952380952 31.0
29 40.35242380952381 32.0
30 41.30165952380952 31.0
30 40.35242380952381 32.0
31 41.30165952380952 31.0
31 40.35242380952381 32.0
32 41.30165952380952 31.0
32 40.35242380952381 32.0
33 41.30165952380952 31.0
33 40.35242380952381 32.0
34 41.30165952380952 31.0
34 40.35242380952381 32.0
35 41.30165952380952 31.0
35 40.35242380952381 32.0
36 41.30165952380952 31.0
36 40.35242380952381 32.0
37 41.30165952380952 31.0
37 40.35242380952381 32.0
38 41.30165952380952 31.0
38 40.35242380952381 32.0
39 41.30165952380952 31.0
39 40.35242380952381 32.0
40 41.30165952380952 31.0
40 40.35242380952381 32.0
41 41.30165952380952 31.0
41 40.35242380952381 32.0
42 41.30165952380952 31.0
42 40.35242380952381 32.0
43 41.30165952380952 31.0
43 40.35242380952381 32.0
44 41.30165952380952 31.0
44 40.35242380952381 32.0
45 41.30165952380952 31.0
45 40.35242380952381 32.0
46 41.30165952380952 31.0
46 40.35242380952381 32.0
47 41.30165952380952 31.0
47 40.35242380952381 32.0
48 41.30165952380952 31.0
48 40.35242380952381 32.0
49 41.30165952380952 31.0
49 40.35242380952381 32.0
50 41.30165952380952 31.0
50 40.35242380952381 32.0
51 41.30165952380952 31.0
51 40.35242380952381 32.0
52 41.30165952380952 31.0
52 40.35242380952381 32.0
53 41.30165952380952 31.0
53 40.35242380952381 32.0
54 41.30165952380952 31.0
54 40.35242380952381 32.0
55 41.30165952380952 31.0
55 40.35242380952381 32.0
56 41.30165952380952 31.0
56 40.35242380952381 32.0
57 41.30165952380952 31.0
57 40.35242380952381 32.0
58 41.30165952380952 31.0
58 40.35242380952381 32.0
59 41.30165952380952 31.0
59 40.35242380952381 32.0
60 41.30165952380952 31.0
60 40.35242380952381 32.0
61 41.30165952380952 31.0
61 40.35242380952381 32.0
62 41.30165952380952 31.0
62 40.35242380952381 32.0
63 41.30165952380952 31.0
63 40.35242380952381 32.0
64 41.30165952380952 31.0
64 40.35242380952381 32.0
65 41.30165952380952 31.0
65 40.35242380952381 32.0
66 41.30165952380952 31.0
66 40.35242380952381 32.0
67 41.30165952380952 31.0
67 40.35242380952381 32.0
68 41.30165952380952 31.0
68 40.35242380952381 32.0
69 41.30165952380952 31.0
69 40.35242380952381 32.0
70 41.30165952380952 31.0
70 40.35242380952381 32.0
71 41.30165952380952 31.0
71 40.35242380952381 32.0
72 41.30165952380952 31.0
72 40.35242380952381 32.0
73 41.30165952380952 31.0
73 40.35242380952381 32.0
74 41.30165952380952 31.0
74 40.35242380952381 32.0
75 41.30165952380952 31.0
75 40.35242380952381 32.0
76 41.30165952380952 31.0
76 40.35242380952381 32.0
77 41.30165952380952 31.0
77 40.35242380952381 32.0
78 41.30165952380952 31.0
78 40.35242380952381 32.0
79 41.30165952380952 31.0
79 40.35242380952381 32.0
80 41.30165952380952 31.0
80 40.35242380952381 32.0
81 41.30165952380952 31.0
81 40.35242380952381 32.0
82 41.30165952380952 31.0
82 40.35242380952381 32.0
83 41.30165952380952 31.0
83 40.35242380952381 32.0
84 41.30165952380952 31.0
84 40.35242380952381 32.0
85 41.30165952380952 31.0
85 40.35242380952381 32.0
86 41.30165952380952 31.0
86 40.35242380952381 32.0
87 41.30165952380952 31.0
87 40.35242380952381 32.0
88 41.30165952380952 31.0
88 40.35242380952381 32.0
89 41.30165952380952 31.0
89 40.35242380952381 32.0
90 41.30165952380952 31.0
90 40.35242380952381 32.0
91 41.30165952380952 31.0
91 40.35242380952381 32.0
92 41.30165952380952 31.0
92 40.35242380952381 32.0
93 41.30165952380952 31.0
93 40.35242380952381 32.0
94 41.30165952380952 31.0
94 40.35242380952381 32.0
95 41.30165952380952 31.0
95 40.35242380952381 32.0
96 41.30165952380952 31.0
96 40.35242380952381 32.0
97 41.30165952380952 31.0
97 40.35242380952381 32.0
98 41.30165952380952 31.0
98 40.35242380952381 32.0
99 41.30165952380952 31.0
99 40.35242380952381 32.0
100 41.30165952380952 31.0
100 40.35242380952381 32.0
