1 44.674259523809525 34.0
1 42.4060761904762 39.0
1 43.09844047619048 38.0
2 42.4060761904762 39.0
2 43.09844047619048 38.0
2 43.82049523809523 33.0
3 43.46375952380952 35.0
3 42.4060761904762 39.0
3 43.82049523809523 33.0
4 44.48672380952381 31.0
4 42.17778333333333 37.0
5 44.48672380952381 31.0
5 42.17778333333333 37.0
6 44.48672380952381 31.0
6 41.59244523809523 37.0
7 44.48672380952381 31.0
7 41.59244523809523 37.0
8 44.48672380952381 31.0
8 41.59244523809523 37.0
9 44.48672380952381 31.0
9 43.78328571428571 32.0
9 41.36545952380952 37.0
10 44.48672380952381 31.0
10 43.78328571428571 32.0
10 41.36545952380952 37.0
11 44.48672380952381 31.0
11 43.78328571428571 32.0
11 41.36545952380952 37.0
12 44.48672380952381 31.0
12 43.78328571428571 32.0
12 41.36545952380952 37.0
13 44.48672380952381 31.0
13 43.78328571428571 32.0
13 41.36545952380952 37.0
14 44.48672380952381 31.0
14 42.32256904761905 32.0
14 41.149883333333335 37.0
14 42.25525952380953 33.0
15 44.48672380952381 31.0
15 42.32256904761905 32.0
15 41.149883333333335 37.0
15 42.25525952380953 33.0
16 44.48672380952381 31.0
16 42.11291428571429 34.0
16 42.32256904761905 32.0
16 41.149883333333335 37.0
16 42.25525952380953 33.0
17 44.48672380952381 31.0
17 42.11291428571429 34.0
17 42.32256904761905 32.0
17 41.149883333333335 37.0
17 42.25525952380953 33.0
18 44.48672380952381 31.0
18 42.32256904761905 32.0
18 41.560395238095246 33.0
18 41.008140476190476 37.0
18 41.15647857142857 35.0
19 44.48672380952381 31.0
19 42.32256904761905 32.0
19 41.560395238095246 33.0
19 41.008140476190476 37.0
19 41.15647857142857 35.0
20 44.48672380952381 31.0
20 42.32256904761905 32.0
20 41.560395238095246 33.0
20 41.008140476190476 37.0
20 41.15647857142857 35.0
21 44.48672380952381 31.0
21 42.32256904761905 32.0
21 41.560395238095246 33.0
21 41.008140476190476 37.0
21 41.15647857142857 35.0
22 41.560395238095246 33.0
22 43.005583333333334 30.0
22 40.71202142857143 34.0
23 41.560395238095246 33.0
23 43.005583333333334 30.0
23 40.71202142857143 34.0
24 43.005583333333334 30.0
24 40.71202142857143 34.0
25 43.005583333333334 30.0
25 40.71202142857143 34.0
25 40.53400714285714 37.0
25 42.080583333333344 32.0
26 43.005583333333334 30.0
26 40.71202142857143 34.0
26 40.53400714285714 37.0
26 42.080583333333344 32.0
27 43.005583333333334 30.0
27 40.53400714285714 37.0
27 42.00053809523809 31.0
28 43.005583333333334 30.0
28 42.00053809523809 31.0
28 40.20115952380952 36.0
29 43.005583333333334 30.0
29 42.00053809523809 31.0
29 40.20115952380952 36.0
30 43.005583333333334 30.0
30 40.20115952380952 36.0
31 43.005583333333334 30.0
31 40.20115952380952 36.0
32 43.005583333333334 30.0
32 40.20115952380952 36.0
33 43.005583333333334 30.0
33 40.20115952380952 36.0
34 43.005583333333334 30.0
34 40.20115952380952 36.0
35 43.005583333333334 30.0
35 40.20115952380952 36.0
36 43.005583333333334 30.0
36 40.20115952380952 36.0
37 43.005583333333334 30.0
37 40.20115952380952 36.0
38 43.005583333333334 30.0
38 40.20115952380952 36.0
39 43.005583333333334 30.0
39 40.20115952380952 36.0
40 43.005583333333334 30.0
40 40.20115952380952 36.0
41 43.005583333333334 30.0
41 40.20115952380952 36.0
41 41.024971428571426 31.0
42 43.005583333333334 30.0
42 40.20115952380952 36.0
42 41.024971428571426 31.0
43 43.005583333333334 30.0
43 40.20115952380952 36.0
43 41.024971428571426 31.0
44 40.20115952380952 36.0
44 41.17102857142858 30.0
45 40.20115952380952 36.0
45 41.17102857142858 30.0
46 40.20115952380952 36.0
46 41.17102857142858 30.0
47 40.20115952380952 36.0
47 41.024971428571426 31.0
47 41.17102857142858 30.0
48 40.20115952380952 36.0
48 41.024971428571426 31.0
48 41.17102857142858 30.0
49 40.20115952380952 36.0
49 41.024971428571426 31.0
49 41.17102857142858 30.0
50 40.20115952380952 36.0
50 41.024971428571426 31.0
50 41.17102857142858 30.0
51 40.20115952380952 36.0
51 41.024971428571426 31.0
51 41.17102857142858 30.0
52 40.20115952380952 36.0
52 41.024971428571426 31.0
52 41.17102857142858 30.0
53 40.20115952380952 36.0
53 41.024971428571426 31.0
53 41.17102857142858 30.0
54 40.20115952380952 36.0
54 41.17102857142858 30.0
55 40.20115952380952 36.0
55 41.17102857142858 30.0
56 40.20115952380952 36.0
56 41.17102857142858 30.0
57 40.20115952380952 36.0
57 41.17102857142858 30.0
58 40.20115952380952 36.0
58 41.17102857142858 30.0
59 40.20115952380952 36.0
59 41.17102857142858 30.0
60 40.20115952380952 36.0
60 41.17102857142858 30.0
61 40.20115952380952 36.0
61 41.17102857142858 30.0
62 40.20115952380952 36.0
62 41.17102857142858 30.0
63 40.20115952380952 36.0
63 41.17102857142858 30.0
64 40.20115952380952 36.0
64 41.17102857142858 30.0
65 40.20115952380952 36.0
65 41.17102857142858 30.0
66 40.20115952380952 36.0
66 41.17102857142858 30.0
67 40.20115952380952 36.0
67 41.17102857142858 30.0
68 40.20115952380952 36.0
68 41.17102857142858 30.0
69 40.20115952380952 36.0
69 41.17102857142858 30.0
69 42.75073333333333 29.0
70 40.20115952380952 36.0
70 41.17102857142858 30.0
70 42.75073333333333 29.0
71 40.20115952380952 36.0
71 41.17102857142858 30.0
71 42.75073333333333 29.0
72 40.20115952380952 36.0
72 41.17102857142858 30.0
72 42.75073333333333 29.0
73 40.20115952380952 36.0
73 41.17102857142858 30.0
73 42.75073333333333 29.0
74 40.20115952380952 36.0
74 41.17102857142858 30.0
74 42.75073333333333 29.0
75 40.20115952380952 36.0
75 41.17102857142858 30.0
75 42.75073333333333 29.0
76 40.20115952380952 36.0
76 41.17102857142858 30.0
76 42.75073333333333 29.0
77 40.20115952380952 36.0
77 41.17102857142858 30.0
77 42.75073333333333 29.0
78 40.20115952380952 36.0
78 41.17102857142858 30.0
78 42.75073333333333 29.0
79 40.20115952380952 36.0
79 41.17102857142858 30.0
79 42.75073333333333 29.0
80 40.20115952380952 36.0
80 41.17102857142858 30.0
80 42.75073333333333 29.0
81 40.20115952380952 36.0
81 41.17102857142858 30.0
81 42.75073333333333 29.0
82 40.20115952380952 36.0
82 41.17102857142858 30.0
82 42.75073333333333 29.0
83 40.20115952380952 36.0
83 41.17102857142858 30.0
83 42.75073333333333 29.0
84 40.20115952380952 36.0
84 41.17102857142858 30.0
84 42.75073333333333 29.0
85 40.20115952380952 36.0
85 41.17102857142858 30.0
85 42.75073333333333 29.0
86 40.20115952380952 36.0
86 41.17102857142858 30.0
86 42.75073333333333 29.0
87 40.20115952380952 36.0
87 41.17102857142858 30.0
87 42.75073333333333 29.0
88 40.20115952380952 36.0
88 41.17102857142858 30.0
88 42.75073333333333 29.0
89 40.20115952380952 36.0
89 41.17102857142858 30.0
89 42.75073333333333 29.0
90 40.20115952380952 36.0
90 41.17102857142858 30.0
90 42.75073333333333 29.0
91 40.20115952380952 36.0
91 41.17102857142858 30.0
91 42.75073333333333 29.0
92 40.20115952380952 36.0
92 41.17102857142858 30.0
92 42.75073333333333 29.0
93 40.20115952380952 36.0
93 41.17102857142858 30.0
93 42.75073333333333 29.0
94 40.20115952380952 36.0
94 41.17102857142858 30.0
94 42.75073333333333 29.0
95 40.20115952380952 36.0
95 41.17102857142858 30.0
95 42.75073333333333 29.0
96 40.20115952380952 36.0
96 41.17102857142858 30.0
96 42.75073333333333 29.0
97 40.20115952380952 36.0
97 41.17102857142858 30.0
97 42.75073333333333 29.0
98 40.20115952380952 36.0
98 41.17102857142858 30.0
98 42.75073333333333 29.0
99 40.20115952380952 36.0
99 41.17102857142858 30.0
99 42.75073333333333 29.0
100 40.20115952380952 36.0
100 41.17102857142858 30.0
100 42.75073333333333 29.0
