32.12133878968254 0.09616485595703125 46.57831874457465 
31.486594742063495 0.10116510009765625 65.22813391384548 
32.7888685515873 0.07443096923828124 38.59031158311631 
31.554553075396825 0.10069049072265623 53.87700318467882 
33.745457837301586 0.060540771484375 30.738161046006947 
32.60945783730158 0.0673587646484375 38.660331521267366 
32.72768998015873 0.07894018554687501 35.038886306423606 
33.021380456349206 0.06696575927734374 34.66586070421007 
33.26649950396825 0.06039080810546874 35.069684293619794 
32.903520337301586 0.07771063232421875 34.923025482855905 
32.55110069444444 0.0821298828125 42.76741449652778 
32.43409176587302 0.0844310302734375 38.73445495876736 
32.246981646825404 0.09376190185546876 42.5329360297309 
32.26212450396825 0.08387750244140624 46.18235617947049 
32.99948759920635 0.06743078613281249 38.260314789496526 
33.143404265873016 0.07620953369140623 34.58938638780382 
33.397582837301584 0.060924438476562495 30.866270388454865 
32.46423462301588 0.0835032958984375 38.74627839626736 
32.34492212301588 0.0691834716796875 45.732598318142365 
32.72133283730159 0.06626385498046874 41.87020738389757 
32.92426736111111 0.07340332031249999 38.60126241319444 
32.37914087301588 0.06691375732421875 50.59551020507812 
33.22164384920635 0.06565618896484374 39.08111495768229 
32.00900992063492 0.07441497802734375 50.81890271809897 
31.93119742063492 0.08075939941406249 50.60046318359375 
32.96867956349206 0.06597833251953125 46.53113497721354 
32.0302242063492 0.07376306152343749 47.581524055989576 
32.830242063492065 0.06320684814453124 54.52908341471354 
33.15731051587302 0.06514849853515624 42.58264962565104 
33.00326289682539 0.0659671630859375 46.41672223307292 
31.55400992063492 0.10371582031250001 55.477776302083335 
32.49247420634921 0.06638226318359375 54.806295035807295 
32.97272718253968 0.06677728271484375 39.265572249348956 
32.70187301587301 0.06458270263671875 47.067574007161454 
31.771908730158724 0.09526904296875001 58.555183203125004 
32.06164087301587 0.071525634765625 50.6997927734375 
32.18111805555556 0.07778668212890624 47.01057709960937 
32.20451587301587 0.07156677246093748 47.24831129557292 
31.857652777777776 0.0745316162109375 54.40873525390625 
33.119036706349206 0.06597833251953125 42.98143497721354 
33.034349206349205 0.06168511962890625 54.50887501627604 
32.032908730158724 0.072980712890625 50.6847099609375 
32.182474206349205 0.07015740966796874 50.741749137369794 
32.685762896825395 0.06705865478515624 46.65518400065105 
34.208609623015874 0.05370965576171875 36.65495369466146 
33.77908581349207 0.059511657714843735 39.88702641601563 
32.67009771825397 0.06646667480468751 48.29597522786459 
33.932657242063485 0.05707196044921875 39.78289822591146 
34.41105009920635 0.053322998046875 40.5483189453125 
33.468192956349206 0.05849609375 50.88930729166667 
33.51908581349206 0.05849609375 43.769140625 
32.99063343253969 0.06174658203125 51.35499596354167 
32.98777628968254 0.06309503173828125 48.05608588867187 
34.164085813492065 0.05989337158203124 39.69803940429688 
33.851585813492065 0.05692462158203125 47.883314404296875 
33.65926438492063 0.06012371826171875 43.67208911132813 
33.306407242063486 0.05959271240234374 44.90438761393229 
33.8726572420635 0.05889447021484375 43.53663683268229 
33.19224057539683 0.06075030517578125 41.124133544921875 
33.7794429563492 0.05777441406249999 43.71165859375 
34.61919295634921 0.05307708740234375 36.36809178059896 
