31.59081845238095 0.04419512939453125 92.92330810546875 
30.90262400793651 0.0444583740234375 111.20575488281249 
31.889151785714283 0.04347882080078125 90.66485595703125 
29.514154761904763 0.048134338378906245 120.47527441406251 
28.78848214285714 0.06792926025390625 107.64613464355469 
30.19476984126984 0.04616253662109375 130.1340242919922 
28.449669642857145 0.062095520019531246 112.76209216308592 
27.976460317460315 0.06676715087890624 117.39925769042969 
28.0792380952381 0.059759643554687505 130.13297619628906 
29.24663392857143 0.05101477050781249 104.61448242187501 
28.283627976190473 0.057295959472656255 131.16942578125 
29.754690476190472 0.058314147949218756 102.69639782714843 
28.34977380952381 0.056126159667968745 122.36147326660156 
28.74267559523809 0.05277557373046874 135.58636010742188 
27.78977380952381 0.06233374023437499 140.96303247070313 
28.48199107142857 0.0550389404296875 128.6794044189453 
27.63352380952381 0.064111083984375 148.37827465820314 
29.20491369047619 0.04992742919921874 150.10731713867187 
27.39291865079365 0.08237322998046875 138.39118371582032 
27.20079365079365 0.08030828857421873 149.1512316894531 
28.63414880952381 0.05594049072265624 112.67099865722656 
27.328978174603172 0.08361212158203124 128.90681799316405 
29.20554464285714 0.0521932373046875 107.28076574707032 
27.13488293650794 0.07255175781249998 169.87556701660156 
27.614257936507936 0.06945318603515624 130.23508166503905 
28.753702380952383 0.05381048583984375 113.67954162597655 
27.236273809523812 0.06967724609374999 155.16061303710939 
27.78819642857143 0.0651854248046875 131.56907739257812 
27.19868055555555 0.08832379150390625 151.96007788085936 
28.87969047619048 0.051531188964843745 155.0450920410156 
29.849809523809522 0.047455688476562494 101.96651904296876 
27.00808531746032 0.08623419189453124 152.68035473632813 
29.131522817460315 0.054887939453125 105.13875280761718 
27.61427976190476 0.0668720703125 137.78829174804684 
28.433940476190475 0.05766302490234374 116.04745666503906 
30.432408730158727 0.045827026367187496 144.17461169433594 
27.438166666666667 0.06757550048828125 145.88784057617187 
27.846757936507935 0.06729351806640624 126.43719787597655 
28.377487103174605 0.064132080078125 113.24480114746095 
28.36598115079365 0.060862548828124995 118.51036218261719 
28.223821428571426 0.0650614013671875 113.88399133300781 
28.914467261904765 0.055471191406249995 105.96233728027343 
27.881127976190477 0.06524072265625 124.52955310058594 
27.764049603174602 0.0686431884765625 123.52665490722656 
27.263963293650797 0.0839744873046875 140.48515148925782 
30.73537202380952 0.0446009521484375 97.29298950195312 
28.89768154761905 0.052518066406249994 111.07329431152345 
27.03811507936508 0.08337023925781249 157.67367602539062 
27.292293650793646 0.08233142089843751 139.41969104003905 
27.9527371031746 0.06354608154296874 135.08001855468748 
29.83365575396825 0.0535069580078125 103.84458825683595 
29.70175892857143 0.04763079833984375 142.39157971191406 
28.11724404761905 0.06371893310546875 116.89110607910156 
29.560548611111113 0.047799743652343754 108.75404089355467 
27.704565476190474 0.06383898925781249 141.61196020507813 
28.897526785714284 0.052918395996093735 128.61373205566406 
28.173154761904765 0.07399615478515625 115.63402600097656 
27.82080853174603 0.07691949462890624 115.23888488769529 
27.59576388888889 0.08023468017578125 121.65554357910155 
28.34713988095238 0.05597454833984374 139.43271362304688 
27.41162103174603 0.07158770751953125 139.18107739257812 
28.16635119047619 0.057056274414062504 136.4587752685547 
27.401150793650793 0.08131878662109374 131.89114807128905 
30.585788690476193 0.04512445068359375 111.98508386230468 
28.19542559523809 0.05918841552734374 122.49518786621093 
30.19236607142857 0.04712420654296875 98.9154532470703 
28.276261904761906 0.05791943359375 134.93225024414062 
27.476656746031743 0.0790333251953125 133.47802661132812 
29.26324702380952 0.04859332275390625 120.671740234375 
27.947497023809525 0.058787109375 145.80594384765624 
27.894196428571433 0.0745382080078125 114.39999084472655 
27.965805555555555 0.06464337158203123 121.3509552001953 
28.63413392857143 0.058848022460937496 107.65517565917968 
27.474029761904763 0.0807109375 120.58043078613281 
27.795967261904757 0.0747823486328125 117.93745397949219 
28.9369375 0.05165679931640625 149.84875549316405 
27.448880952380954 0.06671423339843749 154.49680297851563 
27.460800595238094 0.06727172851562499 154.47611889648437 
29.48832638888889 0.050135559082031246 107.5067550048828 
27.79120238095238 0.0600693359375 189.5771934814453 
27.68726388888889 0.07362689208984374 124.97597375488283 
28.564456349206353 0.0544208984375 117.6068331298828 
27.600190476190477 0.07676745605468749 127.3432569580078 
31.181899801587303 0.044545532226562504 108.0317413330078 
29.788098214285718 0.04754583740234375 121.88874670410155 
29.702785714285717 0.048786254882812505 105.04619787597656 
27.08010218253968 0.07308178710937499 175.65204947916666 
28.4582123015873 0.05554913330078125 130.41928662109376 
28.46146527777778 0.05485504150390626 156.01835302734375 
27.025712301587305 0.07475567626953125 190.65277067057292 
29.24972023809524 0.05034332275390625 142.8088409423828 
27.221316468253967 0.06865655517578126 174.28085807291666 
29.356634920634924 0.054172424316406245 104.27983605957031 
29.454264880952376 0.0500682373046875 120.41611291503907 
26.816925595238093 0.09462451171875 187.10056022135416 
27.83634623015873 0.0590098876953125 150.16076269531248 
27.604864087301586 0.06294903564453125 178.21139725748696 
27.022050595238095 0.07758740234375 197.94228580729168 
27.05291170634921 0.0809486083984375 170.68243619791667 
27.3862628968254 0.06595428466796874 160.22012174479164 
28.27693154761905 0.055833740234375 164.46326123046873 
28.70080158730159 0.053519470214843747 128.53734240722656 
27.881137896825397 0.059380859375000004 149.7887861328125 
27.6680128968254 0.0649730224609375 145.6940206705729 
27.6728998015873 0.062085266113281246 166.82494287109375 
26.733250992063496 0.10526226806640623 185.90417252604163 
26.9799623015873 0.09201165771484374 169.55553776041668 
31.75664682539683 0.042756591796874986 99.9140244140625 
31.64001488095238 0.043312011718749995 95.85168432617186 
31.485416666666662 0.0433905029296875 113.56415161132813 
30.052465277777777 0.04649981689453125 118.51903051757813 
30.94333333333334 0.043616149902343755 113.22374438476561 
31.260788690476193 0.043784301757812505 94.22374145507811 
30.718020833333334 0.044971923828124996 117.66538208007813 
30.71339285714286 0.0446192626953125 129.39436108398436 
29.154231150793652 0.050919433593749994 132.56043981933593 
30.396493055555556 0.046633728027343745 100.82348559570313 
31.32970238095238 0.043747314453125 100.71811108398437 
31.240000000000002 0.04339501953125 130.1574943847656 
28.94923115079365 0.051866455078125 133.00606335449217 
29.9381001984127 0.047292785644531245 136.53021398925782 
30.541274801587303 0.055050048828124996 97.76353344726562 
30.54640376984127 0.04702789306640625 96.07350317382813 
28.245461309523808 0.05699633789062499 178.15883264160158 
29.777385912698414 0.047292785644531245 141.1984210205078 
30.001465277777775 0.04663958740234374 123.79875915527342 
