27.444136904761905 0.07916900634765625 126.62822705078125 
27.27112103174603 0.07600372314453126 132.63472473144532 
29.529920634920632 0.0471007080078125 86.56180859374999 
27.26334325396826 0.07342871093749999 136.76879187011718 
29.326274801587306 0.04814721679687499 87.14989404296874 
29.147524801587302 0.0473006591796875 110.70503955078124 
28.407386904761903 0.05291967773437499 125.0256982421875 
27.784414682539683 0.06182159423828125 126.1143428955078 
29.463149801587303 0.04776361083984375 86.86672949218749 
28.565203373015873 0.059781005859375 100.35533813476562 
28.48356646825397 0.05284704589843749 120.68791796875 
28.88201884920635 0.05059326171874999 108.98793212890625 
28.106170634920637 0.059371582031249995 111.72415661621093 
28.939643849206345 0.05031072998046874 108.33812304687498 
29.04506349206349 0.053007812499999994 89.21555383300782 
27.092539682539684 0.06663952636718751 161.15181896972655 
28.91587301587301 0.050976867675781246 102.84042517089844 
28.731081349206345 0.04920050048828124 125.74229479980468 
27.544872023809525 0.06007971191406251 156.6029295654297 
27.488343253968253 0.06250390624999999 144.70029797363281 
28.35562896825396 0.05806158447265625 109.52214318847656 
28.517699404761903 0.05177069091796875 129.84411230468748 
27.62737202380952 0.059191040039062504 156.11967761230468 
28.911101190476188 0.0511866455078125 106.4924344482422 
28.238640873015868 0.054940185546875 121.97945715332031 
27.522224206349204 0.06502850341796874 135.35160778808594 
29.51583333333333 0.04719927978515624 90.06606420898437 
27.589732142857137 0.06676782226562498 132.33719006347658 
27.829038690476192 0.05861456298828125 138.28758337402343 
27.685164682539682 0.060621765136718755 132.08376098632812 
27.578044642857144 0.06947869873046875 127.34970446777344 
28.608245039682537 0.055171325683593744 101.44242724609374 
29.932673611111113 0.0447650146484375 85.05966467285157 
27.768676587301588 0.06014996337890625 127.60439440917969 
27.085824404761905 0.06398400878906249 189.6185220947266 
27.825545634920633 0.05584155273437499 181.73676354980466 
27.21400297619048 0.07567816162109375 141.49034020996095 
28.553026785714287 0.05367376708984375 107.55085510253906 
28.361622023809524 0.05379309082031249 121.71691210937499 
29.3059375 0.048038085937499996 97.25275756835937 
29.89194444444444 0.045216735839843744 85.37193225097656 
27.711503968253965 0.05937005615234374 130.25201098632812 
28.221970238095242 0.06020391845703125 111.35901037597657 
30.200337301587297 0.04395214843749999 84.679857421875 
27.607434523809523 0.06275268554687499 131.51985668945312 
26.635461309523812 0.07293218994140625 192.16339855957028 
26.85155158730159 0.07508349609375001 144.64604650878908 
30.191006944444446 0.044065795898437496 84.90578417968749 
29.050907738095237 0.050214477539062496 93.1007216796875 
26.464806547619048 0.07869628906250001 193.62179602050782 
29.705649801587306 0.046345703125 85.860640625 
26.38984325396825 0.07937786865234375 172.38050500488282 
27.503878968253968 0.06630487060546875 133.75327478027341 
29.097247023809523 0.04945593261718749 98.09546435546875 
27.570184523809523 0.059696105957031245 156.29745251464846 
27.48016468253968 0.06124969482421875 146.5338155517578 
27.86563492063492 0.06649542236328125 114.76779870605469 
27.130932539682544 0.0649661865234375 141.49800012207032 
26.02081944444445 0.10046112060546875 223.34399340820312 
26.078086309523815 0.09597662353515626 236.57300537109376 
26.09303670634921 0.09554888916015625 229.78377652994791 
27.107847222222222 0.063180908203125 179.16798583984377 
26.095273809523814 0.09237359619140625 231.18878076171876 
27.600401785714286 0.06073614501953125 141.87253417968748 
27.010034722222223 0.06428894042968751 187.28257910156253 
26.999558531746032 0.0651160888671875 174.9731455078125 
28.662445436507937 0.0511531982421875 118.54298803710937 
26.61594742063492 0.07221533203125 216.30254003906254 
27.817033730158734 0.056977905273437504 159.69387231445313 
28.07675595238095 0.054370483398437496 148.78911389160157 
27.663779761904767 0.0628345947265625 131.4652490234375 
27.045431547619046 0.0656026611328125 162.75989990234376 
27.831592261904763 0.0589202880859375 136.6002305908203 
26.94768849206349 0.06829046630859374 163.52982958984376 
27.577966269841273 0.059770629882812495 150.7543603515625 
26.606383928571425 0.0733448486328125 204.12099804687503 
28.16269345238095 0.053080993652343755 148.13862658691409 
27.926607142857144 0.05816210937500001 130.17934338378907 
28.039707341269843 0.056566284179687495 129.09724462890625 
28.971304563492062 0.048717041015625004 122.02888061523439 
31.20885615079365 0.040761718749999995 83.52211706542968 
26.340443452380953 0.07838641357421874 204.14591642252606 
26.12708630952381 0.09038195800781249 201.83341727701824 
26.133872023809523 0.09132080078125 192.52045357259115 
30.67288392857143 0.041898132324218754 64.60539326985678 
30.98024503968254 0.0410390625 67.42111169433593 
30.54913392857143 0.041898132324218754 68.03152307128906 
26.393127976190478 0.0896370849609375 157.19800024414062 
26.197387896825397 0.08013537597656249 201.34945186360676 
27.10697619047619 0.06277539062500001 195.2137147623698 
26.42263591269841 0.08230670166015625 157.00829943847657 
30.235349206349206 0.043401672363281255 74.78752461751303 
26.57682242063492 0.07933734130859375 161.72527697753907 
26.244635912698413 0.08710144042968751 182.5972694498698 
26.286247023809523 0.0808358154296875 182.6212302652995 
26.667552579365076 0.0840887451171875 154.79705981445312 
27.613702380952382 0.06543011474609374 128.58351147460937 
30.24270535714286 0.04287371826171875 80.7749532470703 
26.996649801587303 0.08570947265625 137.2561378173828 
26.76405952380952 0.07183233642578125 170.05823010253906 
30.815800595238095 0.04150518798828125 67.7848270263672 
26.863672619047616 0.071416748046875 148.8790715332031 
27.841767857142862 0.05529779052734376 164.71209989420572 
28.886019841269842 0.04889691162109375 108.86150122070312 
30.41178273809524 0.04229339599609375 76.87126940917969 
29.244059523809522 0.04844903564453125 84.23947644042968 
26.498608134920637 0.07769622802734374 183.37260420735674 
30.362070436507942 0.04298577880859374 78.83083508300781 
27.279302579365076 0.070073486328125 135.06368200683593 
29.41856349206349 0.0464656982421875 97.96511853027343 
27.535617063492065 0.062037109374999996 138.2711022949219 
27.345795634920638 0.06102044677734375 150.99821789550782 
26.59432242063492 0.07636578369140624 171.96943859863282 
28.765309523809528 0.053272705078124996 102.96736840820311 
27.981351190476186 0.061338134765624996 115.89407153320312 
28.55447619047619 0.05239166259765625 112.99076879882811 
27.226450396825395 0.0641080322265625 140.17418530273437 
29.616573412698415 0.045341613769531254 89.93829650878905 
28.845130952380952 0.05192626953125 92.02600170898437 
29.74836111111111 0.04485992431640625 85.81349182128906 
27.402769841269844 0.06020806884765626 167.69368754069012 
27.100985119047618 0.08246209716796875 143.6851807861328 
29.534228174603175 0.04627349853515625 94.50091467285155 
29.6580873015873 0.04470599365234375 103.83283410644532 
27.712323412698414 0.05716973876953124 159.4756815592448 
26.14553869047619 0.09085345458984376 192.1138623860677 
29.385045634920637 0.04610638427734375 105.8976280517578 
29.069198412698416 0.0495579833984375 91.33898974609374 
26.681450396825397 0.06903289794921874 175.17553446451825 
26.162010912698413 0.08330206298828124 190.5831748860677 
27.94138095238095 0.056867431640625 133.95511486816406 
26.648122023809528 0.07406329345703125 179.86386368815104 
29.97867757936508 0.04438787841796875 81.70221936035156 
27.05421924603175 0.0832333984375 136.67464770507814 
28.635448412698416 0.05621362304687501 96.34320483398437 
28.359476190476187 0.051734680175781256 129.86193151855468 
26.767878968253974 0.07249945068359374 160.90376770019532 
26.81662896825397 0.0700123291015625 155.93751928710935 
29.193920634920637 0.047046630859375 100.48515270996093 
29.47920238095238 0.04786810302734375 82.7256600341797 
28.41718452380952 0.051534362792968746 131.05593286132813 
29.890761904761906 0.04371624755859375 87.93777282714844 
26.535622023809527 0.0767073974609375 180.91665323893227 
27.663880952380953 0.05775317382812499 144.45108715820314 
26.485760912698414 0.07862176513671874 166.7354884033203 
30.80493253968254 0.041442993164062504 77.76134118652342 
26.58645535714286 0.07501043701171875 177.79311568196616 
28.84592063492064 0.048341552734375 122.76915869140623 
28.455587301587297 0.057635253906249996 106.80857495117188 
28.814234126984125 0.048873535156249995 124.18435388183593 
28.24333531746032 0.0549896240234375 120.52470495605468 
26.551162698412703 0.0757149658203125 180.5004501139323 
30.19507142857143 0.04293615722656251 95.54366516113282 
28.05283928571429 0.064859619140625 115.22574487304688 
28.930045634920635 0.04751947021484375 124.54265979003907 
28.57010119047619 0.050271911621093755 125.48852758789063 
27.172740079365077 0.06341326904296875 173.06384794108072 
27.368255952380952 0.06324804687499999 138.91449975585937 
28.718365079365082 0.05419976806640625 101.1802274169922 
26.86822619047619 0.0678897705078125 173.80969193522134 
26.35385119047619 0.08036846923828125 182.1958046061198 
26.904228174603173 0.07058996582031249 148.1336301269531 
30.056316468253964 0.04315106201171875 88.71537573242188 
26.382051587301582 0.086734375 174.99015783691408 
29.837566468253964 0.044154052734375 98.88298791503905 
29.796177579365075 0.04538262939453125 82.49300427246094 
26.26742757936508 0.07981378173828124 188.02697696940103 
26.94581646825397 0.08617681884765624 137.76518322753907 
27.466876984126987 0.059351867675781246 176.7594600016276 
29.087775793650792 0.0477236328125 108.00949743652343 
26.79447619047619 0.068478759765625 185.01077286783854 
27.06964484126984 0.0680059814453125 147.37771801757813 
28.497501984126984 0.052369140625 119.24662438964843 
26.964714285714287 0.06587689208984374 184.12092753092446 
27.482665674603176 0.06252001953125 144.57222619628905 
27.367283730158725 0.06367987060546874 141.15411682128905 
29.031906746031744 0.048078247070312496 101.78704431152343 
28.081103174603175 0.05855279541015625 126.94190930175782 
27.570934523809523 0.06395660400390625 135.50963085937497 
27.72607341269842 0.05652044677734375 171.4584358317057 
30.044986111111108 0.044148803710937504 86.73222290039061 
26.615448412698413 0.07302038574218749 186.99423514811198 
27.21929761904762 0.0643609619140625 146.30905163574218 
29.500427579365077 0.0458905029296875 99.9819044189453 
26.719128968253973 0.068716552734375 174.96644669596353 
30.13406349206349 0.044500366210937496 79.15022900390625 
30.738895833333334 0.041888183593749996 77.99808081054688 
28.26513095238095 0.05931060791015624 109.79116076660156 
26.7699623015873 0.07213946533203126 149.85270666503908 
28.128186507936505 0.0588048095703125 115.18680102539062 
26.797700396825395 0.06828399658203124 176.45783719889323 
27.90075595238095 0.0555958251953125 142.62322387695312 
26.220330357142853 0.08970202636718749 183.5970546061198 
30.37740773809524 0.042565490722656245 76.94780456542969 
26.67916369047619 0.07459649658203124 160.04782202148436 
26.936797619047617 0.06695727539062499 190.35345926920573 
29.925136904761906 0.04344415283203125 87.86123767089843 
29.25981349206349 0.047286865234374996 98.31646862792968 
28.17364285714286 0.05331182861328125 127.70384790039063 
26.613990079365077 0.07393273925781249 186.2439637858073 
27.006698412698416 0.06644348144531251 166.0804208170573 
27.550865079365074 0.05823492431640624 165.26474833170573 
27.780031746031746 0.0666041259765625 121.83687524414061 
27.412948412698416 0.06036767578125 151.82257983398438 
29.836543650793647 0.045884155273437505 79.67302062988281 
30.012998015873016 0.04379693603515625 87.62439978027342 
28.672531746031744 0.049758544921874995 118.8969393310547 
28.009323412698414 0.0546171875 171.31647989908853 
30.217824404761906 0.04322174072265625 76.24794592285156 
29.3249623015873 0.04679571533203125 94.6933104248047 
28.38824007936508 0.05099285888671875 136.28668115234373 
26.482700396825397 0.0737677001953125 187.29602628580727 
29.286503968253964 0.0454659423828125 116.41613049316406 
28.132670634920636 0.06301617431640624 110.55844592285156 
28.661519841269843 0.0534678955078125 102.48974438476561 
28.264476190476195 0.05277966308593751 130.7710666503906 
28.69718452380953 0.050869445800781246 107.02457006835937 
29.56031349206349 0.04689886474609375 81.54238854980468 
27.799089285714285 0.05603680419921876 165.63678275553386 
28.322740079365083 0.05391412353515625 123.89318676757811 
29.009644841269846 0.050693115234374996 90.43100793457032 
26.62135119047619 0.07831768798828125 155.14260668945315 
29.11753174603175 0.04761749267578125 105.6861434326172 
26.235538690476186 0.0871014404296875 189.2125760904948 
30.751078373015872 0.04178363037109375 67.84637780761719 
26.942622023809527 0.0837880859375 143.82479809570313 
26.51051785714286 0.08054522705078124 155.32838696289062 
30.128527777777776 0.044713623046875 75.27096695963542 
27.491872023809528 0.06954736328125 134.50476477050782 
26.25458630952381 0.08587597656249998 189.55112089029944 
29.711936507936514 0.045530822753906255 87.82328186035156 
29.00761507936508 0.0481158447265625 117.83262524414062 
28.03283928571428 0.05474133300781251 132.02860327148437 
27.204158730158735 0.06095977783203125 153.39620080566408 
26.90697619047619 0.06979266357421875 148.38368518066406 
28.981103174603174 0.04964813232421875 96.10557116699219 
30.0899623015873 0.043370422363281244 87.49644567871093 
27.019644841269837 0.067115966796875 147.64544897460937 
27.549406746031746 0.06745947265624999 133.54252014160156 
26.704580357142856 0.07530987548828125 154.08355053710937 
28.165269841269843 0.06049029541015625 104.46754064941406 
27.845686507936513 0.05576263427734375 138.03550720214844 
28.296251984126986 0.0544462890625 119.83670446777343 
26.895934523809522 0.07038348388671875 154.98847314453124 
26.996113095238094 0.0675848388671875 153.35298266601563 
27.504240079365083 0.05931359863281249 194.66926236979168 
28.38665873015873 0.05511639404296875 114.29926037597656 
28.321728174603173 0.05232861328124999 126.11566491699219 
28.280170634920637 0.05291656494140625 127.44849792480468 
29.73725396825397 0.04511993408203126 87.22447229003906 
29.325115079365084 0.04629443359375 100.3221339111328 
27.127343253968252 0.06579168701171875 152.70996496582032 
28.950964285714285 0.050975708007812495 91.12583325195313 
26.15574702380952 0.09057659912109375 184.21581376139324 
29.135448412698416 0.0500533447265625 90.27504113769531 
29.14350396825397 0.0476605224609375 100.75133874511718 
26.712665674603176 0.07441607666015625 154.15966137695312 
27.512115079365078 0.06027227783203125 145.52943103027343 
28.042144841269838 0.059809509277343756 128.14688244628906 
28.286351190476193 0.05406628417968749 120.74616882324217 
28.098434523809523 0.05369677734375 145.83600561523434 
28.595031746031747 0.051836975097656245 112.32186254882812 
28.15128174603175 0.058422058105468744 114.7461865234375 
27.888156746031747 0.060590270996093744 119.89211791992187 
27.698255952380954 0.05748107910156249 144.37455200195313 
27.99218452380952 0.0548568115234375 142.34239086914062 
30.405522817460316 0.04237811279296875 112.40109655761718 
26.778990079365077 0.07339447021484376 149.62025842285158 
26.743469246031747 0.0736004638671875 153.8123350830078 
27.160934523809523 0.06461993408203125 165.881287882487 
29.4113998015873 0.045675903320312496 116.34208703613281 
28.097144841269845 0.0594912109375 121.83235461425781 
28.578226190476194 0.052174682617187496 119.06961743164064 
28.13867261904762 0.053790771484375 131.1284348144531 
26.545101190476192 0.07371160888671874 188.10524442545574 
