28.34870138888889 0.0476995849609375 138.63594165039063 
28.29344841269841 0.048493896484375 134.72685925292967 
27.816365079365085 0.05097827148437499 144.48084558105467 
28.32974305555556 0.049390624999999994 120.54824523925781 
27.94265972222222 0.052434082031249996 113.85010534667968 
28.129802579365084 0.0491781005859375 126.0429005126953 
27.400635912698412 0.05966131591796875 154.97274853515626 
27.506052579365083 0.05692108154296875 135.53773876953124 
28.111409722222227 0.05047491455078125 121.36848205566405 
28.001409722222224 0.05218475341796874 121.75286096191405 
27.795219246031746 0.053163879394531245 119.68925158691407 
28.175948412698414 0.048697509765625 139.64613269042968 
28.45995138888889 0.04708203125 138.47424780273437 
27.982180555555555 0.0508072509765625 139.2692791748047 
27.598622023809526 0.05368658447265624 133.72152160644532 
27.77557638888889 0.05221124267578124 131.28423388671874 
29.215576388888895 0.04407293701171875 87.42522070312499 
29.584996031746034 0.04281292724609374 70.06675219726563 
28.68390972222222 0.04553173828125 125.37883947753906 
28.237891865079366 0.05106304931640624 99.4580322265625 
28.3593501984127 0.04834527587890624 118.34158801269531 
28.885308531746034 0.04445892333984375 108.6881544189453 
28.772659722222222 0.045166503906249995 108.59780334472654 
29.46526388888889 0.04284783935546874 86.72245092773437 
28.566850198412702 0.04757110595703125 92.437517578125 
30.07756547619048 0.0414327392578125 91.44271044921875 
29.711097222222225 0.04185601806640624 85.98001245117187 
29.476662698412696 0.04351055908203125 70.56664184570312 
28.00643353174603 0.051554687499999995 102.89918701171874 
28.654826388888885 0.0458319091796875 108.66884680175781 
28.97307638888889 0.044046997070312496 121.78522180175781 
28.96190972222222 0.04539117431640625 88.12058593750001 
29.43390972222222 0.0424476318359375 104.25793872070312 
29.276493055555555 0.045953979492187505 77.64287744140626 
28.755516865079368 0.04487646484374999 125.36206701660156 
30.449757936507932 0.04143182373046875 62.93589819335938 
29.058493055555555 0.04460266113281249 84.892388671875 
29.288597222222222 0.042957397460937505 104.23543786621093 
28.83232638888889 0.046088806152343745 88.60164111328126 
28.714662698412702 0.047111572265625 85.95163708496094 
29.927927579365075 0.042470642089843746 68.57603735351563 
29.15588888888889 0.04342913818359374 104.92384655761717 
30.55093353174603 0.040761718749999995 68.80395361328125 
28.473368055555557 0.046636047363281245 109.47610119628905 
29.63328472222222 0.042268493652343746 86.678814453125 
29.069371031746034 0.044074829101562504 107.74744177246093 
28.35232638888889 0.047140380859375 126.30559191894531 
29.365927579365074 0.04506402587890625 76.8469111328125 
28.54114186507936 0.04613653564453125 126.29256018066407 
28.381016865079367 0.04924591064453125 87.6821502685547 
29.097763888888885 0.04369580078125 124.39744470214843 
29.38703472222222 0.04349237060546875 83.73532958984376 
30.02761507936508 0.041892272949218747 68.08118017578124 
27.90182043650794 0.05150274658203126 126.16135791015626 
27.06142261904762 0.0683892822265625 191.57020532226562 
27.69414285714286 0.05320788574218749 159.74469348144532 
27.533781746031742 0.055559814453125 149.68714819335938 
27.834793650793653 0.051811462402343744 143.82716650390626 
27.65310119047619 0.052803955078124985 180.08937365722656 
27.095390873015873 0.067480224609375 167.32525024414062 
27.507714285714286 0.05417315673828125 160.52057055664062 
27.354226190476187 0.06571514892578126 154.85912963867187 
27.34307142857143 0.0563013916015625 161.2368723144531 
27.45680158730159 0.05432098388671874 180.7885948486328 
27.29247619047619 0.058565185546874995 186.5016173095703 
27.17531349206349 0.05971704101562501 187.2050701904297 
27.96614285714286 0.05082061767578124 137.281705078125 
28.05755753968254 0.04947955322265625 139.52661267089843 
28.22005753968254 0.04851824951171875 122.60155029296877 
27.419938492063494 0.055793884277343754 178.37726440429688 
28.369105158730157 0.04842205810546875 93.27576733398438 
28.885837301587298 0.053839965820312495 83.06171374511719 
28.534938492063493 0.04765362548828125 92.26714135742188 
28.98961111111111 0.04476611328125 98.56830554199217 
28.761694444444448 0.0465750732421875 97.09698754882814 
29.313837301587302 0.04508306884765625 79.06718811035157 
29.187111111111108 0.04392742919921874 97.95348376464844 
28.593813492063493 0.048396911621093754 86.04638305664062 
27.87131349206349 0.058418395996093754 107.07002416992188 
28.127980158730157 0.0514842529296875 101.58698913574219 
28.84731944444444 0.04573638916015625 91.05267993164063 
27.20027182539683 0.06207452392578126 163.05045361328126 
28.205480158730154 0.06036907958984374 92.34196203613283 
28.352146825396822 0.056630310058593744 91.73597814941407 
28.729611111111115 0.045596069335937496 113.92146166992188 
27.908271825396827 0.051017395019531245 144.41402514648436 
28.498271825396824 0.04653375244140624 108.92806420898438 
28.404194444444443 0.047952880859375 115.56577917480469 
28.66681349206349 0.04728228759765625 85.62949584960937 
27.990563492063494 0.05017974853515624 123.73309655761719 
28.26723015873016 0.05036962890625 101.54199645996093 
27.779834325396827 0.05425085449218749 126.29263745117186 
29.02967063492063 0.04668695068359375 80.40173706054688 
27.75159126984127 0.06754187011718751 119.73894604492186 
29.204789682539683 0.04626300048828125 77.56347924804686 
27.91848015873016 0.05167132568359375 122.18548168945313 
