28.739102182539682 0.08535205078125 186.58969026692708 
28.92626488095238 0.0925478515625 183.3081298014323 
28.783257936507937 0.0928134765625 149.0991555175781 
28.991244047619045 0.09989453125 143.90558032226562 
29.157997023809525 0.07470538330078125 189.19305432128905 
29.195819444444442 0.06631195068359375 170.8070898030599 
29.133934523809522 0.07472637939453125 142.42498474121095 
29.36241666666666 0.06347979736328124 169.7308367919922 
29.308542658730158 0.07411791992187501 135.80590250651042 
29.335827380952377 0.08126171875000002 120.24296020507813 
29.465854166666663 0.06270062255859375 163.05802478027346 
29.38720833333333 0.06397515869140624 149.61123376464843 
29.43805952380952 0.0779993896484375 127.17705200195311 
29.742970238095232 0.092833740234375 117.63511206054687 
29.664757936507936 0.058599365234375 163.51741764322918 
29.67955952380952 0.06561212158203125 145.34489099121095 
29.8101746031746 0.057143310546875006 163.50664127604168 
29.715735119047615 0.05908990478515626 148.21453299967447 
29.6848125 0.06141009521484375 138.52806783040364 
29.657389880952383 0.0693463134765625 118.45820288085937 
29.75752083333333 0.057611877441406244 138.7170723876953 
29.70869146825397 0.0609312744140625 130.29423689778645 
29.850819444444447 0.06357147216796875 124.09650760904947 
29.85051488095238 0.06742236328125001 118.30039721679688 
30.028386904761902 0.07599365234375 114.96455053710937 
29.882381944444443 0.05465228271484375 127.96626354980468 
30.142163690476185 0.05857696533203125 126.2644676513672 
29.917104166666668 0.059983703613281245 118.31382360839844 
30.397223214285713 0.059637023925781255 118.5447108968099 
30.408024801587306 0.063225341796875 112.33490999348957 
30.158145833333332 0.05236663818359375 121.47089294433593 
30.605298611111106 0.050808410644531246 125.58543111165363 
30.70603869047619 0.055558471679687506 109.09688464355469 
30.45341369047619 0.05330303955078125 109.15521423339844 
30.919048611111112 0.049679260253906246 107.8841620686849 
30.74341369047619 0.05228045654296874 103.51818493652344 
31.124941468253972 0.05012054443359375 102.5925976155599 
30.293555555555553 0.08546099853515625 114.89992533365886 
29.171543650793648 0.06946624755859374 138.48574060058593 
29.5505505952381 0.06943695068359375 125.97489233398437 
30.14856845238095 0.057825927734375004 122.00446472167968 
29.405028769841273 0.07032672119140625 134.99315482584637 
29.61616170634921 0.06213275146484375 155.3905487874349 
30.03442063492064 0.05292205810546875 136.16272920735676 
28.99284126984127 0.0872467041015625 145.1393944498698 
29.030565476190475 0.0912073974609375 141.09311853027344 
29.88637003968254 0.06152947998046874 126.54424108886718 
30.566141865079363 0.049829345703125 176.80661376953128 
30.410784722222218 0.05118853759765625 162.4172030029297 
30.300454365079368 0.05199261474609375 144.58903869628907 
30.79716567460317 0.048099975585937496 163.12371545410156 
30.595204365079365 0.049446472167968755 149.29297481282555 
31.017168650793657 0.04607977294921874 143.99799450683594 
30.70545436507937 0.049276611328125004 129.204833984375 
31.243507936507932 0.04514642333984375 143.10507470703126 
30.877704365079364 0.04831634521484375 124.00150850423177 
31.181445436507932 0.05682379150390625 102.37732332356771 
31.422049603174607 0.04406280517578125 125.77359106445313 
30.925888888888885 0.04700146484375 109.50553621419272 
31.435680555555553 0.043823974609375 120.05708081054686 
31.185204365079365 0.045480712890625 111.14958732096355 
31.305531746031743 0.047450561523437504 105.45622111002604 
31.723612103174606 0.04428863525390625 115.84487573242188 
31.50931150793651 0.044371643066406244 105.18288891601563 
31.456632936507937 0.04544293212890625 99.95011006673175 
32.18401091269841 0.045827819824218755 96.41183756510415 
30.828597222222225 0.047885742187500004 140.72036010742187 
28.712679563492067 0.12946148681640626 247.98491251627604 
