41.987395337301585 0.14539593505859374 92.84251951497396 
39.801457837301584 0.183728515625 112.13778454861111 
39.99107390873016 0.17281677246093752 118.6067390733507 
40.89985962301587 0.15594110107421874 105.81157583007813 
40.13025446428571 0.16429339599609377 102.9085067545573 
41.15769692460318 0.13410089111328125 110.28776661783854 
40.66274652777778 0.1791842041015625 100.47370771484375 
41.158172123015866 0.13983642578125002 99.11858936631945 
41.839025297619045 0.17099316406249998 96.31780581597222 
42.30140724206349 0.1895150146484375 89.75169818793402 
41.69212648809524 0.1770638427734375 96.51275148654514 
40.56907093253968 0.15393591308593751 113.5165638997396 
41.00766617063492 0.17092388916015627 100.59144667426216 
40.75447271825397 0.16256787109374998 104.34790594618055 
