28.34037996031746 0.05441748046874999 122.42211328125 
28.425379960317464 0.054210205078125 122.24178369140625 
28.7328501984127 0.0487674560546875 126.48267395019532 
29.60019642857143 0.04404620361328125 117.5774884033203 
28.93412996031746 0.05244976806640624 107.6418427734375 
29.667696428571425 0.04404620361328125 114.40996496582031 
29.970217261904757 0.04389434814453125 99.84326770019533 
30.199633928571426 0.04345819091796874 96.15296020507812 
29.682856150793647 0.044686218261718744 100.67713098144532 
29.805124999999997 0.043648864746093745 114.08689721679687 
28.7525376984127 0.05086492919921874 115.49057324218748 
29.7010625 0.0438336181640625 117.08322302246094 
28.64288591269841 0.04883428955078124 125.5260157470703 
28.436838293650794 0.0514500732421875 128.0455938720703 
29.577975198412695 0.04627880859375 98.11501867675781 
28.663897817460317 0.05062689208984374 119.73845178222656 
29.248133928571427 0.0449993896484375 118.46342443847655 
29.747419642857142 0.0448087158203125 97.58119250488281 
28.471844246031743 0.0512705078125 130.50700744628907 
28.47592162698413 0.052681884765625 120.79152746582031 
28.78209226190476 0.04781683349609375 125.01971691894532 
29.60869642857143 0.04384619140625 117.42800744628906 
29.58118948412698 0.04608148193359375 97.9678741455078 
29.008177579365075 0.05067547607421874 105.91385168457032 
29.33313392857143 0.0447921142578125 118.2830948486328 
30.131918650793654 0.04341168212890624 96.59271582031249 
29.02842162698413 0.046594116210937495 124.77384338378906 
28.503719246031743 0.05170764160156249 123.20422424316405 
28.56432440476191 0.05219219970703124 120.69267053222656 
28.662850198412702 0.049876098632812504 122.00935266113282 
29.08491964285714 0.04623529052734375 124.41055529785156 
29.98000297619048 0.044243896484374996 96.59316662597655 
28.83943353174603 0.047649291992187495 125.79183410644531 
28.739106150793653 0.04865795898437499 125.18067248535155 
29.10754365079365 0.04545416259765625 119.0450458984375 
29.04191369047619 0.04632562255859375 124.57008752441406 
28.781814484126983 0.049384704589843745 117.07416076660155 
28.961814484126982 0.04705670166015625 116.2500479736328 
28.819814484126983 0.048723205566406254 117.7593956298828 
29.520976190476187 0.045526733398437505 106.6345068359375 
29.211397817460316 0.047910888671875 104.23275939941406 
29.928981150793653 0.04430139160156249 96.73032592773437 
28.764522817460318 0.048454345703125 125.13609436035156 
29.280842261904763 0.0453892822265625 115.47458654785156 
29.82770535714286 0.04421405029296875 100.25588659667969 
28.897766865079365 0.0480059814453125 117.2602784423828 
28.5636001984127 0.049787231445312496 126.4518018798828 
29.10785615079365 0.047605834960937496 113.14905627441405 
28.80673412698413 0.05507824707031249 111.63268408203125 
28.934219246031752 0.05065185546874999 109.20821313476561 
28.902925595238095 0.04752093505859375 121.73903332519532 
28.398302579365076 0.05210858154296875 123.39594689941407 
28.48564781746032 0.050504455566406245 126.95091906738281 
29.28837698412699 0.04666870117187499 101.82710156249999 
29.34425 0.04500091552734375 115.57667639160155 
29.392350198412704 0.047614318847656247 99.2626739501953 
29.749279761904763 0.04440411376953125 100.57050927734375 
28.201163690476193 0.055742492675781255 129.85253869628906 
28.916675595238097 0.046778259277343755 119.1271524658203 
29.339696428571425 0.0445885009765625 118.38969677734374 
29.244418650793648 0.045070556640624995 118.73956884765624 
28.431808531746032 0.05367846679687499 122.1412802734375 
29.469537698412694 0.04627880859375 101.53161279296874 
29.63584226190476 0.04519860839843749 97.75987805175782 
29.52948214285714 0.04442828369140625 114.65419970703124 
28.411010912698412 0.052022460937499994 131.37009338378905 
29.960856150793653 0.04412139892578124 96.60884729003905 
29.101154761904763 0.04636737060546875 115.96891699218749 
28.72368353174603 0.0491241455078125 121.1462667236328 
28.97121924603175 0.04918896484375 107.86055139160158 
29.07787103174603 0.04865167236328124 104.7720859375 
28.763064484126982 0.05034027099609375 114.80155139160155 
29.285162698412698 0.04686602783203124 101.97424609375 
28.720981150793648 0.05013665771484375 117.93724670410154 
29.418267857142858 0.044391174316406254 118.21802258300781 
29.49275198412699 0.04628509521484374 98.34878857421873 
29.216814484126985 0.047707275390625005 107.3665421142578 
28.821531746031745 0.047792053222656256 125.33403613281249 
29.21691865079365 0.04527783203125 118.89536877441405 
29.495400793650795 0.045798889160156245 106.97401416015626 
28.571219246031752 0.05170764160156249 120.02395080566406 
30.074633928571433 0.043642944335937496 96.22743334960938 
29.465196428571424 0.044230957031250004 117.67457861328124 
29.59065972222222 0.05415045166015625 94.16525646972656 
28.94401686507937 0.05642761230468749 104.3632745361328 
28.006719246031746 0.06040899658203125 124.81964770507811 
29.057743055555555 0.055281311035156246 100.22464172363281 
28.088385912698413 0.05760028076171875 142.4774393310547 
29.58565972222222 0.0539656982421875 94.53135717773436 
28.684766865079364 0.05202606201171874 113.79323315429689 
29.301350198412695 0.04920172119140624 96.49753527832031 
28.9563501984127 0.04970025634765625 109.50522119140624 
28.14800496031746 0.06018896484374999 118.39218395996093 
28.968100198412696 0.05548040771484375 100.63213647460937 
28.234100198412705 0.0574171142578125 121.54206616210938 
28.13193353174603 0.05642932128906249 140.78494213867185 
29.249350198412696 0.04838043212890625 97.14347973632813 
28.192766865079363 0.05542102050781249 136.11832495117187 
28.11126686507937 0.06010034179687499 122.99713586425781 
28.549100198412702 0.0522120361328125 121.77779565429687 
30.030600198412696 0.04563562011718749 90.69542260742186 
28.375064484126984 0.056178955078124995 112.76443347167968 
28.029933531746032 0.0577645263671875 134.4372840576172 
27.939016865079367 0.06004809570312499 136.0130350341797 
28.13873115079365 0.05859820556640625 124.83375537109374 
29.836243055555553 0.04683404541015625 90.47685217285157 
28.2536001984127 0.05504968261718749 135.91692358398439 
28.045219246031746 0.05771649169921874 140.0408382568359 
29.63159722222222 0.05415045166015625 93.92149829101562 
28.9943501984127 0.053404174804687496 100.78981640625 
29.799350198412696 0.04607672119140625 94.63444799804687 
28.6336001984127 0.05163604736328124 120.3809279785156 
29.1213501984127 0.053901794433593754 97.15323596191406 
30.133338293650798 0.0460177001953125 88.89315234375 
29.175600198412702 0.048124084472656245 104.45458715820313 
29.191850198412702 0.0478231201171875 104.7751671142578 
28.963600198412696 0.0499002685546875 106.72923803710937 
27.92921924603175 0.06221197509765625 123.83051049804686 
28.817350198412697 0.055224975585937496 104.61834350585937 
29.276350198412693 0.04762310791015625 104.35759631347655 
28.86226686507937 0.053717041015625 104.88480908203125 
29.526493055555555 0.04782312011718749 95.2198818359375 
30.112430555555555 0.04583563232421874 89.04623449707032 
27.708683531746033 0.0630892333984375 139.12681042480466 
27.477552579365078 0.06537719726562499 139.5605589599609 
29.5881001984127 0.04683404541015625 95.62347326660155 
28.29498115079365 0.05314068603515624 124.30054199218749 
29.922493055555556 0.046577697753906244 89.69903576660157 
28.484231150793654 0.05278350830078125 118.75726708984374 
27.852766865079367 0.060304443359374994 136.73347644042968 
28.7456001984127 0.05127874755859374 112.58490991210938 
29.351850198412695 0.04782312011718749 96.6586182861328 
29.0893501984127 0.04838043212890625 105.26002856445312 
29.40595734126984 0.0543443603515625 95.06864562988281 
27.64005257936508 0.06380090332031249 138.1297508544922 
27.782564484126986 0.06084381103515624 130.0132471923828 
28.6781001984127 0.05127874755859374 115.78005834960938 
29.894385912698414 0.045806762695312496 91.32021691894532 
28.8468501984127 0.0499002685546875 109.8652471923828 
28.573850198412696 0.056859924316406255 105.5220811767578 
30.798255952380952 0.04142095947265625 95.81175109863281 
30.49481845238095 0.041808959960937496 113.62909387207031 
30.971982142857144 0.0411510009765625 80.015505859375 
30.69475992063492 0.041989501953124994 80.80807226562501 
29.8829503968254 0.0459366455078125 93.91740063476563 
30.58150595238095 0.04182489013671875 96.07811486816406 
30.08614880952381 0.042774047851562504 119.23889306640625 
29.918509920634914 0.045029296875 93.74046215820313 
29.960390873015875 0.04521978759765625 93.42915588378906 
30.155652777777778 0.0439078369140625 91.96749865722657 
29.729759920634923 0.0441785888671875 113.68796887207031 
30.22864880952381 0.04237011718750001 118.93765771484375 
29.640715277777776 0.046287109375 97.19892761230469 
29.830890873015868 0.04461785888671874 96.34871997070313 
29.863926587301584 0.04337213134765625 136.78437365722655 
29.985232142857143 0.04567193603515625 93.17296081542969 
29.80142658730159 0.0435640869140625 122.97012561035156 
30.00809325396825 0.0444525146484375 92.98466137695313 
29.963926587301586 0.04318768310546875 117.71867553710936 
30.551069444444444 0.042228027343749995 81.87644494628907 
30.681982142857144 0.041712158203125 85.35786340332031 
30.71696130952381 0.041605712890625 95.99359399414062 
30.01665277777778 0.045022460937499995 92.54940014648437 
29.98737896825397 0.0435806884765625 100.46175073242188 
29.989640873015873 0.043796691894531246 96.04986987304687 
30.003212301587304 0.043022277832031254 122.50435766601562 
29.700791666666667 0.04384600830078125 140.1559180908203 
29.477224206349206 0.0475936279296875 98.63362243652344 
30.341426587301584 0.04208630371093751 118.66465380859376 
29.911069444444443 0.043236145019531255 119.70705249023436 
30.318648809523815 0.042570800781249994 96.77163549804688 
30.06793452380952 0.042793395996093754 119.35355297851562 
30.380041666666664 0.041993713378906256 118.69576501464843 
29.5827242063492 0.04648443603515625 97.32687731933595 
30.26714087301587 0.042775512695312504 87.04188549804687 
29.76200992063492 0.045904663085937505 96.15795349121093 
29.783291666666667 0.04371002197265625 118.19919653320311 
29.97892658730159 0.0430513916015625 119.54631701660155 
29.814152777777775 0.04553515625 95.88585144042969 
30.17114880952381 0.042554870605468746 114.26663549804687 
30.084224206349205 0.044105163574218745 92.1165557861328 
29.54922420634921 0.045551147460937504 101.75666735839843 
30.231545634920632 0.04319268798828125 82.49007202148437 
30.89614880952381 0.0411510009765625 80.8763614501953 
30.33714087301587 0.042775512695312504 82.27995581054688 
29.691890873015872 0.04573248291015625 96.84812145996094 
29.486557539682536 0.04777496337890625 98.49650622558593 
29.4317242063492 0.0453818359375 114.29661157226562 
29.876069444444443 0.04334490966796875 122.82962573242187 
30.058926587301585 0.042810974121093755 136.25158850097654 
30.533569444444446 0.042017028808593745 86.36004321289062 
29.73356944444445 0.043748840332031254 123.13086108398437 
29.728390873015872 0.04517517089843749 96.83358142089844 
30.12297420634921 0.04316351318359375 99.21533557128906 
29.78928373015873 0.04359130859375 136.92487353515622 
29.834759920634916 0.0435361328125 122.83004650878905 
30.26293452380952 0.042232238769531256 118.82076782226562 
30.430355158730162 0.042255554199218746 91.44696069335937 
29.881902777777782 0.043975341796875 100.82389868164063 
29.896505952380956 0.043313964843750004 136.61744958496092 
27.83857936507936 0.05980474853515624 175.43032971191406 
28.384412698412696 0.05156573486328124 170.17685314941406 
28.3384751984127 0.05184381103515624 170.39994494628905 
28.13201686507937 0.05608941650390623 154.6973712158203 
27.83039484126984 0.05822613525390624 181.6827110595703 
28.100811507936506 0.056223815917968746 160.83888732910154 
28.253427579365074 0.0524366455078125 174.3291173095703 
27.965135912698408 0.05509228515624999 173.57901623535156 
28.221430555555553 0.052468811035156236 158.04478613281248 
28.021135912698412 0.0548634033203125 172.7144267578125 
27.9559751984127 0.05757769775390623 167.6479571533203 
27.912993055555557 0.05563220214843749 173.8984913330078 
28.18640376984127 0.052449707031249994 172.0297314453125 
29.513830357142854 0.046252563476562494 102.923216796875 
27.657680555555554 0.057205200195312486 186.00864904785155 
28.57342757936508 0.04926336669921875 154.38123449707032 
28.06778472222222 0.05355224609375 175.92781799316407 
27.88432341269841 0.056255249023437495 181.15603430175778 
28.577713293650795 0.0487686767578125 153.48823205566407 
28.425659722222225 0.05137615966796875 150.42666552734374 
28.140141865079364 0.05274822998046874 167.52549011230468 
28.91014186507936 0.0475135498046875 152.06260266113281 
28.705930555555558 0.048809570312499995 145.92451342773438 
28.463427579365078 0.050616455078125 158.26764123535156 
