28.699550595238094 0.04521929931640625 105.5234464111328 
30.679997023809523 0.04122546386718749 89.36787573242188 
30.24325297619048 0.04139270019531251 97.512900390625 
29.03934226190476 0.04469409179687499 87.44122558593749 
27.90671726190476 0.05165618896484374 129.01529040527345 
30.07158630952381 0.04153271484375 110.35265759277343 
28.591425595238093 0.04558331298828125 110.32748217773437 
28.25313392857143 0.04744891357421875 144.2830469970703 
28.256633928571432 0.0479588623046875 111.46592297363281 
29.766025793650794 0.04184698486328124 97.98587622070312 
28.018093253968253 0.04796112060546874 122.41491137695311 
29.490439484126988 0.04236865234374999 98.4158828125 
27.919134920634917 0.051277404785156244 110.48519897460938 
28.2012876984127 0.0488985595703125 105.58676684570312 
28.996446428571424 0.0435880126953125 119.50093310546876 
28.94795436507936 0.04446295166015625 88.9528779296875 
29.32693253968254 0.043286376953125 81.79592797851562 
28.2031626984127 0.04845050048828125 112.38299389648438 
29.671710317460317 0.042058715820312495 86.81078759765626 
28.57267658730159 0.04664556884765625 90.53339282226563 
28.648029761904763 0.04483197021484375 119.62086157226562 
28.11241865079365 0.050597473144531245 110.11566870117187 
29.218967261904766 0.0433447265625 101.26612182617188 
27.79922420634921 0.05541131591796875 124.54709423828126 
29.008787698412696 0.043210449218749995 105.8418759765625 
27.92913492063492 0.050482421874999996 131.54236206054685 
28.419829365079362 0.046640625 101.59985693359374 
30.145847222222223 0.0428798828125 74.69133459472656 
30.898034722222224 0.04162939453125 73.93493566894531 
28.494204365079366 0.04832604980468749 88.42558862304688 
29.481784722222223 0.044783325195312494 75.81233972167968 
28.85420436507936 0.0457996826171875 82.82486328125 
28.339224206349208 0.046621154785156244 107.85563964843749 
29.290037698412696 0.04283148193359375 98.85598193359374 
29.116968253968253 0.044527099609374995 82.2703359375 
28.741079365079365 0.04476544189453125 106.10461035156248 
28.912398809523815 0.04401660156249999 106.37869238281249 
28.63037003968254 0.047884643554687495 88.56870117187499 
28.433204365079366 0.046131774902343756 107.37751501464842 
29.569918650793646 0.04263006591796875 81.06007812499999 
28.3337876984127 0.04650793457031249 121.41371679687498 
29.186287698412702 0.04337823486328125 88.23450390625 
29.742751984126983 0.042058715820312495 80.32954345703125 
29.396644841269847 0.04412078857421875 77.13228295898438 
29.818173611111114 0.04351312255859375 75.66311145019532 
28.784037698412696 0.045112792968749996 89.27683728027344 
30.418034722222224 0.042225952148437496 74.3428927001953 
27.698509920634923 0.052152343749999996 143.2014636230469 
28.831557539682535 0.04422406005859375 119.86094763183593 
28.268648809523807 0.04682012939453124 121.49615942382812 
28.602537698412696 0.045300170898437506 107.12399609374998 
29.420662698412695 0.04281481933593749 87.75832958984375 
28.051704365079367 0.049234375 113.74381884765624 
28.91212103174603 0.045090820312499995 82.47986596679686 
28.344551587301588 0.048789062499999994 95.27950854492187 
29.128773809523807 0.04386907958984375 88.563232421875 
27.846982142857144 0.04941180419921874 143.71578796386717 
29.278376984126986 0.04283331298828125 112.0482119140625 
28.70809325396825 0.04652624511718749 83.66647729492186 
28.7062876984127 0.04591900634765624 89.81160375976562 
28.720460317460315 0.045287353515625 99.97696606445311 
29.166808531746035 0.04294000244140624 119.05250488281249 
27.97225992063492 0.049591918945312494 113.57338525390625 
28.280176587301582 0.04898236083984374 95.74245141601563 
28.5312876984127 0.048284057617187494 88.127111328125 
28.597593253968256 0.045963378906250005 100.27416723632811 
28.482398809523808 0.045549743652343745 120.75398901367186 
28.958371031746037 0.04394427490234375 99.3918410644531 
28.299968253968256 0.047097045898437495 101.94193481445312 
29.256085317460315 0.04388641357421875 81.57448596191406 
29.262097222222224 0.04534002685546875 76.74481164550781 
28.89796031746032 0.044573974609375 99.45999340820312 
30.07505257936508 0.04206805419921875 78.9212783203125 
30.873719246031747 0.040761718749999995 77.7690430908203 
29.8862748015873 0.04280096435546875 79.15938708496094 
30.164830357142854 0.04140948486328125 79.08804760742187 
29.76488591269841 0.043470336914062505 79.92000317382812 
29.64045436507937 0.041535400390625005 105.06235119628906 
29.457454365079364 0.0425115966796875 100.4011260986328 
29.329454365079368 0.042405517578125 105.549744140625 
29.15195436507937 0.043118896484374995 106.066716796875 
28.90254464285714 0.04414093017578125 108.77737829589843 
29.083898809523806 0.04458831787109375 85.10303503417968 
29.709954365079362 0.04154266357421875 99.93143029785156 
29.47795436507937 0.041927429199218755 105.3152413330078 
28.576815476190472 0.04593823242187499 108.46975732421875 
29.595454365079366 0.041998229980468746 98.60420068359375 
29.33806547619048 0.043040283203125 88.77194311523436 
28.820982142857144 0.04463812255859374 107.30523059082032 
30.778844246031746 0.04139270019531251 88.59976049804686 
30.389781746031748 0.04139270019531251 95.36032458496095 
29.921240079365077 0.04199688720703125 96.20188171386718 
