28.77078733766234 5.0
28.77078733766234 5.0
28.77078733766234 5.0
28.77078733766234 5.0
28.77078733766234 5.0
28.77078733766234 5.0
28.77078733766234 5.0
28.77078733766234 5.0
28.77078733766234 5.0
28.77078733766234 5.0
28.77078733766234 5.0
28.77078733766234 5.0
28.77078733766234 5.0
28.77078733766234 5.0
28.77078733766234 5.0
28.77078733766234 5.0
28.77078733766234 5.0
28.77078733766234 5.0
28.77078733766234 5.0
28.77078733766234 5.0
28.77078733766234 5.0
28.77078733766234 5.0
28.77078733766234 5.0
28.77078733766234 5.0
28.77078733766234 5.0
28.77078733766234 5.0
28.77078733766234 5.0
28.77078733766234 5.0
28.77078733766234 5.0
28.77078733766234 5.0
28.77078733766234 5.0
28.77078733766234 5.0
28.77078733766234 5.0
28.77078733766234 5.0
28.77078733766234 5.0
28.77078733766234 5.0
28.77078733766234 5.0
28.77078733766234 5.0
28.77078733766234 5.0
28.77078733766234 5.0
28.77078733766234 5.0
28.77078733766234 5.0
28.77078733766234 5.0
28.77078733766234 5.0
28.77078733766234 5.0
28.77078733766234 5.0
28.77078733766234 5.0
28.77078733766234 5.0
28.77078733766234 5.0
28.77078733766234 5.0
28.77078733766234 5.0
28.77078733766234 5.0
28.77078733766234 5.0
28.77078733766234 5.0
28.77078733766234 5.0
28.77078733766234 5.0
28.77078733766234 5.0
28.77078733766234 5.0
28.77078733766234 5.0
28.77078733766234 5.0
28.77078733766234 5.0
28.77078733766234 5.0
28.77078733766234 5.0
28.77078733766234 5.0
28.77078733766234 5.0
28.77078733766234 5.0
28.77078733766234 5.0
28.77078733766234 5.0
28.77078733766234 5.0
28.77078733766234 5.0
28.77078733766234 5.0
28.77078733766234 5.0
28.77078733766234 5.0
28.77078733766234 5.0
28.77078733766234 5.0
28.77078733766234 5.0
28.77078733766234 5.0
28.77078733766234 5.0
28.77078733766234 5.0
28.77078733766234 5.0
28.77078733766234 5.0
28.77078733766234 5.0
28.77078733766234 5.0
28.77078733766234 5.0
28.77078733766234 5.0
28.77078733766234 5.0
28.77078733766234 5.0
28.77078733766234 5.0
28.77078733766234 5.0
28.77078733766234 5.0
28.77078733766234 5.0
28.77078733766234 5.0
28.77078733766234 5.0
28.77078733766234 5.0
28.77078733766234 5.0
28.77078733766234 5.0
28.77078733766234 5.0
28.77078733766234 5.0
28.77078733766234 5.0
28.77078733766234 5.0
28.77078733766234 5.0
28.77078733766234 5.0
28.77078733766234 5.0
28.77078733766234 5.0
28.77078733766234 5.0
28.77078733766234 5.0
28.77078733766234 5.0
28.843037337662338 4.0
28.843037337662338 4.0
28.843037337662338 4.0
28.843037337662338 4.0
28.843037337662338 4.0
28.843037337662338 4.0
28.843037337662338 4.0
28.843037337662338 4.0
28.843037337662338 4.0
28.843037337662338 4.0
28.843037337662338 4.0
28.843037337662338 4.0
28.843037337662338 4.0
28.843037337662338 4.0
28.843037337662338 4.0
28.843037337662338 4.0
28.843037337662338 4.0
28.843037337662338 4.0
28.843037337662338 4.0
28.843037337662338 4.0
28.843037337662338 4.0
28.843037337662338 4.0
28.843037337662338 4.0
28.843037337662338 4.0
28.843037337662338 4.0
28.843037337662338 4.0
28.843037337662338 4.0
28.843037337662338 4.0
28.843037337662338 4.0
28.843037337662338 4.0
28.843037337662338 4.0
28.843037337662338 4.0
28.843037337662338 4.0
28.843037337662338 4.0
28.843037337662338 4.0
28.843037337662338 4.0
28.843037337662338 4.0
28.843037337662338 4.0
28.843037337662338 4.0
28.843037337662338 4.0
28.843037337662338 4.0
28.843037337662338 4.0
28.843037337662338 4.0
28.843037337662338 4.0
28.843037337662338 4.0
28.843037337662338 4.0
28.843037337662338 4.0
28.843037337662338 4.0
28.843037337662338 4.0
28.843037337662338 4.0
28.843037337662338 4.0
28.843037337662338 4.0
28.843037337662338 4.0
28.843037337662338 4.0
28.843037337662338 4.0
28.843037337662338 4.0
28.843037337662338 4.0
28.843037337662338 4.0
28.843037337662338 4.0
28.843037337662338 4.0
28.843037337662338 4.0
28.843037337662338 4.0
28.843037337662338 4.0
28.843037337662338 4.0
28.843037337662338 4.0
28.843037337662338 4.0
28.843037337662338 4.0
28.843037337662338 4.0
28.843037337662338 4.0
28.843037337662338 4.0
28.843037337662338 4.0
28.843037337662338 4.0
28.843037337662338 4.0
28.843037337662338 4.0
28.843037337662338 4.0
28.843037337662338 4.0
28.843037337662338 4.0
28.843037337662338 4.0
28.843037337662338 4.0
28.843037337662338 4.0
28.843037337662338 4.0
28.843037337662338 4.0
28.843037337662338 4.0
28.843037337662338 4.0
28.843037337662338 4.0
28.843037337662338 4.0
28.843037337662338 4.0
28.843037337662338 4.0
28.843037337662338 4.0
28.843037337662338 4.0
28.843037337662338 4.0
28.956221861471864 3.0
28.956221861471864 3.0
28.956221861471864 3.0
28.956221861471864 3.0
28.956221861471864 3.0
28.956221861471864 3.0
28.956221861471864 3.0
28.956221861471864 3.0
28.961221861471863 3.0
28.961221861471863 3.0
28.961221861471863 3.0
28.961221861471863 3.0
29.06506114718615 3.0
29.06506114718615 3.0
29.06506114718615 3.0
29.06506114718615 3.0
29.06506114718615 3.0
29.06506114718615 3.0
29.06506114718615 3.0
29.097204004329008 3.0
29.097204004329008 3.0
29.097204004329008 3.0
29.097204004329008 3.0
29.097204004329008 3.0
29.097204004329008 3.0
29.097204004329008 3.0
29.097204004329008 3.0
29.097204004329008 3.0
29.097204004329008 3.0
29.097204004329008 3.0
29.097204004329008 3.0
29.097204004329008 3.0
29.097204004329008 3.0
29.097204004329008 3.0