28.77078733766234 5.0
28.77078733766234 5.0
28.77078733766234 5.0
28.77078733766234 5.0
28.77078733766234 5.0
28.77078733766234 5.0
28.77078733766234 5.0
28.77078733766234 5.0
28.77078733766234 5.0
28.77078733766234 5.0
28.77078733766234 5.0
28.77078733766234 5.0
28.77078733766234 5.0
28.77078733766234 5.0
28.77078733766234 5.0
28.77078733766234 5.0
28.77078733766234 5.0
28.77078733766234 5.0
28.77078733766234 5.0
28.77078733766234 5.0
28.77078733766234 5.0
28.789954004329 5.0
28.789954004329 5.0
28.789954004329 5.0
28.789954004329 5.0
28.789954004329 5.0
28.843037337662338 4.0
28.843037337662338 4.0
28.843037337662338 4.0
28.843037337662338 4.0
28.843037337662338 4.0
28.843037337662338 4.0
28.843037337662338 4.0
28.843037337662338 4.0
28.843037337662338 4.0
28.843037337662338 4.0
28.843037337662338 4.0
28.843037337662338 4.0
28.843037337662338 4.0
28.843037337662338 4.0
28.843037337662338 4.0
28.843037337662338 4.0
28.843037337662338 4.0
28.843037337662338 4.0
28.843037337662338 4.0
28.843037337662338 4.0
28.86220400432901 4.0
28.86220400432901 4.0
28.86220400432901 4.0
28.86220400432901 4.0
28.86220400432901 4.0
28.86220400432901 4.0
28.86220400432901 4.0
28.86220400432901 4.0
28.86220400432901 4.0
28.86303733766234 4.0
28.86303733766234 4.0
28.86303733766234 4.0
28.86303733766234 4.0
28.86303733766234 4.0
28.86303733766234 4.0
28.86303733766234 4.0
28.86303733766234 4.0
28.86303733766234 4.0
28.86303733766234 4.0
28.86303733766234 4.0
28.86303733766234 4.0
29.084227813852813 3.0
29.084227813852813 3.0
29.084227813852813 3.0
29.084227813852813 3.0
29.084227813852813 3.0
29.084227813852813 3.0