0.007985528915788975 410.8016256510416 0.16666666666666666 
0.008418861371394248 359.9634698079427 0.14583333333333334 
0.012483734868284312 160.81203873697916 0.13541666666666666 
0.009418812334891407 282.0400841471354 0.125 
0.011614059271812445 174.59273095703128 0.13541666666666666 
0.012711250456735495 204.20301118977864 0.11458333333333333 
0.014306778335511689 184.90064440917968 0.11458333333333333 
0.009528023973271241 241.80685087076824 0.1875 
0.011369171957578517 221.0863987630208 0.11458333333333333 
0.010263276820704334 280.68387329101563 0.11458333333333333 
0.008670583745207638 321.9929585367838 0.13541666666666666 
0.009118049088384957 259.1232764078776 0.17708333333333334 
0.009058624620880928 324.0342834065755 0.11458333333333333 
0.028124827404763554 119.81912695312501 0.14583333333333334 
0.010686637596335254 215.57080232747396 0.125 
0.014209404272303 146.63292171223958 0.13541666666666666 
0.010339078451976184 260.39800870768227 0.11458333333333333 
0.027616491594132014 120.40950073242186 0.13541666666666666 
0.024154978381242566 120.73855985514324 0.14583333333333334 
0.00874715227746963 334.63880708821614 0.11458333333333333 
0.014239413351681076 164.8050017903646 0.125 
0.013443575384464123 169.44037109375 0.125 
0.01026822391933202 240.94364868164064 0.125 
0.012349586718022817 206.44512923177084 0.11458333333333333 
0.013072205514427268 196.08023583984377 0.11458333333333333 
0.008487705684807148 326.5400836181641 0.125 
0.015450126066353178 158.6316845703125 0.125 
0.015281099841590984 138.96096289062498 0.13541666666666666 
0.011936018475532538 184.39151904296875 0.125 
0.013665271969284864 191.4996570638021 0.11458333333333333 
0.012599182496782388 180.81444392903643 0.125 
0.015804227734729646 183.22884037272135 0.11458333333333333 
0.014785293002035483 146.4739163411458 0.13541666666666666 
0.01335101193265618 175.70889306640623 0.125 
0.010154733521636577 251.69616853841143 0.125 
0.010597272388875489 209.43437060546876 0.13541666666666666 
0.011818799999222173 198.05445638020834 0.125 
0.011587380088806155 199.21212182617188 0.13541666666666666 
0.01547321263806522 136.40382580566407 0.15625 
0.013208623188283291 154.150208984375 0.13541666666666666 
0.02869439516955613 128.27433756510416 0.125 
0.017961482843007897 159.41055826822918 0.11458333333333333 
0.019944873333092757 154.80082975260416 0.11458333333333333 
0.015873582882579434 145.22463997395832 0.125 
0.02489241785883528 138.40379459635415 0.125 
0.020180757502555862 114.03963785807291 0.15625 
0.015824414686560644 180.54039827473957 0.11458333333333333 
0.01820266063403709 140.1623946940104 0.125 
0.017298965237941596 117.17958268229167 0.16666666666666666 
0.02665758034920692 128.30069889322914 0.13541666666666666 
0.027310592806100858 106.80492301432292 0.15625 
0.016891169174000627 159.67892496744793 0.11458333333333333 
0.02498976047968863 131.70802945963544 0.125 
0.026064812724258767 128.51870328776042 0.125 
0.016056326307818298 166.4051765950521 0.11458333333333333 
0.018982375362202514 126.78904508463543 0.15625 
0.027190926611185072 128.2524933268229 0.13541666666666666 
0.01562869015997277 152.1136768391927 0.125 
0.011562721209213147 202.56600939941407 0.13541666666666666 
0.009600411945566541 279.6186942138672 0.15625 
0.01401415582017601 149.41480281575522 0.16666666666666666 
0.011450935654040425 206.79905236816404 0.13541666666666666 
0.015941608813103296 133.09938321940103 0.13541666666666666 
0.015763451131939908 138.54579866536457 0.13541666666666666 
0.015035261953830707 142.95735400390623 0.13541666666666666 
0.008963738971915092 293.3738312174479 0.14583333333333334 
0.009392554763019074 296.938837117513 0.125 
0.00998646192958578 251.88819710286458 0.125 
0.051547438955154255 116.90188655598958 0.14583333333333334 
0.009219048143293709 289.6541832682292 0.15625 
0.009695296235740189 267.39144921875004 0.13541666666666666 
0.009858858144696805 263.36616194661457 0.16666666666666666 
0.051404908294677754 118.10134488932292 0.14583333333333334 
