0.006668574065208435 352.8059296468099 0.17708333333333334 
0.00831721262943372 278.66786116536457 0.11458333333333333 
0.018994771458148964 127.65392138671874 0.125 
0.02219716195729001 93.90992773437502 0.14583333333333334 
0.01632551273173096 96.77588500976563 0.16666666666666666 
0.007450893166586757 326.99666463216147 0.11458333333333333 
0.007077320622351019 325.8603876546224 0.1875 
0.015094506572332226 107.60652775065105 0.19791666666666666 
0.020565733473803808 94.61084985351562 0.15625 
0.021389314176853757 94.14778979492188 0.13541666666666666 
0.009306362417861808 200.12950992838543 0.15625 
0.015763331755843032 97.76759863281251 0.1875 
0.007092271614536644 313.0453927815755 0.17708333333333334 
0.009477619007751337 190.73407877604168 0.16666666666666666 
0.00948974462151155 214.30613688151044 0.13541666666666666 
0.008250491609122602 257.93379060872394 0.14583333333333334 
0.007911542072877292 288.20350410970053 0.125 
0.02305591829693318 93.64451513671874 0.15625 
0.013979477901026618 114.12715014648437 0.13541666666666666 
0.014939084872718913 108.81715861002604 0.15625 
0.02298661621257292 93.89149560546873 0.15625 
0.019066270591676267 116.25251757812498 0.125 
0.0216643698841296 93.96278881835937 0.15625 
0.006851504709661009 341.4197751057943 0.14583333333333334 
0.013416346464660004 114.11755590820312 0.15625 
0.012937442499246426 114.30255688476562 0.13541666666666666 
0.013866652653157707 114.17949829101562 0.13541666666666666 
0.01969456660234927 136.42727001953125 0.11458333333333333 
0.01332861305773259 150.33789282226564 0.11458333333333333 
0.006940095409810538 331.6725097249349 0.17708333333333334 
0.006856773676332087 347.2083778889974 0.125 
0.02113987920707089 129.86741650390627 0.11458333333333333 
0.00980340336316825 223.96594140625 0.11458333333333333 
0.020027434461619704 100.4429052734375 0.13541666666666666 
0.007221597882211208 335.31061759440104 0.13541666666666666 
0.009450611655354503 197.39381461588545 0.16666666666666666 
0.007141156517028807 345.511385538737 0.13541666666666666 
0.01080492387549579 154.58252905273437 0.15625 
0.00967377156507596 193.35703251139324 0.15625 
0.012163161863055093 126.81406754557291 0.13541666666666666 
0.00728554315924272 317.4032167561849 0.125 
0.006883037073075772 338.32020609537767 0.17708333333333334 
0.012322830357193936 156.24388427734377 0.11458333333333333 
0.008256244208183144 250.7175291341146 0.16666666666666666 
0.007433041567265987 309.6941786702474 0.125 
0.02034268947070466 131.132841796875 0.11458333333333333 
0.020419968096073726 94.7525419921875 0.13541666666666666 
0.010239458214756102 187.54415527343753 0.13541666666666666 
0.007437679060459136 294.5772951253255 0.17708333333333334 
0.011380689603891244 141.43777185058593 0.15625 
0.007701788117825984 283.10460005696615 0.14583333333333334 
0.012008184547688809 147.04040454101565 0.125 
0.010366783677097412 170.7903926188151 0.16666666666666666 
0.00792441177364811 286.1459023030599 0.125 
0.008442822029277678 248.11391520182292 0.13541666666666666 
0.007280576004799452 319.08289872233075 0.125 
0.010554656907971957 157.81270951334636 0.16666666666666666 
0.020697052391525327 130.41174511718748 0.11458333333333333 
0.019219012869592718 112.62356201171875 0.13541666666666666 
0.010416601400222618 167.13975699869792 0.17708333333333334 
0.020115252273198207 110.79444946289063 0.125 
0.00765098602160439 321.64959305826824 0.11458333333333333 
0.007760175853814928 314.21872245279945 0.11458333333333333 
0.015605138336181624 100.06771166992188 0.15625 
0.008833907603904614 233.77357828776042 0.13541666666666666 
0.009041303786918531 222.03394254557293 0.13541666666666666 
0.011679840431567274 172.6337810058594 0.11458333333333333 
0.019490420981928734 137.976611328125 0.11458333333333333 
0.00771040930724144 297.56671122233075 0.125 
0.015517353133723117 101.8149159342448 0.14583333333333334 
0.00935627157621086 226.6032213541667 0.125 
0.007152010186728089 312.24832198079423 0.14583333333333334 
0.011040923487510524 150.52448490397137 0.14583333333333334 
0.011183801606204361 149.4898172607422 0.14583333333333334 
0.007352344307895749 298.70515010579425 0.14583333333333334 
0.01134565463047847 144.68090429687498 0.16666666666666666 
0.02092377286117899 109.57578613281251 0.125 
0.00853728556385264 245.9175545247396 0.13541666666666666 
0.007088750116288662 322.33119047037763 0.17708333333333334 
0.021324412736579812 108.82295190429687 0.125 
0.015191249439477913 105.67102905273438 0.17708333333333334 
0.015289655195638538 113.1502197265625 0.14583333333333334 
0.009716182439267643 184.0780333658854 0.15625 
0.009602359617650501 235.8842548828125 0.11458333333333333 
0.008661213172789659 254.78826200358074 0.125 
0.011419469692394135 183.8555791015625 0.11458333333333333 
0.01591629083340985 112.66322729492187 0.13541666666666666 
0.008391819816645241 264.2480838216146 0.125 
0.007575634536262604 289.14151411946614 0.14583333333333334 
0.015390225204169753 103.35680216471356 0.15625 
0.007692153221961114 301.0118137613932 0.125 
0.011813103527188314 171.51632153320313 0.11458333333333333 
0.015751847455263146 98.95194067382812 0.14583333333333334 
0.021521860474940376 94.11192895507813 0.15625 
0.008127194111213092 260.2365204671224 0.14583333333333334 
0.009581824003901335 206.53649869791667 0.13541666666666666 
0.007834021084308624 270.3558275960287 0.14583333333333334 
0.008349994922783228 265.6105231119792 0.125 
0.012809316541668017 129.28617993164062 0.125 
0.010261253465976564 173.981498046875 0.17708333333333334 
0.008580718154594302 256.4369794921875 0.125 
0.01497845019644499 128.92097216796876 0.125 
0.011898002286668881 135.0723798828125 0.13541666666666666 
0.011495240941107295 139.9606258544922 0.15625 
0.007937060231324282 276.8321317952474 0.13541666666666666 
0.007356748433526604 306.17094722493493 0.13541666666666666 
0.011445906580653047 177.90777978515624 0.11458333333333333 
0.009651595310535294 198.60405533854168 0.14583333333333334 
0.0075333344471119335 290.6503000895183 0.14583333333333334 
0.019386510852858453 138.13107519531252 0.11458333333333333 
0.007118203424155717 337.0623999430338 0.14583333333333334 
0.019589633756574208 115.32128833007812 0.125 
0.009141718761827811 213.67495914713544 0.14583333333333334 
0.01232354313528167 135.56073852539063 0.125 
0.010139281654715528 176.56928792317711 0.15625 
0.008014585446774955 280.13163863118496 0.125 
0.008067394090518352 267.12110054524743 0.13541666666666666 
0.007940505546327687 303.7477495524089 0.11458333333333333 
0.009907469664752493 179.46422705078126 0.16666666666666666 
0.00802881524428353 271.28823323567707 0.13541666666666666 
0.009697292201086888 201.31618945312502 0.13541666666666666 
0.007892526632990683 304.6573074544271 0.11458333333333333 
0.015182700725480914 104.77638842773437 0.1875 
0.008419888914987449 252.59688395182292 0.13541666666666666 
0.010547530153080815 165.0080810953776 0.14583333333333334 
0.012620729560539137 115.82639916992187 0.13541666666666666 
0.012672655099913485 151.52008984375 0.11458333333333333 
0.009111684959050275 219.47474967447917 0.14583333333333334 
0.007794587798472497 275.0313105061849 0.14583333333333334 
0.010422366783305988 165.29159525553385 0.14583333333333334 
0.015454541295453936 103.02272111002604 0.15625 
0.009260372650563701 201.02998974609375 0.15625 
0.012091600354727342 138.71128833007813 0.125 
0.007461049491629004 281.1889482014974 0.15625 
0.010360327449008836 175.3559345703125 0.15625 
0.011658085691895326 134.19306774902344 0.15625 
0.008642304067309956 240.60418180338542 0.13541666666666666 
0.007814738309826704 273.67304740397134 0.14583333333333334 
0.009006885015428066 228.83739786783855 0.13541666666666666 
0.00817030659162998 268.4336866861979 0.125 
0.016176902727842325 97.04924902343751 0.14583333333333334 
0.016015822077691564 98.28647314453126 0.14583333333333334 
0.007474598893880846 308.02131669108076 0.125 
0.008649036935135721 238.80446598307293 0.13541666666666666 
0.008854782970830795 215.4055595703125 0.15625 
0.008624367211028928 230.2933037516276 0.15625 
0.012057064662739642 166.58389428710936 0.11458333333333333 
0.0075183816812038435 302.11228413899744 0.125 
0.012731187425758675 151.50014184570313 0.11458333333333333 
0.0096926935326308 191.90187418619792 0.14583333333333334 
0.02017803638055548 109.85316552734376 0.125 
0.00910690040123091 212.76204573567708 0.15625 
0.008781329082664095 261.78134586588544 0.11458333333333333 
0.019640580206926876 100.58927563476561 0.13541666666666666 
0.008742926415350284 237.7919689127604 0.13541666666666666 
0.008040142977178092 262.42890018717446 0.15625 
0.019284710121437933 116.08361987304687 0.125 
0.009304298282172534 205.40677506510417 0.14583333333333334 
0.011482927727218734 153.39681518554687 0.125 
0.008020195715710518 292.5445008138021 0.11458333333333333 
0.01604919961285215 97.78460424804688 0.15625 
0.00939669314041362 242.8501280924479 0.11458333333333333 
0.008817314996585257 253.5162048746745 0.125 
0.009515321565270417 211.7805465494792 0.13541666666666666 
0.020628422894641764 130.90487841796875 0.11458333333333333 
0.007737909063812352 292.0475017903646 0.125 
0.008945597358461474 219.87475211588543 0.14583333333333334 
0.01616566232168672 97.55764208984375 0.16666666666666666 
0.015106682249452904 108.28041007486979 0.16666666666666666 
0.010193342962767925 216.77078629557292 0.11458333333333333 
0.0075120497633665755 307.3384344075521 0.125 
0.008904447079446159 244.79953336588545 0.125 
0.0077771405078433525 287.92696598307293 0.13541666666666666 
0.00844691115599498 243.98880057779948 0.14583333333333334 
0.008166610979899767 259.1672079671224 0.15625 
0.0096412552308701 223.8643055826823 0.125 
0.009819917479991903 216.15800138346356 0.125 
0.011081891932096324 178.51898881022134 0.125 
0.010477024406548595 171.98062145996093 0.13541666666666666 
0.009894155539035807 207.30340055338542 0.125 
0.011060733332898455 156.23154337565103 0.13541666666666666 
0.009659370336648076 204.75315600585935 0.13541666666666666 
0.011625997017309072 148.24278881835937 0.13541666666666666 
0.010886887082383046 181.0379626464844 0.125 
0.011322535014376044 150.29609623209637 0.13541666666666666 
0.011218703328486535 154.3311925048828 0.13541666666666666 
0.011688708785340202 145.41201586914062 0.13541666666666666 
0.01029740941416845 180.18406262207031 0.13541666666666666 
0.010495178207918995 193.26859232584638 0.125 
0.009874999730434274 197.62031762695312 0.13541666666666666 
0.011301006848629561 169.01475451660156 0.125 
0.010880383696969607 183.2107039794922 0.125 
0.011749776325669125 138.724611328125 0.14583333333333334 
0.010819151185121374 167.13080932617189 0.13541666666666666 
0.011105557559356088 170.83304325358074 0.125 
0.00998959165005386 195.6271072184245 0.13541666666666666 
0.010018782521482548 201.17823148600263 0.125 
0.010463789944048962 198.67718359375002 0.125 
0.011399483088538045 166.11049943033854 0.125 
0.010840803185269227 165.9290624186198 0.13541666666666666 
0.010079121608134362 195.17095780436193 0.13541666666666666 
0.011448447625279443 148.94467541503906 0.13541666666666666 
0.010172046890821308 187.60514367675782 0.13541666666666666 
0.01009841731175408 189.70016117350258 0.13541666666666666 
0.010403423804879202 200.9337255452474 0.125 
0.04716144031828644 71.32808642578124 0.17708333333333334 
0.04193864946804943 76.29012866210937 0.17708333333333334 
0.03934839664147797 81.8992861328125 0.1875 
0.0363476778672785 87.10542578125 0.19791666666666666 
0.0399502813746929 83.79036474609376 0.16666666666666666 
0.04470594693587721 75.49701147460937 0.17708333333333334 
0.04356441973434391 75.87666943359375 0.1875 
0.037665130210578414 84.77796264648438 0.17708333333333334 
0.03845343587204438 89.25667211914063 0.16666666666666666 
0.04091130148261789 82.72184497070313 0.15625 
0.03587382784412795 88.50575 0.1875 
0.03997533983586722 80.480900390625 0.1875 
0.03687855977295336 82.88491650390625 0.19791666666666666 
0.039587368777379436 81.01387939453124 0.17708333333333334 
0.036180658215269446 87.13402392578124 0.1875 
0.04040622950077059 89.19216870117188 0.15625 
0.040517904760465025 76.09585595703125 0.1875 
0.03982666406220193 88.75767724609375 0.16666666666666666 
0.03676661231456691 83.9320390625 0.1875 
0.006408918713495135 393.1085187581381 0.16666666666666666 
0.006611915821969509 420.5458026936849 0.11458333333333333 
0.017642586350008812 89.08712768554688 0.17708333333333334 
0.006417596192359924 401.26114131673177 0.13541666666666666 
0.007002431684549899 331.27716101074213 0.15625 
0.012546311269845812 119.63402876790364 0.1875 
0.0066166588647328314 357.64115108235677 0.1875 
0.010850702592000369 159.81787906901042 0.14583333333333334 
0.012380173653289675 122.61044856770832 0.19791666666666666 
0.0071947638630270915 341.4083170166016 0.13541666666666666 
0.007243611429449168 388.6673749593099 0.11458333333333333 
0.016767397062446943 92.65215828450522 0.17708333333333334 
0.00778614385657012 282.46940222167973 0.14583333333333334 
0.00848765426278115 235.50257849121093 0.16666666666666666 
0.017423779674455527 95.9163447265625 0.15625 
0.008065846165657045 264.82954162597656 0.14583333333333334 
0.013420341994877901 110.97326647949217 0.16666666666666666 
0.008554312753941863 231.92678894042967 0.15625 
0.011314208940729516 145.9601706542969 0.14583333333333334 
0.008743593632992356 254.1143409423828 0.125 
0.01181931329362094 129.39610888671876 0.15625 
0.009064460512161266 214.5248260498047 0.16666666666666666 
0.0066639232478141784 354.2752633870442 0.16666666666666666 
0.011180339475180942 155.56816585286458 0.13541666666666666 
0.013561566731497643 110.39102185058593 0.16666666666666666 
0.007990276162888856 267.8877613525391 0.15625 
0.006608210680004211 380.54192476399743 0.13541666666666666 
0.006506214793264869 360.2938349202474 0.16666666666666666 
0.006740256330534815 370.9674583740234 0.14583333333333334 
0.009356740941401577 203.2491572265625 0.14583333333333334 
0.013185653901364659 113.72732979329427 0.1875 
0.0066966104960441575 376.2684075927734 0.14583333333333334 
0.00673662184697017 372.76622009277344 0.13541666666666666 
0.007247596926208586 383.685899617513 0.11458333333333333 
0.012920092160701748 115.68753601074219 0.19791666666666666 
0.006843618693497035 342.45397033691404 0.15625 
0.01001827155524491 180.40466947428385 0.14583333333333334 
0.010745603794083012 162.8429630533854 0.14583333333333334 
0.016928723000451913 93.86217915852863 0.16666666666666666 
0.0172414113601893 89.91628405761719 0.16666666666666666 
0.009141280697938058 209.90487235514325 0.15625 
0.013746617802306998 110.00039294433594 0.16666666666666666 
0.011447204580962638 140.38971997070314 0.14583333333333334 
0.009967486402090628 187.46245186360676 0.14583333333333334 
0.017173348232772168 89.32042285156251 0.17708333333333334 
0.00968061674859748 222.53058752441405 0.125 
0.013024444376990189 114.23563936360675 0.16666666666666666 
0.006419767308976506 382.0130514729818 0.16666666666666666 
0.011922016311347476 134.09565771484375 0.14583333333333334 
0.010631972664292912 184.8923435872396 0.125 
0.008799655497130004 228.46502486165363 0.14583333333333334 
0.009209898662209514 205.72807873535157 0.16666666666666666 
0.010290929522272198 178.09258565266924 0.14583333333333334 
0.008191444727465502 252.77907360839845 0.15625 
0.007905432630479343 268.8185880126953 0.15625 
0.01088755125578866 148.78531107584635 0.15625 
0.008730928758975128 230.02152526855468 0.16666666666666666 
0.012502834936618806 125.50698738606772 0.15625 
0.01316290116958321 114.02040987141928 0.1875 
0.009569990284726033 186.1013868408203 0.16666666666666666 
0.009255399302303784 202.00898291015625 0.15625 
0.007255270924564449 309.279485555013 0.16666666666666666 
0.006525220756884664 383.2612560628255 0.13541666666666666 
0.006589220577761531 359.285706258138 0.16666666666666666 
0.011143079994916904 147.42366072591147 0.15625 
0.006923642028808597 339.7266950276693 0.16666666666666666 
