0.011357091435011492 135.64239416503906 0.13541666666666666 
0.010798502986695631 136.7703770345052 0.16666666666666666 
0.030190546969160494 108.23169783528647 0.125 
0.011039613398849952 157.1936142578125 0.125 
0.012002221374955043 119.81296142578125 0.14583333333333334 
0.00953263040685653 208.92607421875 0.125 
0.02029335556712371 132.39036499023436 0.11458333333333333 
0.010374851410802455 148.14638631184897 0.13541666666666666 
0.01695155510395396 139.65962605794272 0.11458333333333333 
0.012959305040523398 152.8581749267578 0.11458333333333333 
0.017544637938346735 116.55077612304689 0.125 
0.009919361653491847 163.1337307128906 0.14583333333333334 
0.007836944564726205 339.2530934651693 0.11458333333333333 
0.009818620520349585 189.93396956380207 0.125 
0.016503685567971306 129.96905200195312 0.125 
0.018834310991730552 102.00603491210937 0.13541666666666666 
0.011882922310590727 146.00677473958334 0.125 
0.009666506455600276 166.52816560872395 0.16666666666666666 
0.02845933001554015 90.8159392903646 0.16666666666666666 
0.01910324130611117 94.24063427734376 0.16666666666666666 
0.00981771873658897 167.31652303059894 0.13541666666666666 
0.0127280676586032 133.2794102783203 0.125 
0.027053810479328054 91.26920808919272 0.14583333333333334 
0.010274314497467128 153.36952319335938 0.15625 
0.0101801057585925 183.70946419270834 0.125 
0.01982182654297353 94.99170458984375 0.15625 
0.009336313421592123 190.63655965169272 0.13541666666666666 
0.011353221143543726 125.99245479329426 0.15625 
0.012208249717708692 121.74879565429688 0.13541666666666666 
0.010383240813776862 170.85438069661458 0.125 
0.01063157117575034 143.31151106770832 0.14583333333333334 
0.009100235108848657 218.7083340657552 0.125 
0.011983609635587773 143.27364335123696 0.125 
0.012748348774001012 106.61071838378906 0.15625 
0.012733678458616119 113.32142565917968 0.13541666666666666 
0.017244627225637466 107.20492590332032 0.14583333333333334 
0.011728513967990885 122.9879834391276 0.13541666666666666 
0.009462615316327675 189.84618131510416 0.13541666666666666 
0.009750934967514117 204.39895914713543 0.125 
0.011108485449716436 131.2767918701172 0.14583333333333334 
0.010927905630037205 137.42014587402343 0.13541666666666666 
0.010356642850305868 151.67111588541667 0.14583333333333334 
0.010258301876600824 179.69212760416667 0.125 
0.012124613628923907 118.15923913574218 0.14583333333333334 
0.018001931124687155 98.52558060709636 0.14583333333333334 
0.012681707490444167 135.16367077636718 0.125 
0.017643934261795162 95.27407491048177 0.16666666666666666 
0.015497456630393841 108.55447302246094 0.13541666666666666 
0.011397533731028425 124.31189294433594 0.14583333333333334 
0.011489433261677642 155.39283565266928 0.125 
0.012139216444339612 113.1142059326172 0.15625 
0.016285458309337492 107.21471435546874 0.13541666666666666 
0.01810843835359813 97.45910974121092 0.15625 
0.012713764071013786 109.8958467203776 0.14583333333333334 
0.01128483029866217 129.45966414388022 0.14583333333333334 
0.011621354512259345 163.57498116048177 0.11458333333333333 
0.011060678195621823 174.48660823567707 0.11458333333333333 
0.008244437015052886 229.80088570149738 0.16666666666666666 
0.010859058561563488 140.1541846516927 0.14583333333333334 
0.010487532028853884 185.49529109700524 0.11458333333333333 
0.009721073895856722 170.57050459798177 0.14583333333333334 
0.00928972652064265 182.01204671223957 0.14583333333333334 
0.008987389357354481 194.59875679524737 0.15625 
0.010091407544609158 155.85040303548178 0.15625 
0.01112240679734944 128.9735948079427 0.15625 
0.010466612300571066 143.9735944417318 0.15625 
0.008178687447965148 258.7703373616536 0.125 
0.010925244261231273 161.39971260579426 0.125 
0.008168160335958 237.9219754231771 0.15625 
0.008265966031517838 269.9439561360677 0.11458333333333333 
0.007696559519231325 262.94532185872396 0.13541666666666666 
0.007876085028495641 279.2208440755208 0.11458333333333333 
0.009595074305102223 185.1890763753255 0.13541666666666666 
0.010252308120127757 165.62744234212238 0.13541666666666666 
0.009434885795112698 180.36165694173178 0.17708333333333334 
0.008868662776496259 200.73894478352864 0.15625 
0.010014034392759188 161.75885664876301 0.17708333333333334 
0.010310720014866447 149.0472404378255 0.17708333333333334 
0.009551669754531224 175.3237792561849 0.16666666666666666 
0.012175734699036923 153.5796162923177 0.11458333333333333 
0.008218817001044746 229.92460432942707 0.14583333333333334 
0.008766789749562746 211.48902473958333 0.13541666666666666 
0.00967214040007815 205.51538057454428 0.125 
0.01020218614127858 155.76121748860677 0.14583333333333334 
0.008677142683565611 216.45917439778646 0.13541666666666666 
0.012023793198153386 118.36165706380208 0.14583333333333334 
0.011564349604811505 149.0514921468099 0.125 
0.00954991360157729 211.3109727376302 0.11458333333333333 
0.010145470258142789 188.68321748860677 0.125 
0.00872726296481117 246.90752327473956 0.11458333333333333 
0.007895777733918283 253.2131741536458 0.15625 
0.009700259971559039 180.3001630452474 0.13541666666666666 
0.010087079375326621 198.71764229329426 0.11458333333333333 
0.011845176203813385 118.6153732503255 0.15625 
0.009176647777523845 225.7756075032552 0.11458333333333333 
0.008183546350821856 238.8593107503255 0.13541666666666666 
0.008730926877703517 237.78078377278644 0.125 
0.012439959289874881 138.76641365559894 0.125 
0.010703435360774389 165.85347127278646 0.125 
0.009305839581653468 190.79877510579425 0.13541666666666666 
0.008661587295081465 220.01865877278644 0.16666666666666666 
0.006691964596923443 364.4452178141276 0.14583333333333334 
0.007405875928401947 323.3962508138021 0.13541666666666666 
0.007864119734033944 332.6449746907552 0.11458333333333333 
0.00723815534010157 351.94746215820317 0.125 
0.00815280183612928 245.98478983561196 0.15625 
0.00854988187443838 226.463680867513 0.14583333333333334 
0.0075242979289554075 314.0086256103516 0.15625 
0.006976649823769927 389.2678513997396 0.11458333333333333 
0.007831539779171353 310.39905623372397 0.125 
0.007443174608793106 322.08283654785157 0.14583333333333334 
0.009292978074219093 210.8379264729818 0.13541666666666666 
0.007595486899003386 378.0252313639323 0.11458333333333333 
