0.011286080021619785 229.8636221516927 0.14583333333333334 
0.01820477534365283 132.6309834391276 0.15625 
0.02272097824400663 112.99350203450521 0.14583333333333334 
0.019065165812432765 132.40582796223958 0.13541666666666666 
0.021489308462407423 123.47862524414063 0.13541666666666666 
0.024431501776814482 114.18739469401041 0.13541666666666666 
0.022356005658373264 154.44080419921875 0.125 
0.022419636010374878 144.90454272460937 0.125 
0.023573137283861643 135.13454736328126 0.125 
0.01980155688107011 125.9249070638021 0.14583333333333334 
0.011551383748888968 238.02008447265627 0.125 
0.011275157010253514 271.87677587890624 0.11458333333333333 
0.012770828512128438 182.48872688802084 0.125 
0.017121746217846883 128.8180144042969 0.16666666666666666 
0.02133554036637767 123.57815405273436 0.16666666666666666 
0.018956040230914954 187.34894555664061 0.11458333333333333 
0.026316968062069273 181.07609444173175 0.11458333333333333 
0.02452334549812973 135.10253198242188 0.125 
0.030197967969294665 174.3169841308594 0.11458333333333333 
0.027308043949719512 134.90142504882812 0.125 
0.030687642940547356 158.74703979492188 0.11458333333333333 
0.03800785716354852 132.04490380859374 0.125 
0.040909325193926704 158.49589819335938 0.11458333333333333 
0.01808110379076004 159.9560625 0.125 
0.010918538628876224 181.99018774414066 0.15625 
0.010707795088704682 199.5756417643229 0.15625 
0.010506724451050158 239.90753515625 0.15625 
0.010687707416977749 231.82648722330728 0.13541666666666666 
0.011364302344977841 255.470888671875 0.125 
0.012998476530130962 144.46133463541668 0.16666666666666666 
0.01242111493733152 160.29266060384114 0.16666666666666666 
0.012624289691016085 163.9026486816406 0.15625 
0.011524766556438042 172.63300048828125 0.13541666666666666 
0.011700244929458944 196.17166674804687 0.125 
0.011589390572831027 225.06048307291664 0.11458333333333333 
0.015334582491185533 133.3886922607422 0.16666666666666666 
0.012886744639094916 148.710755859375 0.14583333333333334 
0.012952739276647574 149.1228615722656 0.13541666666666666 
0.013502671462442727 216.97332303873702 0.11458333333333333 
0.014443897769808787 136.80909020996094 0.13541666666666666 
0.01403493401735649 146.74274247233072 0.13541666666666666 
0.013458251802977186 160.3928525390625 0.125 
0.014393743348285557 198.16950944010415 0.11458333333333333 
0.016960026081617906 134.17396598307292 0.13541666666666666 
0.018173303688704977 187.8334190673828 0.11458333333333333 
0.027859833867516372 179.1096766764323 0.11458333333333333 
