0.011168936468180287 164.16458703613282 0.125 
0.009739933963086445 175.5516730957031 0.13541666666666666 
0.021392050355315224 112.57452693684897 0.14583333333333334 
0.00815703987463936 247.18436718750002 0.13541666666666666 
0.010358526594605285 176.8345184326172 0.125 
0.008252608966793858 267.4353493652344 0.125 
0.007520229599084706 289.99392244466145 0.14583333333333334 
0.007905369673129164 261.546599609375 0.13541666666666666 
0.009362206330593682 189.1242762451172 0.13541666666666666 
0.007927205221649254 254.8266298828125 0.13541666666666666 
0.00895275242074952 207.33461263020834 0.13541666666666666 
0.009850685767695311 195.1385155029297 0.125 
0.00908995866104587 200.41302571614585 0.13541666666666666 
0.008574506254013636 224.62543766276042 0.13541666666666666 
0.010634523714896298 170.2167762451172 0.125 
0.00878256670614706 215.07481184895835 0.13541666666666666 
0.007192035878445957 343.966034749349 0.125 
0.010204337519690406 183.7932303466797 0.125 
0.010352413745090359 156.69676794433593 0.14583333333333334 
0.00781957319360599 266.4881348470052 0.13541666666666666 
0.019019730759501443 121.85953133138021 0.14583333333333334 
0.007489570561792698 315.84977742513024 0.125 
0.010240534072801486 157.0166962890625 0.13541666666666666 
0.010705151626165966 146.100734375 0.17708333333333334 
0.01428171846950054 129.4044659016927 0.13541666666666666 
0.007680960326638069 304.55636336263024 0.125 
0.009762227076455948 175.09521618652343 0.13541666666666666 
0.007829005391266202 266.1438644205729 0.13541666666666666 
0.010524442297872146 150.17347692871095 0.13541666666666666 
0.008652096897568568 217.00547786458333 0.13541666666666666 
0.0077704485656283784 269.5807736816406 0.13541666666666666 
0.007193002001192425 334.64067342122394 0.13541666666666666 
0.0074138181856237325 295.8867588704427 0.13541666666666666 
0.019848146025463954 113.28141072591146 0.14583333333333334 
0.01006385770766437 163.20412597656252 0.13541666666666666 
0.008311746106889093 236.9711145019531 0.13541666666666666 
0.009539605984952302 181.55865466308595 0.13541666666666666 
0.010511856684371842 150.5697077636719 0.14583333333333334 
0.01212880470709504 131.98504907226564 0.15625 
0.008505909545775497 227.60798828125002 0.13541666666666666 
0.007614415705408897 280.39337011718754 0.13541666666666666 
0.007478541327621789 293.6521250813802 0.13541666666666666 
0.012174781539645043 138.72523901367185 0.13541666666666666 
0.011527033234998593 140.67848583984374 0.13541666666666666 
0.0072853779887817795 310.67130859375004 0.13541666666666666 
0.007700831597860902 273.4968044433594 0.13541666666666666 
0.01076260941950977 144.90468261718752 0.13541666666666666 
0.00807183474716172 253.59962158203123 0.13541666666666666 
0.007324575627591465 330.9306221516927 0.125 
0.018251631602212753 122.89041662597654 0.14583333333333334 
0.008590465207841257 223.95397241210938 0.13541666666666666 
0.019502120489045996 114.3963877766927 0.16666666666666666 
0.019301267782971275 118.53439021809896 0.14583333333333334 
0.007919055010344834 290.3068576660156 0.125 
0.019703080654978736 113.77241414388021 0.15625 
0.0075291842300854615 288.4900541992188 0.13541666666666666 
0.008524269522186368 225.88034000651044 0.13541666666666666 
0.020120228771492853 112.8546385904948 0.14583333333333334 
0.007597081555124373 281.3171376953125 0.13541666666666666 
0.019604605410993084 113.15240486653647 0.16666666666666666 
0.011528029698725805 135.5329940185547 0.14583333333333334 
0.008471247768566007 225.459420694987 0.14583333333333334 
0.008333782820940012 230.889010945638 0.15625 
0.0075578538843840345 278.6102218017578 0.14583333333333334 
0.007361016248222441 293.50886364746094 0.14583333333333334 
0.008631765839397915 220.2386540934245 0.14583333333333334 
0.009107684581816206 195.58625410970052 0.15625 
0.013020621934458609 125.11325292968749 0.14583333333333334 
0.009862446505930277 168.31668912760415 0.14583333333333334 
0.008691902723610407 211.89872334798176 0.15625 
0.00813649890510738 239.75812259928387 0.15625 
0.008940027233421795 212.96804691569008 0.13541666666666666 
0.009360941056251518 183.8855742594401 0.14583333333333334 
0.00970432581007482 173.22471732584634 0.14583333333333334 
0.007788861551698304 267.3984958089193 0.15625 
0.009506115817069996 180.16442582194009 0.14583333333333334 
0.01088844996362554 139.96451188151042 0.14583333333333334 
0.008993283313676718 198.64494209798175 0.15625 
0.01011746557617189 161.9223348795573 0.14583333333333334 
0.013775165033876912 118.04636706542969 0.15625 
0.010653814085926848 149.14426293945314 0.14583333333333334 
0.008385491789873693 230.33944868977864 0.15625 
0.010750540102835748 148.22942740885418 0.14583333333333334 
0.010222786036279038 158.55467557779946 0.14583333333333334 
0.008151971460744737 249.9221572672526 0.13541666666666666 
0.009801740371748798 168.59944791666663 0.14583333333333334 
0.007251242405142635 301.87167834472655 0.14583333333333334 
0.010361719204541292 155.63494140625 0.14583333333333334 
0.008871531257688992 203.96974833170572 0.14583333333333334 
0.010425775060057634 151.97954032389322 0.15625 
0.008568869920577846 220.39885917154947 0.15625 
0.00905906579582393 196.350326944987 0.14583333333333334 
0.007919470721647144 250.5121502685547 0.15625 
0.012742087166573846 118.62025231933595 0.15625 
0.009417788437843315 182.82709281412758 0.14583333333333334 
0.009170612987443797 191.02671927897137 0.14583333333333334 
0.01233529259234296 125.89744921875 0.14583333333333334 
0.009545596558615557 176.87513541666667 0.14583333333333334 
0.008275863481923934 235.50127412923177 0.15625 
0.009230569790840158 188.4401133219401 0.14583333333333334 
0.008109224870368841 243.85117240397136 0.14583333333333334 
0.008811779858991507 207.5408127034505 0.15625 
0.009614911641120922 174.9304883219401 0.14583333333333334 
0.007813235581364483 262.37967907714847 0.15625 
0.008470528536081306 221.9573063557943 0.15625 
0.00999398755043744 162.56500944010415 0.14583333333333334 
0.012264958955463022 126.7307695719401 0.15625 
0.008161992819070821 239.12971146647135 0.15625 
0.008427983868658544 228.22079300944011 0.15625 
0.0080348910166286 244.44293900553384 0.16666666666666666 
0.008010240976154806 279.98821309407555 0.125 
0.011137670954372719 132.78103385416665 0.15625 
0.00886564163452388 204.32927616373695 0.15625 
0.0082002496884428 238.795442179362 0.15625 
0.008285165957774959 231.21695951334635 0.16666666666666666 
0.008609741357728847 216.73653975423179 0.15625 
0.007650587661504743 270.60149190266924 0.14583333333333334 
0.012689808906760067 125.40329382324218 0.14583333333333334 
0.008795958019420512 209.30098612467447 0.14583333333333334 
0.00897993951253594 199.10359159342448 0.14583333333333334 
0.008298860165640718 233.35264335123696 0.14583333333333334 
0.009784410314723853 169.84727640787762 0.14583333333333334 
0.011104319116637125 138.6358512369792 0.15625 
0.012871345418632035 185.61297867838545 0.11458333333333333 
0.013579996547814461 173.53762345377606 0.11458333333333333 
0.020644106684919405 111.99883902994793 0.19791666666666666 
0.010507787512805306 203.4554042154948 0.11458333333333333 
0.021032927333936108 104.05807242838542 0.19791666666666666 
0.009031703348424285 275.408496866862 0.11458333333333333 
0.01951568885938824 113.79927978515624 0.16666666666666666 
0.011229290136750787 192.14472111002604 0.11458333333333333 
0.021235909634590183 103.94853727213543 0.19791666666666666 
0.0100495206596516 216.73088810221353 0.11458333333333333 
0.009415111031994227 183.66147965494793 0.17708333333333334 
0.022093505953397576 108.61208610026043 0.1875 
0.01011591527102887 192.15325333658853 0.125 
0.00965199746982753 236.93311478678385 0.11458333333333333 
0.009251030112948264 249.18114127604164 0.11458333333333333 
0.008234522275175904 245.9236766764323 0.13541666666666666 
0.00834066827982292 231.14804927571618 0.13541666666666666 
0.013108422841098163 145.2013907063802 0.125 
0.011785182317063216 162.73220760091147 0.125 
0.012527082231458268 135.51786543782552 0.13541666666666666 
0.00831443812220916 248.54802278645832 0.125 
0.012727731332596382 131.6250350341797 0.13541666666666666 
0.012819332893040034 130.01927364095053 0.13541666666666666 
0.009027882345974441 221.97867757161458 0.125 
0.008511479290422053 242.60687923177085 0.125 
0.008372135436054324 230.43269071451823 0.13541666666666666 
0.008627654408276075 231.65388728841145 0.125 
0.012352491516139355 150.50148848470053 0.125 
0.008811015871107589 224.97595467122395 0.125 
0.009680929077859972 201.3738406575521 0.125 
0.009579282245874414 207.54632002766928 0.125 
0.012090780093487364 153.24465352376302 0.125 
0.010049976881947377 193.70409895833333 0.125 
0.008444767796244465 230.1998779703776 0.14583333333333334 
0.009211416557490814 208.39817000325522 0.125 
0.012208547027077538 151.38964314778647 0.125 
0.012205718839406977 136.94908369954427 0.13541666666666666 
0.012546015221294029 146.02300850423177 0.125 
0.008561402556657787 235.62392016601564 0.125 
