0.010307793445643042 160.75893408203126 0.13541666666666666 
0.017034285191237904 97.673771484375 0.13541666666666666 
0.017147003419246513 94.64293701171876 0.17708333333333334 
0.008815445806887003 209.90919274902345 0.15625 
0.009701354581233123 168.97827099609376 0.14583333333333334 
0.016346755668207973 114.51677294921875 0.125 
0.01992057123666628 104.20298193359376 0.125 
0.019464753931906078 89.72397705078126 0.14583333333333334 
0.013313406298398962 113.79505712890624 0.14583333333333334 
0.011919998791158199 122.94397412109376 0.14583333333333334 
0.010966760795414438 132.30170166015625 0.14583333333333334 
0.016874734521921765 99.15252294921875 0.14583333333333334 
0.00867236559586226 216.73291979980468 0.16666666666666666 
0.010588303045690067 141.2143544921875 0.15625 
0.01662622221058233 95.46140771484374 0.1875 
0.015071926299929626 142.97134765625 0.11458333333333333 
0.007950625390257681 251.769932413737 0.13541666666666666 
0.010750825782105317 136.61781884765625 0.1875 
0.010038389490511269 155.520046875 0.15625 
0.010315777579113847 148.49472314453124 0.14583333333333334 
0.008042484798695888 280.2337882080078 0.125 
0.013022907519783824 125.825595703125 0.13541666666666666 
0.016721497103270148 132.626890625 0.11458333333333333 
0.012513935726996498 114.42832812500001 0.15625 
0.013255136489238572 106.500654296875 0.17708333333333334 
0.01462258386039735 123.2293271484375 0.125 
0.019147285745382332 89.44281689453125 0.16666666666666666 
0.010850284787263728 133.3351015625 0.16666666666666666 
0.01517975346704942 103.58883056640624 0.16666666666666666 
0.011141881831273442 126.00161865234374 0.15625 
0.019476188857480866 86.42479052734375 0.13541666666666666 
0.011102043367233113 126.32947900390626 0.17708333333333334 
0.01934980560463293 120.755607421875 0.11458333333333333 
0.012260005312919596 115.91582421874999 0.16666666666666666 
0.014710374783244 112.55316210937501 0.13541666666666666 
0.01605200119978189 101.13864225260417 0.13541666666666666 
0.013165636835396288 113.89571301269531 0.13541666666666666 
0.015380305522143848 110.63247770182292 0.13541666666666666 
0.013674068131264316 135.2900817871094 0.125 
0.00983543770923839 162.83863627115886 0.15625 
0.01357661751424893 113.14348160807292 0.14583333333333334 
0.009874515238031737 202.9182341308594 0.11458333333333333 
0.00866613717341423 256.37418196614584 0.11458333333333333 
0.011508015615507947 125.87328763834635 0.17708333333333334 
0.010701218698319056 140.79745365397133 0.13541666666666666 
0.00898330765649303 237.1493849690755 0.11458333333333333 
0.011455037563260648 133.17600443522136 0.13541666666666666 
0.011768693957980712 162.74202604166666 0.11458333333333333 
0.010488659827526652 143.94463444010415 0.14583333333333334 
0.009777674423720673 175.78989001464845 0.125 
0.009418554935321207 217.39289322916665 0.11458333333333333 
0.01019988263124226 167.89601098632812 0.125 
0.009530739873051634 173.75018119303388 0.13541666666666666 
0.010599971408095217 155.9808212890625 0.125 
0.009886627107843767 162.1177333170573 0.13541666666666666 
0.012371975807115448 136.80463220214844 0.125 
0.012400111563917227 114.2177736002604 0.16666666666666666 
0.010992009452398883 149.5236015625 0.125 
0.011815412542879579 126.13567907714844 0.13541666666666666 
0.01378591628294811 153.21015950520834 0.11458333333333333 
0.00882694617718086 199.03251212565104 0.13541666666666666 
0.009365412416275592 183.14361503092448 0.13541666666666666 
0.010122087244927885 153.02430314127605 0.16666666666666666 
0.011583975340589876 142.9144893798828 0.125 
0.010256863201227054 151.79676298014323 0.15625 
0.00999182994982226 157.38537662760416 0.14583333333333334 
0.01335393171822653 113.64660660807291 0.15625 
0.009352737943470465 191.19053861490886 0.125 
0.01098740843188389 165.81125793457034 0.11458333333333333 
0.010882119851052764 134.55796256510416 0.15625 
0.008900804751660687 207.49603263346356 0.125 
0.011583329708870499 125.93600773111979 0.14583333333333334 
0.01028239717811345 187.67815030924478 0.11458333333333333 
0.010760076078459638 178.56193615722657 0.11458333333333333 
0.013169385960664606 155.29874686686196 0.11458333333333333 
0.010406328293904666 144.0826827799479 0.16666666666666666 
0.009149470413610352 189.534758585612 0.14583333333333334 
0.009708917794134464 166.8825568033854 0.14583333333333334 
0.010362094086077078 151.52971415201824 0.13541666666666666 
0.008455322209503511 217.72774438476563 0.13541666666666666 
0.007760913333758714 309.41720084635415 0.15625 
0.01306756649091469 120.91786686197918 0.14583333333333334 
0.00877379160180315 240.08734334309895 0.125 
0.008477042512800544 304.83197017415364 0.11458333333333333 
0.008410447202321135 272.4089818522135 0.125 
0.01088181650042162 139.04194588216146 0.15625 
0.008138099275346844 358.41839628092447 0.11458333333333333 
0.007615408240243797 333.3729698893229 0.13541666666666666 
0.008595442668642853 252.9258097330729 0.125 
0.009120898521210999 197.73109554036455 0.15625 
0.008241458497639749 249.37411376953122 0.16666666666666666 
0.009355116711422808 184.62966341145832 0.16666666666666666 
