26.86800892857143 7.0 
24.375035218253966 9.0 
23.18116865079365 11.0 
21.158695436507937 24.0 
20.848500992063492 30.0 
21.089768849206347 27.0 
23.883472222222224 10.0 
21.021195932539683 28.0 
21.518620535714284 22.0 
20.76099206349206 34.0 
22.924377976190478 12.0 
21.861294146825397 19.0 
22.067841765873016 16.0 
28.024138888888892 6.0 
28.051861111111112 5.0 
24.712801587301588 8.0 
22.196817460317458 15.0 
22.481693452380952 14.0 
21.57629067460318 21.0 
21.881160714285713 18.0 
22.741046626984126 13.0 
21.838978174603174 20.0 
