29.200356150793652 5.0 
23.70537996031746 10.0 
23.748199404761905 9.0 
21.765153273809524 14.0 
21.058223710317456 15.0 
20.66274503968254 17.0 
19.98401587301587 21.0 
21.0347123015873 16.0 
20.375647817460315 19.0 
25.582632936507938 8.0 
27.221046626984126 6.0 
26.57985615079365 7.0 
22.781558531746033 12.0 
21.806331349206353 13.0 
22.978637896825397 11.0 
20.45119097222222 18.0 
20.057205357142855 20.0 
19.272027777777776 26.0 
19.178519345238094 27.0 
19.78123859126984 22.0 
19.558463293650796 23.0 
18.6784935515873 34.0 
19.055637400793653 31.0 
18.795894345238093 32.0 
