30.902399801587297 5.0 
27.35990128968254 6.0 
20.531932539682536 18.0 
20.755522817460317 17.0 
19.54509275793651 22.0 
19.39559920634921 25.0 
20.187060515873014 19.0 
20.032022817460316 20.0 
26.542560019841268 7.0 
25.302934027777777 8.0 
24.738928075396824 9.0 
18.94015376984127 35.0 
19.341103174603177 28.0 
19.04648759920635 32.0 
23.474987103174605 11.0 
22.204544642857144 13.0 
22.892982142857143 12.0 
21.23837053571429 15.0 
19.349466765873014 27.0 
21.033120535714286 16.0 
21.467546130952382 14.0 
19.209918154761905 29.0 
19.1901001984127 31.0 
24.10530257936508 10.0 
19.768505952380952 21.0 
