21.189961805555555 36.0 
21.552812003968253 24.0 
21.453482142857144 25.0 
21.38387896825397 26.0 
21.292271825396824 30.0 
21.35530257936508 29.0 
21.60233134920635 20.0 
23.390023809523807 14.0 
26.542515873015873 8.0 
23.792525793650793 12.0 
24.539623015873016 10.0 
24.76533134920635 9.0 
28.97497420634921 6.0 
27.438551587301582 7.0 
24.04688591269841 11.0 
23.603280753968257 13.0 
22.967394841269844 15.0 
22.416925595238094 17.0 
21.93557638888889 19.0 
22.195296626984128 18.0 
22.493353174603175 16.0 
