23.995784722222222 10.0 
21.576049603174603 15.0 
22.628308531746033 12.0 
21.765006944444444 14.0 
20.103292658730158 19.0 
22.857902777777777 11.0 
19.388046626984128 21.0 
18.826643849206352 32.0 
19.726871031746033 20.0 
22.390852182539682 13.0 
19.141485119047623 26.0 
18.973869047619047 29.0 
19.239232142857144 24.0 
18.878794146825395 31.0 
19.188454365079366 25.0 
18.726176091269842 33.0 
18.978903273809525 27.0 
18.95616865079365 30.0 
18.570262896825398 36.0 
18.63232638888889 34.0 
18.513895833333333 40.0 
29.126608134920634 6.0 
26.22475099206349 8.0 
24.845989087301586 9.0 
27.521704365079366 7.0 
20.710609623015873 17.0 
20.8010873015873 16.0 
20.69102628968254 18.0 
