27.07840724206349 6.0 
24.67821626984127 8.0 
25.965237599206354 7.0 
21.16512996031746 26.0 
22.020881448412702 16.0 
22.577345734126986 13.0 
21.41639037698413 21.0 
23.641641865079364 10.0 
21.151411210317463 28.0 
21.51576091269841 20.0 
21.82820882936508 17.0 
21.219257936507937 25.0 
21.144568948412697 29.0 
21.260086805555556 24.0 
21.76044097222222 18.0 
24.056189484126982 9.0 
23.273402281746034 11.0 
22.605072420634922 12.0 
21.526646329365082 19.0 
22.459226686507936 14.0 
21.348548115079364 23.0 
22.14586359126984 15.0 
29.962381944444445 4.0 
28.1466810515873 5.0 
