12.302238095238094 0.514451904296875 0.1336804353991151 
12.741238095238094 0.59091943359375 0.08257695915722847 
24.972238095238094 0.0660703125 0.014848134645462035 
12.444738095238094 0.5062995605468751 0.12895549335247278 
12.722238095238094 0.5159921875 0.12270733254814148 
13.348666666666665 0.4432822265625 0.07829271569633485 
12.302238095238094 0.5592797851562501 0.10373751187443733 
13.517 0.45883374023437495 0.07012125300413372 
13.98409523809524 0.34605493164062506 0.058898693678915516 
13.452666666666667 0.3950048828125 0.10533969126224518 
28.03392857142857 0.07650268554687499 0.01136961181312799 
13.821238095238096 0.35694677734374997 0.0612790036251545 
13.600999999999999 0.3854013671875 0.12026385604763035 
13.32445238095238 0.414676513671875 0.11747052624374628 
14.295999999999998 0.328120849609375 0.06638589965349437 
12.892666666666667 0.5405710449218751 0.10915815929943325 
13.439333333333334 0.43276513671875005 0.10083518809819225 
14.4285 0.3110126953125 0.072776370759964 
12.836238095238096 0.528447265625 0.11232139686584475 
14.942666666666664 0.2967451171875 0.03386961361503601 
13.751999999999999 0.42548071289062506 0.08165551615053417 
15.116833333333332 0.28960083007812504 0.038748272089064124 
15.353333333333333 0.269314208984375 0.034654594529211526 
13.220333333333333 0.52298193359375 0.0789592456390858 
15.645 0.30980981445312505 0.018722681522905828 
14.477190476190476 0.31695458984374997 0.04757135101342202 
14.192666666666664 0.33722265625 0.04557995862865448 
13.484333333333334 0.43112109375 0.09486781006431583 
12.88045238095238 0.4845231933593751 0.1149337753248811 
13.602666666666668 0.387034912109375 0.09281202990442515 
13.127238095238095 0.504300537109375 0.08965612847238782 
13.775333333333332 0.41386523437500006 0.05576820596790314 
15.173142857142858 0.26365576171875 0.037538188143014906 
13.017904761904763 0.45101123046874997 0.10988712483143807 
13.472238095238094 0.47809374999999993 0.0720531314430237 
13.680404761904763 0.4066240234375 0.08471534721946716 
13.007238095238094 0.474437255859375 0.10360750868707895 
14.050333333333333 0.39749169921875 0.0530239021399021 
13.101238095238097 0.5495146484375001 0.08862854934310913 
13.245333333333335 0.47123437500000004 0.0921553182926178 
12.793666666666665 0.5549101562500001 0.08670485264873505 
13.666999999999998 0.463810546875 0.06333371579742433 
13.208666666666668 0.5399316406250001 0.0863812426042557 
14.625238095238094 0.3796962890625001 0.03562114096069336 
13.377238095238095 0.48986132812500005 0.06555766278839112 
12.982 0.517552001953125 0.09968130915886166 
13.033904761904761 0.487743408203125 0.09660815471178294 
14.13957142857143 0.35033251953125 0.050846201383829115 
20.552214285714285 0.18328076171875 0.0044997510979175575 
25.55190476190476 0.055318359374999994 0.0234860440340042 
25.746547619047625 0.057665771484374996 0.02110419133716821 
22.733642857142858 0.13757421875 0.006461288813591003 
20.829476190476193 0.14305126953124997 0.007231350309610367 
26.833571428571428 0.056948974609374994 0.021686046125948426 
20.96888095238095 0.17203955078124997 0.004853118505716324 
22.515309523809524 0.15149755859374997 0.005306419339418411 
25.849404761904765 0.0561669921875 0.022534087162017827 
27.131380952380947 0.064629638671875 0.015327671537458898 
26.184714285714286 0.05852832031250001 0.02031492880439759 
21.375547619047616 0.157130859375 0.005472940894126892 
26.931714285714282 0.060947509765625 0.018023085794985294 
27.457904761904764 0.0612275390625 0.017913860035896293 
20.17497619047619 0.207924560546875 0.003994163647234438 
14.03461904761905 0.39227612304687504 0.05511284516102075 
14.03461904761905 0.411647216796875 0.051231106870234 
27.667071428571433 0.057438964843749996 0.02130643790841102 
14.38195238095238 0.34869482421875003 0.0381435952284336 
14.098619047619048 0.384048095703125 0.057963494568407534 
14.180285714285713 0.40070214843749996 0.04982044213676452 
14.624285714285714 0.3063916015625 0.04876401610374451 
25.826904761904757 0.06072070312500001 0.018652683001518254 
14.129619047619048 0.37952001953125 0.05840558639073372 
14.542619047619047 0.31462255859375 0.0462353182079792 
14.849619047619047 0.28116503906249996 0.04743496405220032 
14.415952380952382 0.32842236328125 0.04509981776452064 
14.542619047619047 0.31922412109375 0.043868258340120314 
15.145119047619044 0.271148681640625 0.053433373455107215 
18.60697619047619 0.21789477539062502 0.006670889129698277 
14.38195238095238 0.33159521484375004 0.04360078831219673 
15.248619047619048 0.287317138671875 0.03400781381899119 
14.655285714285714 0.33688574218750006 0.03655440508270264 
14.690952380952382 0.3104814453125 0.03991363374328614 
14.560285714285715 0.340869384765625 0.03874698262506723 
15.129285714285714 0.27827685546875 0.041184992377519616 
26.17757142857143 0.056200927734375 0.022529375424921515 
15.066380952380953 0.36072998046875 0.024698770748376845 
15.287809523809525 0.3503037109375 0.02107832308197021 
14.98138095238095 0.285759033203125 0.042590631075441844 
15.357809523809525 0.3251650390625 0.02128464968109131 
15.334714285714284 0.275258056640625 0.03677848337179422 
15.222047619047618 0.29536279296875 0.03130379055047035 
18.264380952380954 0.19856420898437502 0.0104664063077569 
17.69164285714286 0.19584277343749998 0.015948759618759155 
15.246380952380951 0.283225341796875 0.03459179158979654 
27.07892857142857 0.058615478515625 0.020144118395388134 
16.074142857142856 0.24570117187500004 0.023342615681648256 
15.919142857142859 0.23023315429687502 0.03495322364717722 
25.751738095238096 0.062741455078125 0.017415603859961035 
19.415976190476194 0.16255126953125001 0.00811519012093544 
18.52304761904762 0.17183862304687503 0.012544027705729006 
25.846071428571427 0.06359008789062501 0.016265941297113888 
19.365309523809525 0.11695556640625 0.01897604717850685 
16.006142857142855 0.267796142578125 0.019919007599413396 
15.742476190476191 0.24469116210937497 0.032959550215303904 
16.247809523809526 0.24079199218750005 0.028352788528442384 
22.154476190476192 0.09790234375 0.012024327746391296 
23.846809523809526 0.07958593750000001 0.01243004835033417 
20.237142857142857 0.11850854492187499 0.012116070244848733 
22.737809523809524 0.08568359374999998 0.013783416457176203 
22.397261904761905 0.143095703125 0.005860683937072754 
26.136642857142856 0.07957275390625 0.011272483116388319 
25.736809523809523 0.06522607421875001 0.015527263698816305 
27.128309523809527 0.08195556640624999 0.010475113540887829 
20.433023809523814 0.17627978515625 0.005191694204568863 
23.566690476190473 0.08803466796875001 0.011470721966028215 
23.316928571428573 0.11072900390625 0.007791048212289811 
21.623690476190475 0.1470732421875 0.005451145940780639 
22.969857142857144 0.13331933593749998 0.006387349556922913 
19.1415 0.20884106445312503 0.004998781075537207 
20.87647619047619 0.1794384765625 0.004564191246032715 
21.610523809523812 0.10563232421874999 0.012077700797319412 
20.446976190476192 0.127961181640625 0.009605117674410342 
21.50447619047619 0.127865234375 0.007552482937812806 
18.093333333333334 0.23325561523437505 0.007261866883337499 
22.779476190476196 0.0774912109375 0.01573752827072143 
20.44902380952381 0.15524365234374998 0.00552845372414589 
22.849642857142857 0.09466796875000001 0.01094798250198364 
22.30435714285714 0.11993017578125001 0.007832706356287002 
21.20102380952381 0.11355908203124998 0.010512963468790052 
20.328357142857147 0.13707421874999998 0.008292655858039856 
21.77885714285714 0.0904326171875 0.01509045148468018 
21.41952380952381 0.09735302734375 0.013282950513124465 
21.756690476190478 0.11268066406250002 0.009380440750122072 
20.455190476190477 0.12469238281249999 0.01078359179973602 
20.975309523809525 0.10967749023437501 0.013309728577673435 
23.040976190476194 0.08673486328125 0.01258300423169136 
22.810857142857145 0.10467236328125 0.009910442378282546 
23.260261904761904 0.12228369140624999 0.007283381929636 
23.207642857142854 0.10557568359375 0.008833213641405106 
22.59642857142857 0.131541015625 0.0068493028030395505 
20.05033333333333 0.207724853515625 0.004870458479464054 
21.81645238095238 0.11865234375 0.008590198841094972 
21.37802380952381 0.12911767578125 0.0074390500452518465 
19.113357142857144 0.17883544921875 0.00736886386990547 
22.946214285714284 0.09844580078125001 0.01003839674973488 
18.455023809523812 0.17243896484375 0.011520699187517164 
22.85397619047619 0.13302929687499998 0.006518485203742983 
20.85454761904762 0.14354833984374998 0.006429631147623062 
23.631142857142855 0.07974609375 0.012573774180412296 
19.82635714285714 0.17309765625 0.005567577076911926 
23.996928571428572 0.12260107421875002 0.006904736690759657 
22.562809523809527 0.12995410156249998 0.006885741487503053 
23.72947619047619 0.07687377929687501 0.014414339689314364 
26.51380952380952 0.07488085937500001 0.01168105525112152 
21.78669047619048 0.10058984375000002 0.012561939190864563 
20.375357142857144 0.13834228515625 0.0077586666882038125 
21.472880952380955 0.11777587890625 0.008802794195413589 
20.287309523809526 0.158323974609375 0.0063954701867699635 
21.430309523809523 0.14757177734375 0.005722038493394852 
24.874309523809522 0.10888378906249999 0.007864745145797731 
23.631142857142855 0.08455810546875 0.011650128737688066 
24.1562619047619 0.11710449218749999 0.007207288084030153 
18.39169047619048 0.192195556640625 0.009395172836840155 
21.449880952380955 0.12364062500000002 0.008013357807159425 
23.169976190476195 0.10558154296875 0.00884235669350624 
22.488404761904764 0.14051708984375 0.0061061266872882835 
19.298357142857146 0.16821655273437502 0.008319606305658821 
22.14097619047619 0.12067626953124999 0.008193615061044695 
24.429142857142857 0.073330078125 0.013019010577201845 
22.492404761904762 0.097987060546875 0.011218545688688759 
20.910690476190474 0.142091796875 0.007350336571693421 
20.869452380952378 0.15217333984375 0.0054940133354663846 
20.556214285714287 0.12070263671874999 0.010840096814393999 
21.83597619047619 0.143375 0.0061349694480896 
19.988357142857147 0.129091552734375 0.01097062523895502 
21.05702380952381 0.121826171875 0.008864363226890564 
19.30169047619048 0.139857421875 0.01238540555381775 
21.581142857142858 0.08449780273437499 0.01662760299211741 
21.576690476190475 0.13006005859375 0.006876049309015274 
19.646214285714287 0.1640927734375 0.006161709884643554 
21.386809523809525 0.09306591796875 0.015314009339571005 
18.680309523809527 0.155858154296875 0.013336737324297427 
19.056023809523815 0.156316650390625 0.00951252375370264 
18.51297619047619 0.17618408203125 0.009723423696756363 
21.05169047619048 0.129127197265625 0.008342212866842743 
24.816047619047616 0.07721728515625001 0.012199702369928362 
20.365690476190476 0.149355224609375 0.007060318537294864 
19.906880952380952 0.11590966796874999 0.015654751773118973 
25.985380952380957 0.07814208984375001 0.011781540695428848 
18.40497619047619 0.19074194335937497 0.009082536302149297 
19.10002380952381 0.177278076171875 0.008197502081930636 
19.065309523809525 0.144306396484375 0.013061509638369082 
22.981380952380952 0.11199169921875 0.008077098619699477 
20.796142857142858 0.096950439453125 0.016790475233137606 
20.461880952380955 0.113087646484375 0.014013351500093937 
22.19054761904762 0.12409863281250003 0.0072570319423675535 
18.793357142857143 0.184333251953125 0.006730733092367649 
25.284238095238095 0.10139013671875 0.008790106563806535 
18.530309523809528 0.163838134765625 0.012386757050096984 
20.961690476190476 0.139877685546875 0.007047405610620974 
22.576809523809526 0.08810693359375 0.013760571265459062 
25.788809523809523 0.0716728515625 0.012588728586196899 
19.42769047619048 0.15525854492187502 0.008415587792932989 
20.510690476190476 0.154180908203125 0.005744249700605868 
22.921380952380954 0.07719384765625 0.015243276190996169 
19.622023809523814 0.13981201171875 0.011555725427865978 
19.922880952380957 0.13068408203124998 0.012195346076250075 
22.520904761904763 0.1191416015625 0.008263571533203127 
20.30952380952381 0.127416015625 0.01015740518951416 
19.62152380952381 0.17747656250000002 0.005891968516349793 
20.270119047619048 0.141439453125 0.008225854186058043 
20.417523809523814 0.130353515625 0.009536021939277651 
21.402142857142856 0.13775732421875 0.006317499313592911 
20.07152380952381 0.16196972656250003 0.0054131948909759515 
20.42138095238095 0.1974013671875 0.004255864614486694 
20.53404761904762 0.112872314453125 0.013344383157789705 
25.50292857142857 0.10916406250000002 0.007564374984741211 
20.719452380952383 0.13039208984375 0.007944755368471145 
21.981309523809525 0.09476489257812501 0.0130287600184083 
23.150547619047618 0.1163720703125 0.0074046975135803215 
23.79288095238095 0.0675224609375 0.01611991858100891 
23.12238095238095 0.083550048828125 0.013023996401369569 
19.426023809523805 0.16831689453125004 0.006262939000368119 
23.301809523809528 0.069393798828125 0.017808692014276976 
23.84288095238095 0.074454833984375 0.014883767731249328 
18.819523809523808 0.19458300781250001 0.005274818011283875 
24.85392857142857 0.0920283203125 0.010411758304595948 
18.529952380952384 0.19758789062499998 0.008887142043113706 
23.229023809523813 0.1045986328125 0.009581456779479981 
24.78480952380952 0.064277099609375 0.01632100934559106 
19.44802380952381 0.14835351562500002 0.009040777095794676 
19.98995238095238 0.18933642578125 0.00500751218533516 
20.169523809523813 0.1573857421875 0.0064303745613098155 
25.26959523809524 0.11392968750000002 0.007375574325561525 
20.52752380952381 0.11606835937500001 0.0113825378408432 
18.91147619047619 0.162146728515625 0.009658080382406712 
22.458714285714287 0.09713085937500002 0.011355234542846683 
24.418928571428573 0.09619189453124999 0.009679769346475601 
19.799857142857142 0.13133715820312503 0.012113887639105321 
22.065619047619048 0.09768554687500001 0.01277695275783539 
21.68021428571429 0.11611767578124998 0.009338706266641617 
23.47264285714286 0.09529931640625 0.01030909189724922 
22.549714285714288 0.0813037109375 0.01469842052459717 
23.835714285714285 0.07724047851562499 0.014004909241259095 
20.05671428571429 0.13597998046874998 0.009063510527849199 
19.148523809523812 0.147024169921875 0.010450051513254639 
18.734190476190477 0.168590087890625 0.009684223436415196 
23.22121428571429 0.072548583984375 0.01531807742410898 
19.471285714285717 0.15864086914062497 0.007157110438406467 
24.05392857142857 0.108837890625 0.007901598076820374 
21.16054761904762 0.10580322265625 0.01360379654049873 
25.49797619047619 0.10236083984375 0.008241643968820569 
23.781214285714288 0.07098461914062501 0.014917102191507815 
21.240857142857145 0.11278759765624999 0.010103710911035537 
21.22054761904762 0.11863208007812501 0.009104293811380861 
24.943738095238096 0.063626953125 0.016630507563590993 
20.171976190476194 0.1331455078125 0.010394450081825256 
25.819309523809522 0.07632470703125001 0.011825977149248126 
21.219714285714286 0.13532177734375 0.007362491209268572 
20.479714285714287 0.1385830078125 0.007457195877075197 
18.953357142857143 0.1435595703125 0.013775132641792295 
20.752214285714288 0.11707446289062502 0.0109246916962266 
20.570547619047623 0.12674584960937502 0.01011147805982828 
22.600428571428573 0.1262275390625 0.007023841825485229 
25.369309523809527 0.0833994140625 0.010634122690200806 
19.836857142857145 0.1438330078125 0.007368248367309571 
26.57054761904762 0.08837158203124999 0.009640230804681776 
21.81114285714286 0.101214599609375 0.011561744784414768 
24.22214285714286 0.08939257812500001 0.01078276245212555 
22.312285714285714 0.09053710937500001 0.013378473296165466 
25.143976190476188 0.0938369140625 0.009501434425354003 
20.09319047619048 0.14298291015625 0.008039838402032852 
21.103880952380955 0.11097729492187498 0.011454636418879033 
24.395357142857144 0.08401416015624999 0.01160854390835762 
23.428642857142858 0.109532470703125 0.008293486498892309 
22.872285714285717 0.088057373046875 0.012502444620192052 
20.60014285714286 0.12972412109374998 0.009204712477922438 
23.54371428571428 0.083362548828125 0.012945190508425236 
18.84752380952381 0.15411865234375 0.010828561087846755 
19.598857142857142 0.133567138671875 0.01178279001766443 
21.044523809523813 0.12417553710937501 0.010112420389711859 
22.625214285714286 0.09574609375000001 0.011096052593231202 
21.669285714285717 0.11711596679687501 0.008907408065855502 
25.025857142857145 0.10840771484375 0.00785646499848366 
27.405809523809523 0.08439794921875002 0.01024387499833107 
24.301142857142857 0.12079833984375002 0.007192373291254042 
19.655190476190477 0.15802514648437502 0.008031793904840948 
21.620809523809523 0.114515380859375 0.010086575361788272 
22.291880952380954 0.1064873046875 0.010014278069496157 
26.370809523809527 0.061095703125 0.018093122664451594 
21.562714285714286 0.09183642578125001 0.015347125236749646 
22.305309523809523 0.1689150390625 0.004996676544189452 
22.467857142857145 0.08095922851562501 0.015559670534670344 
26.50438095238095 0.069266845703125 0.012904679417669773 
26.405809523809523 0.07996875 0.011152063685417173 
22.995309523809524 0.159291015625 0.0052001814069747914 
21.791357142857144 0.10126440429687503 0.01204135182672739 
25.61892857142857 0.13163671875 0.006390862621307373 
19.392976190476194 0.135720703125 0.013270663300514221 
26.30804761904762 0.08135009765625 0.011020446425676343 
23.91554761904762 0.10424560546874999 0.009058242856264115 
19.827309523809525 0.11302978515624999 0.01657353434205055 
24.781214285714288 0.0716328125 0.01335093802547455 
20.19230952380952 0.10641796874999998 0.01790230405426025 
24.484880952380955 0.06309228515625001 0.019228364963769905 
21.40947619047619 0.09131347656250001 0.017316094727516183 
19.17388095238095 0.13443359375 0.016299773674011232 
19.29497619047619 0.13892871093749998 0.012895755582809445 
25.94754761904762 0.1017890625 0.008678509016990663 
24.513595238095235 0.12828710937499999 0.0068910255899429325 
22.767809523809525 0.073866943359375 0.017430814557611946 
25.853071428571432 0.05461694335937499 0.024197677331507204 
19.71335714285714 0.1367939453125 0.011524612747192384 
19.973642857142856 0.13993286132812502 0.008494371949732306 
19.308976190476194 0.16515795898437502 0.007654467058241368 
19.96221428571429 0.15846191406250001 0.005579586133956908 
21.063357142857143 0.12578076171875 0.008254428264856338 
22.307238095238098 0.1316884765625 0.006549620598793031 
19.793357142857143 0.15382763671875002 0.006623626796960831 
23.015023809523807 0.08764794921875001 0.012731306300401684 
22.73097619047619 0.1007236328125 0.010391840614318847 
20.69469047619048 0.10583349609375 0.01350974033856392 
23.370547619047617 0.101736328125 0.009560368119239807 
21.840690476190478 0.11001269531249999 0.00895525066947937 
24.081714285714288 0.074548828125 0.014026118637084958 
26.552238095238096 0.07306640625 0.011635341582298278 
22.157785714285716 0.08885498046875 0.0141416821205616 
20.43621428571429 0.14805908203125 0.005917792931795119 
23.444714285714284 0.074736328125 0.014811073050498965 
20.491357142857147 0.13519433593750002 0.008030371488571168 
22.485214285714285 0.1053876953125 0.009074053350448606 
20.043642857142856 0.133455322265625 0.009834730966150762 
19.335642857142858 0.153179931640625 0.008451808020174504 
23.942928571428574 0.11479833984375001 0.007569675331354141 
23.37757142857143 0.10854541015625 0.00842583412861824 
20.46335714285714 0.12733447265625 0.010116526934862136 
21.88852380952381 0.088881591796875 0.01532763863617182 
23.09640476190476 0.12017871093749999 0.007304616490364076 
25.71814285714286 0.064598876953125 0.015728666024267667 
25.552238095238096 0.0806982421875 0.011093896112442016 
24.30140476190476 0.10218994140625 0.008657199240922928 
23.49871428571429 0.09465478515625 0.010578558984041213 
21.672214285714283 0.102416259765625 0.012353284361422058 
19.73614285714286 0.13315649414062503 0.01265813421303034 
22.66185714285714 0.0809951171875 0.015013639935493473 
24.45080952380953 0.0896005859375 0.010637978309631351 
24.69307142857143 0.059791748046874996 0.021224117829859262 
25.924571428571426 0.05662670898437501 0.022072343227922918 
22.78764285714286 0.07319873046875 0.016828123218774804 
25.84497619047619 0.065431640625 0.015308369456291207 
16.92080952380952 0.194639892578125 0.02443814210087061 
17.229285714285716 0.21385546875 0.0142416312417984 
15.893857142857144 0.221993896484375 0.03953771042114497 
15.366999999999999 0.260525634765625 0.036719266605436805 
16.830809523809524 0.232506103515625 0.013777644769251345 
18.354642857142856 0.141322998046875 0.02295730111175775 
17.453285714285713 0.23591040039062502 0.009700815568506715 
16.867976190476192 0.17259252929687502 0.03635437937313318 
17.739309523809528 0.16302368164062503 0.02420998649984598 
18.73497619047619 0.13813110351562502 0.016363131672441963 
18.562142857142856 0.154559814453125 0.013836301283895971 
17.798452380952384 0.18621435546875 0.014394085183382033 
20.740809523809524 0.09034326171875 0.018454046144723884 
17.518309523809524 0.165660888671875 0.025980055713713167 
16.43747619047619 0.22687524414062504 0.019466288903295995 
15.749857142857143 0.237709716796875 0.04280583267742395 
15.740333333333334 0.25987207031250004 0.025146088413238527 
17.86047619047619 0.16567041015625 0.01770992719197273 
16.024285714285714 0.27994921875 0.01776065178012848 
18.234809523809524 0.152510009765625 0.019271504004538063 
16.67366666666667 0.25282080078125 0.012856480036020282 
15.941285714285712 0.245928955078125 0.02318573078781367 
15.818666666666667 0.25956933593750003 0.021208454755783087 
18.58197619047619 0.13226440429687497 0.029381206845343115 
15.749857142857143 0.224782958984375 0.047587861764967446 
15.866619047619045 0.29173486328125 0.01584533649468422 
18.464809523809524 0.144552978515625 0.019145173614561556 
15.369285714285713 0.305840087890625 0.02161209822946787 
17.733809523809526 0.17429052734375 0.018580189132928852 
15.348190476190476 0.252981201171875 0.04645926761204005 
15.706785714285711 0.28441259765625004 0.021093877330064775 
18.130142857142857 0.144646240234375 0.039134526699125774 
16.657976190476187 0.187965087890625 0.04081676360994578 
16.949142857142856 0.23866162109375005 0.011058594300508498 
17.35597619047619 0.174307373046875 0.02334781465536356 
18.056809523809523 0.146670654296875 0.02895071776396036 
16.097952380952382 0.230019287109375 0.0335243261962533 
19.273309523809523 0.117047607421875 0.03219013319975138 
16.37185714285714 0.200604736328125 0.038143366272509104 
18.259309523809527 0.15913427734375002 0.01784297431492805 
18.03780952380952 0.15975195312499998 0.019369555462837217 
18.611309523809524 0.13509204101562503 0.02175133801704645 
17.17797619047619 0.168664306640625 0.03468311110788584 
20.593309523809523 0.092994873046875 0.023785381999075417 
17.14397619047619 0.184483154296875 0.024660316534101966 
17.75947619047619 0.15241674804687502 0.027290560973227018 
16.935119047619047 0.20733007812500004 0.020674322642326354 
18.68097619047619 0.128981689453125 0.04255254903131724 
15.997285714285713 0.237572021484375 0.029695777689516544 
16.961642857142856 0.21404150390624999 0.01581082487130165 
16.512976190476188 0.194541259765625 0.03464751314932108 
21.75997619047619 0.081064453125 0.018710829277038578 
16.740619047619045 0.20135546875000002 0.02298944535827637 
16.807476190476187 0.19110913085937503 0.029975575654566294 
16.050357142857145 0.20781420898437503 0.04411064103132488 
16.27547619047619 0.19868627929687502 0.0520390869384408 
15.994142857142856 0.208966064453125 0.036338158084452156 
17.837285714285713 0.196006103515625 0.012486433053553101 
19.065809523809524 0.126252685546875 0.029444325149595746 
14.849285714285717 0.282354736328125 0.049622653695642956 
15.366999999999999 0.288236572265625 0.025483561234533787 
17.73914285714286 0.16918017578125003 0.01959123688912392 
26.07847619047619 0.05889111328125 0.019915993144273753 
17.33152380952381 0.24680932617187504 0.009080813358366486 
18.94347619047619 0.19811206054687502 0.005258037276327609 
17.728190476190477 0.19050488281250003 0.012773217636108397 
18.331309523809523 0.140529541015625 0.028329657087862496 
17.42247619047619 0.166398193359375 0.028507041831076153 
15.349809523809522 0.242290283203125 0.040966779335081575 
15.449190476190477 0.283611328125 0.021385996609687805 
19.460476190476193 0.11949096679687499 0.01846487987190485 
18.96464285714286 0.136774658203125 0.017063567913115023 
15.25052380952381 0.26201416015625 0.04235915086865425 
19.599476190476192 0.20525537109375 0.004952225690126419 
18.039809523809527 0.17102050781250003 0.016526521077156065 
16.511809523809525 0.23145336914062503 0.016331457469522952 
16.780142857142856 0.189782958984375 0.0338314317970872 
17.786690476190476 0.23996313476562503 0.007607415800631044 
17.988309523809527 0.16054492187500002 0.021969784341812133 
18.76847619047619 0.14843408203125003 0.012691215472459796 
16.128142857142855 0.22222827148437502 0.030931733703672894 
18.122142857142858 0.172593505859375 0.013385143852293493 
18.208976190476193 0.23009252929687501 0.005939489002764225 
15.428476190476193 0.23938354492187502 0.033644636582434176 
20.04619047619048 0.17800976562499998 0.005188168464660645 
16.62552380952381 0.200580322265625 0.030350681078493598 
18.086690476190476 0.17993090820312502 0.014168159687578674 
18.31002380952381 0.23086596679687502 0.004460054957926272 
17.083476190476194 0.1855078125 0.02448736582756042 
17.30314285714286 0.19049755859375 0.017130310346841808 
15.428476190476193 0.257758544921875 0.027099613564550883 
18.875476190476192 0.12754150390625 0.0255113377726078 
16.031333333333333 0.29234350585937496 0.015029170091688629 
17.17747619047619 0.17613403320312498 0.0238622176399827 
16.92147619047619 0.18508325195312503 0.030133435018599036 
17.00714285714286 0.23088720703124999 0.01378103076958656 
18.93930952380952 0.129719970703125 0.024510145454466347 
17.433476190476192 0.18429687500000003 0.018584141316413876 
16.970190476190474 0.25629077148437507 0.008948224675714968 
16.65752380952381 0.26640307617187503 0.011016296687185765 
16.721476190476192 0.21992065429687502 0.01932622113853693 
16.238857142857142 0.2130146484375 0.03253620448684692 
18.669309523809524 0.14058032226562503 0.019070449116289613 
18.25597619047619 0.140730712890625 0.027036359098017215 
15.527761904761906 0.32329150390625 0.01639049612259865 
17.284142857142857 0.1748974609375 0.031039779033660887 
17.087642857142857 0.195741455078125 0.019202787995398048 
17.650142857142857 0.20968505859375003 0.009205805507898328 
15.91657142857143 0.286541259765625 0.02108261149173975 
16.34847619047619 0.24206909179687502 0.017253376847803592 
15.088952380952382 0.30658398437500006 0.023199525204658504 
18.624023809523813 0.19231494140625002 0.00898618608212471 
18.460642857142858 0.1543447265625 0.01581793741130829 
17.37947619047619 0.175753173828125 0.023328468727171422 
16.046190476190475 0.271622802734375 0.01947545827871561 
17.46814285714286 0.17985693359375002 0.016354445996522905 
16.72847619047619 0.23374829101562505 0.013524006505072114 
17.010380952380956 0.2002353515625 0.024205316819190976 
19.675309523809524 0.11618212890625002 0.018244650418519973 
17.03347619047619 0.22180957031249998 0.011029204231262205 
17.393142857142855 0.205361083984375 0.0138732230334878 
16.51014285714286 0.20758935546875001 0.022824025879144668 
18.760690476190476 0.20329565429687504 0.005759451077520844 
20.587476190476195 0.09763940429687501 0.020174887462198733 
18.32997619047619 0.147137939453125 0.01788893427854776 
20.20164285714286 0.10253222656250001 0.021836688743591307 
14.906095238095238 0.32298193359375005 0.03507826166653634 
14.662523809523808 0.33504125976562504 0.04165550299459696 
15.14209523809524 0.286794189453125 0.03842208683544397 
16.34847619047619 0.232537841796875 0.019645473939478398 
15.428476190476193 0.26728979492187505 0.02422674681955576 
17.925690476190475 0.18902050781250002 0.012169122897148135 
16.472190476190477 0.19725708007812504 0.03644387098222971 
18.104642857142856 0.14693627929687497 0.02504584479862452 
16.401333333333334 0.284088623046875 0.01083527246958017 
16.092190476190474 0.251595703125 0.02282692933940888 
17.151476190476192 0.19271997070312502 0.021152228463232524 
17.39714285714286 0.21120166015625 0.013061591074228288 
15.044428571428572 0.31143286132812503 0.027436170530855654 
15.79847619047619 0.23795922851562504 0.031854047785341746 
14.91252380952381 0.3015078125 0.03017160593891144 
18.098190476190478 0.20983325195312502 0.007088486173212527 
16.112880952380955 0.30260791015625 0.01367175995087624 
17.955309523809525 0.16289868164062501 0.017405717856943607 
15.793333333333333 0.312603271484375 0.013828698356211182 
19.904642857142857 0.111214111328125 0.019315040106832986 
17.35630952380952 0.17140454101562502 0.034349530346453196 
15.36835714285714 0.26917260742187504 0.03179407532984018 
25.367738095238096 0.060210693359375 0.02060498075014352 
26.558928571428574 0.057732910156250004 0.02105856360459328 
24.139238095238092 0.061455566406249995 0.022612499553918843 
21.169904761904764 0.092449462890625 0.018008216900885103 
19.239476190476193 0.12898901367187499 0.0209500760179162 
19.280309523809525 0.12467700195312499 0.01662330609089136 
17.406190476190478 0.168410400390625 0.0517685478835702 
19.57940476190476 0.14143530273437502 0.011985686445772645 
18.635309523809525 0.205275390625 0.006914078131675719 
18.367642857142858 0.16674633789062498 0.014148938069403169 
17.045785714285717 0.20964453125000002 0.017998088759422305 
15.78088095238095 0.27763134765625 0.021902517716646194 
18.525785714285714 0.20401879882812501 0.008077260158598425 
16.202309523809525 0.22087841796875002 0.028646184184312817 
19.68214285714286 0.10275048828125 0.020989217438936232 
18.23147619047619 0.15692407226562502 0.017878431959688662 
17.045785714285717 0.19750097656249999 0.02165631060028076 
16.176119047619046 0.26009472656250004 0.02023787911987305 
16.680190476190475 0.189983642578125 0.03664737007147074 
17.17597619047619 0.16954443359375 0.03960176581406594 
20.45964285714286 0.094943359375 0.020633981362342835 
18.74869047619048 0.2011337890625 0.0067470413913726796 
16.801023809523805 0.2489833984375 0.011521626209259034 
18.50952380952381 0.17358544921875 0.009931319217920304 
17.933357142857144 0.21047900390625 0.007527283632516859 
18.26602380952381 0.18267333984374998 0.009855879455804822 
15.928999999999998 0.23600439453125 0.033389223399400716 
17.26435714285714 0.23700219726562502 0.010984095645487307 
15.92185714285714 0.27080029296874997 0.01956345373368263 
17.622285714285717 0.15525244140625 0.026448530960321424 
16.356666666666666 0.248323974609375 0.013509666632711886 
19.32264285714286 0.122600341796875 0.015748141732752324 
18.419190476190472 0.199355712890625 0.008707481649458403 
18.707809523809523 0.133323974609375 0.017430357460081577 
17.479785714285715 0.172609375 0.023269847432136538 
16.01685714285714 0.21383032226562498 0.033680579968035224 
16.424523809523812 0.20555981445312504 0.02693712997919321 
16.049833333333332 0.242359375 0.026443981131553652 
17.42514285714286 0.15868994140625 0.036126112137079246 
17.932333333333336 0.19908740234375 0.01065081272816658 
17.88269047619048 0.172925537109375 0.014974496073782448 
18.013357142857146 0.18953955078124998 0.010566163559198377 
15.934190476190475 0.218076416015625 0.03819969843918085 
16.01685714285714 0.230311767578125 0.028399544720709324 
16.451857142857143 0.21694653320312499 0.02070633703237772 
17.995309523809528 0.153037841796875 0.023524497597277157 
17.04469047619048 0.21397509765625006 0.015900603430032727 
16.55835714285714 0.20247900390625 0.03255683318161964 
16.345857142857145 0.20438696289062502 0.02975678003364802 
17.605023809523807 0.17618872070312502 0.019062021835386755 
19.621809523809524 0.10834252929687498 0.024715467401087283 
19.067976190476195 0.12364794921875 0.02165997026658058 
15.54395238095238 0.230845458984375 0.048260394415915016 
16.753357142857144 0.193589599609375 0.02476506980425119 
18.129309523809525 0.14882958984375 0.020227111387491226 
16.825499999999998 0.20664550781250002 0.02257256536960602 
18.815857142857144 0.128047119140625 0.025882880125582215 
17.234190476190477 0.19233984375 0.021139176787376406 
18.15269047619048 0.166669677734375 0.01471232119375467 
17.600190476190477 0.20938452148437497 0.011089515913069248 
16.337690476190474 0.249920166015625 0.016309063513338565 
17.505142857142857 0.16065771484375002 0.03272610883736611 
16.70752380952381 0.21321484375000002 0.020984573112487793 
16.947690476190477 0.207594482421875 0.01926591323143244 
17.781690476190477 0.162348388671875 0.018253608313143255 
16.68285714285714 0.19779003906250003 0.02821480184173584 
18.255357142857143 0.17575390625 0.011524238444328306 
17.515142857142855 0.15268603515624998 0.03129757451272011 
18.56502380952381 0.14011254882812502 0.019241817362844943 
16.438523809523808 0.21766259765625 0.025845611524820327 
17.44102380952381 0.222353271484375 0.010163104284346101 
19.84402380952381 0.11564794921875002 0.01627937790417671 
16.275190476190474 0.233925537109375 0.020498075450003143 
17.841809523809523 0.146029296875 0.03252568746948242 
16.250142857142855 0.21215283203125002 0.032705715138673784 
19.21464285714286 0.11904760742187499 0.021165540724337097 
19.641809523809524 0.11383398437499999 0.01968988016033172 
16.519309523809522 0.19193212890625003 0.037637676582574844 
18.93602380952381 0.18794921875 0.006722085242271423 
18.713357142857145 0.140806640625 0.01498182512187958 
19.25419047619048 0.12986328125 0.01907279881000518 
16.408523809523807 0.22038867187500003 0.022827599078178405 
18.985190476190475 0.167570068359375 0.009528064711153509 
16.52816666666667 0.279759521484375 0.011977868160307407 
17.580357142857142 0.24 0.007675594639778137 
17.372999999999998 0.18479931640625 0.01966510784840584 
17.43952380952381 0.170964111328125 0.02748094394499063 
16.946023809523805 0.261837646484375 0.00999984435802698 
18.334357142857147 0.169856201171875 0.013272102549612521 
16.93002380952381 0.178507568359375 0.02737380152708292 
18.373976190476192 0.15551123046874998 0.01651127303624153 
17.69680952380952 0.149714111328125 0.04466163858705759 
16.389190476190475 0.21320727539062498 0.02667995221859217 
25.76273809523809 0.08257031249999999 0.010399267140388488 
27.429071428571426 0.07775830078124998 0.010897627832651139 
26.090738095238095 0.066157470703125 0.014336991103231906 
27.742976190476192 0.0933779296875 0.0094373709192276 
26.47004761904762 0.067166259765625 0.013663981716692447 
26.753071428571428 0.08971875 0.009545927248954774 
25.357071428571423 0.08898632812500001 0.009698374854087831 
25.94340476190476 0.09597460937499999 0.008775613471031186 
24.234571428571428 0.0639697265625 0.016841082363128652 
23.12764285714286 0.09053369140625 0.010967590508699419 
27.229071428571427 0.07306640625 0.011541340641975402 
22.01407142857143 0.13241650390624998 0.006690645019769667 
26.01514285714286 0.066740478515625 0.01391058329159021 
22.241214285714285 0.09260546875 0.012106769591331484 
25.205071428571426 0.102390625 0.008101397419929506 
23.0107380952381 0.10466650390625001 0.00885286696457863 
24.45657142857143 0.068570068359375 0.01396621646648645 
23.63764285714286 0.08427783203125001 0.011669829051256181 
24.716071428571432 0.0623857421875 0.0175546766052246 
25.99807142857143 0.07709643554687501 0.011448926739752294 
23.64164285714286 0.09368847656249998 0.009924284769058227 
21.91064285714286 0.10836523437500001 0.009432184180259704 
20.44669047619048 0.14588427734375 0.006640749170541764 
22.713714285714286 0.0794921875 0.01416972640514374 
20.208809523809528 0.124852294921875 0.01037365973621607 
19.922809523809526 0.11331005859375001 0.014826780292749406 
20.53602380952381 0.13108642578125002 0.007623925176858902 
22.831738095238098 0.07307397460937501 0.019417964566290382 
19.713190476190476 0.1495341796875 0.007938468662261965 
21.494690476190478 0.1215087890625 0.007835164914131165 
21.15502380952381 0.1063642578125 0.010924215789794921 
20.617309523809528 0.111281494140625 0.011593634324610233 
20.200809523809525 0.10932324218749997 0.014303427835464478 
24.255142857142857 0.07632470703124998 0.012393379564523698 
21.277476190476193 0.089621826171875 0.018006793876230724 
20.294809523809526 0.10689404296875 0.015827960684061053 
20.46864285714286 0.10467138671875001 0.01586803875946999 
20.889976190476194 0.097453369140625 0.016552501745760444 
24.12407142857143 0.06445971679687501 0.01667013402944804 
25.103404761904763 0.060651123046875 0.01903833878999948 
19.454857142857144 0.15984423828125002 0.008207518651247022 
20.74147619047619 0.101142333984375 0.015599707336962223 
23.81007142857143 0.06573168945312499 0.01759502708441019 
19.63152380952381 0.13993896484375 0.00949360691189766 
19.08047619047619 0.14800439453125 0.011470829887628554 
22.179547619047618 0.10107763671875 0.010158111858606336 
28.40892857142857 0.069286865234375 0.012595831723749637 
25.679738095238093 0.06776806640625 0.013487347366571423 
24.983738095238095 0.11776904296874999 0.00712783809876442 
26.46857142857143 0.063167724609375 0.016407124582827084 
23.25007142857143 0.06729565429687501 0.017918671586573124 
20.830809523809528 0.098779296875 0.013935061602592478 
19.16880952380952 0.15920361328125002 0.009376294185876849 
20.637476190476193 0.10197387695312501 0.014951586057245734 
19.684142857142856 0.12421777343750003 0.013630394624710085 
25.417738095238096 0.064016357421875 0.01586163561159372 
20.020809523809525 0.11170605468749999 0.014871989236831668 
21.259809523809526 0.09161108398437501 0.015864790573656563 
21.10480952380953 0.09396728515625001 0.014766625629663471 
23.87807142857143 0.0652216796875 0.017242158456802374 
20.102809523809526 0.11092724609375 0.014265862972497944 
19.878309523809524 0.1179619140625 0.013826576486587527 
20.99864285714286 0.0966513671875 0.015608668664932254 
19.50447619047619 0.12820458984375 0.013313763923883438 
23.19407142857143 0.069419189453125 0.016653154578745367 
21.991809523809525 0.07962475585937501 0.017296929204523567 
20.53147619047619 0.102954345703125 0.016593087664186955 
19.586142857142857 0.12582177734375 0.013468607177972792 
22.880071428571434 0.07069116210937501 0.017565431006491185 
23.730404761904758 0.10899414062499999 0.007886494107246398 
24.43807142857143 0.06365771484375 0.01696219882225991 
24.18538095238095 0.073330078125 0.013219543108940126 
26.413595238095233 0.09240478515625002 0.009565692058801652 
26.460595238095237 0.06928686523437501 0.012592648606836796 
26.152238095238097 0.06292529296875 0.016510650441408165 
25.14423809523809 0.08429443359375 0.01053885668873787 
25.506571428571426 0.063727294921875 0.015856673207342617 
23.58657142857143 0.070133544921875 0.015063605077326297 
27.60288095238095 0.0771435546875 0.010987762475013735 
27.096738095238088 0.08257031249999999 0.010245164671897887 
27.230380952380948 0.07245166015625 0.011652465097665786 
26.224095238095238 0.09545263671875001 0.009075748863458633 
26.973714285714284 0.066740478515625 0.013906879206240171 
25.812642857142855 0.064444091796875 0.015375642004072673 
21.898357142857144 0.10011083984375 0.011327561192750926 
24.95990476190476 0.057392333984375 0.021663906956255443 
26.76473809523809 0.06072070312500001 0.01818924807643891 
26.209738095238095 0.059938720703125004 0.018882190459311016 
23.13852380952381 0.123533203125 0.0071612484178543104 
25.55490476190476 0.0655634765625 0.014651757455825804 
22.287357142857143 0.10964111328125 0.008766879736185078 
26.16307142857143 0.058240966796875 0.020411041063368312 
26.430214285714282 0.0614375 0.017612419477462775 
23.28447619047619 0.06603466796875 0.020438417656183254 
21.675642857142858 0.09092260742187501 0.014345828009188174 
26.253571428571426 0.05701611328124999 0.021620587379693985 
24.796738095238094 0.10338232421875 0.008025982403993607 
26.462404761904764 0.06609033203125 0.014340105057001113 
26.288238095238093 0.0620966796875 0.017051325527191165 
25.184809523809527 0.10770361328125 0.007722306127786636 
22.746309523809522 0.06881005859375 0.02116388575100899 
23.56247619047619 0.06476269531250001 0.02077983983612062 
20.64402380952381 0.12506982421875001 0.009979627719163895 
23.835904761904764 0.063037109375 0.019669516067504896 
27.774880952380947 0.08195556640624999 0.010321399885416029 
24.555309523809523 0.109587890625 0.007680875226020815 
21.04114285714286 0.11074291992187499 0.011550621612131596 
27.015595238095234 0.07006884765625 0.012231258370637899 
23.374809523809525 0.128265625 0.006945035475730896 
21.851976190476194 0.07647998046875001 0.018979981419801704 
25.461404761904763 0.05661035156250001 0.022143378995895385 
26.12240476190476 0.09773876953125 0.008693443815469742 
23.721023809523807 0.09823974609375 0.0091921122276783 
20.55914285714286 0.09896337890625001 0.01738960059666633 
22.22197619047619 0.07321875000000001 0.01936182723903657 
20.94664285714286 0.09270751953125002 0.017394555188417433 
21.419976190476195 0.08289599609375001 0.01836907522892952 
19.63247619047619 0.122784423828125 0.014366895946562291 
22.944309523809522 0.0672060546875 0.0213563278427124 
21.960309523809524 0.07441015625 0.020225512999534616 
22.532309523809523 0.069612060546875 0.02180401351743936 
20.82530952380953 0.0976611328125 0.015682652053833006 
19.441023809523813 0.14623486328125 0.009656187250375748 
23.173380952380956 0.086001953125 0.012003517855644224 
18.636309523809523 0.15701196289062502 0.011790605264246466 
20.09664285714286 0.11163574218749998 0.015538891181945796 
18.636309523809523 0.148991943359375 0.013614478319227694 
21.137642857142858 0.084889404296875 0.02016659380441903 
26.12240476190476 0.10094677734374999 0.008543619825601577 
24.11390476190476 0.06176513671874999 0.02015582512497901 
25.237904761904762 0.056120361328125 0.02273144106203317 
20.32847619047619 0.1041669921875 0.017979025097846987 
23.95657142857143 0.06524169921875 0.01644605349183082 
18.56697619047619 0.157672119140625 0.01216197380930185 
21.613309523809527 0.07988940429687501 0.02117492343908549 
19.709142857142858 0.11789160156249998 0.015297111991882323 
19.826642857142858 0.11622265625000001 0.017059616604804987 
18.67702380952381 0.18127563476562503 0.00929558114439249 
19.36114285714286 0.131053466796875 0.013659419390261173 
27.318738095238093 0.057818115234375 0.020814052431643 
18.867023809523808 0.17578173828125002 0.008416239888429643 
25.99557142857143 0.059022949218749995 0.019671765458345404 
20.404976190476194 0.1015595703125 0.019024049149513243 
21.119976190476194 0.0861572265625 0.01950080659866333 
26.107738095238098 0.1043623046875 0.007872000413894648 
18.973642857142856 0.13570532226562498 0.013373330684244632 
26.361809523809523 0.09170654296875001 0.009583933106660844 
26.684214285714283 0.068014892578125 0.013207233822882174 
22.906214285714285 0.07552246093750001 0.0155910462474823 
26.73721428571428 0.083720703125 0.010339430999755856 
26.40907142857143 0.058240966796874995 0.020416210216581816 
26.996380952380953 0.07006884765625 0.012279201986551289 
27.054071428571433 0.061753906250000004 0.01735568786048889 
27.13271428571428 0.0716728515625 0.011835126515388488 
25.405404761904762 0.055338378906250006 0.02346644058251382 
26.205571428571425 0.059529296875000005 0.01921827578639984 
25.875714285714288 0.06522607421875 0.014844189400911336 
23.257809523809524 0.09678857421875 0.01024125555062294 
24.181642857142855 0.07961279296875 0.011693390598535535 
25.414571428571428 0.06082470703125 0.018121542484521865 
26.562380952380956 0.06879687500000001 0.012816456452369692 
26.63754761904762 0.066317138671875 0.014187729810774322 
24.25014285714286 0.13180224609375 0.006515161306619645 
21.46619047619048 0.09993310546875 0.01295621612095833 
22.64447619047619 0.10857910156250002 0.009041528444290164 
25.58207142857143 0.060042724609375 0.018790325123369686 
26.31707142857143 0.05747534179687499 0.021164732492506496 
21.038976190476195 0.087980712890625 0.021579464319288737 
24.83514285714286 0.07006884765624999 0.01291783929085732 
21.925642857142858 0.073813232421875 0.022702029722273347 
24.25340476190476 0.058976318359375 0.023066403691828254 
26.904309523809523 0.0963984375 0.00876530518627167 
26.03907142857143 0.058747314453125 0.019927413638174532 
27.206380952380954 0.073330078125 0.011498877754211425 
20.331476190476188 0.103767822265625 0.02065486808305978 
20.692309523809524 0.09450537109374998 0.01977066106343269 
25.78457142857143 0.062455322265625 0.01677916516548395 
26.04321428571429 0.064444091796875 0.01535725826269389 
21.232309523809526 0.08497412109375 0.019349824729204185 
25.64957142857143 0.05492895507812501 0.023875167210638527 
23.440309523809525 0.063165283203125 0.024356506153643126 
27.891976190476193 0.08689453125 0.010185645861625672 
27.276380952380954 0.09292236328125 0.009490294929742812 
20.092809523809525 0.10717724609374998 0.018820728308916092 
23.70197619047619 0.06197387695312501 0.023278990313112737 
21.766976190476193 0.07741674804687501 0.02251867564970256 
24.943071428571432 0.05651293945312501 0.02536350692754984 
26.400976190476193 0.10880224609375 0.0075994548895359035 
23.28997619047619 0.064849853515625 0.02425055553585291 
22.963642857142855 0.066560791015625 0.024784593806326395 
25.779571428571433 0.05655957031250001 0.022138272567749036 
26.3312380952381 0.067298095703125 0.013586748018324376 
21.260309523809525 0.080677978515625 0.023686145200788968 
24.64014285714286 0.12859423828125 0.006627460376977921 
22.16864285714286 0.07784326171875 0.01757429949307442 
20.480309523809524 0.10092138671874999 0.01892845249676704 
24.14414285714286 0.13501025390625 0.006381308433771134 
22.12364285714286 0.071269287109375 0.02300639514023065 
20.881857142857143 0.12319287109375002 0.010208638498544692 
24.56740476190476 0.05817431640625 0.022350648081064232 
23.56407142857143 0.066023681640625 0.016997757172644137 
24.845404761904764 0.05690234375000001 0.023440064712524418 
22.705071428571433 0.068406005859375 0.022111696644365787 
22.516142857142857 0.0704873046875 0.022384697159767163 
25.84921428571429 0.06317211914062501 0.016239812266886238 
19.422809523809526 0.15237939453125 0.010433286214113236 
25.81707142857143 0.05414697265625 0.024701469288110744 
23.991738095238095 0.060167724609374994 0.024151062152445314 
27.11473809523809 0.07306640625 0.011578921999931335 
27.638214285714287 0.0716328125 0.011970285311698916 
24.20264285714286 0.07085083007812501 0.013752750045359136 
22.180714285714288 0.1001318359375 0.010465295567512514 
22.59321428571429 0.09387597656249999 0.011287623394966128 
26.879309523809525 0.0771435546875 0.011068324780464175 
27.28988095238095 0.07261279296875 0.011645763733148577 
27.006880952380953 0.07006884765625002 0.012231700780153277 
26.04871428571429 0.068438232421875 0.013001861567556857 
23.91364285714286 0.08755273437500001 0.010847397974967959 
25.946214285714284 0.09552099609375 0.009061783108949662 
26.64188095238095 0.07636474609375 0.011397500425577167 
24.907642857142854 0.07476074218749999 0.012097977304458616 
25.341714285714282 0.09462841796875 0.009375624015092851 
25.334309523809527 0.06928686523437501 0.01284414004856348 
25.492261904761904 0.11677880859375 0.007260382900476458 
25.360047619047617 0.06415966796875 0.015755912649393074 
24.36492857142857 0.13686962890624998 0.0062233316395282744 
27.180642857142857 0.06459887695312501 0.015304176998198037 
25.56642857142857 0.11620019531249999 0.007366890596389774 
25.769642857142856 0.06337768554687499 0.016283991908133035 
27.044738095238095 0.09132275390625 0.009494812938928607 
25.363642857142857 0.103541015625 0.007993233355522154 
26.613476190476195 0.067062255859375 0.013731587102472787 
20.499023809523813 0.11786621093749998 0.01126956018447876 
23.787642857142856 0.10891748046875001 0.007851596164941788 
22.01271428571429 0.12498486328124998 0.00741453759407997 
26.64842857142857 0.09880908203125001 0.008677654011011122 
26.805642857142857 0.08211669921875 0.01044127879738808 
26.73354761904762 0.06646484374999999 0.01408002478122711 
20.608357142857145 0.12508740234375 0.008946288950204849 
24.43964285714286 0.08113671875 0.011518059576988223 
19.78669047619048 0.125470458984375 0.012413443403303621 
21.680714285714288 0.10495703125 0.010036206592559814 
21.961880952380955 0.0871083984375 0.014159646457672115 
22.90964285714286 0.080715576171875 0.013637012298643586 
25.070714285714285 0.061270507812499986 0.018930692762374877 
24.700142857142858 0.06254248046875001 0.01803909281754494 
25.67364285714286 0.09712499999999999 0.008869057082176206 
19.465523809523813 0.133859375 0.012774051528930661 
26.844047619047622 0.065974853515625 0.014375959622919553 
24.91764285714286 0.10660205078125 0.007919998190164566 
22.610880952380953 0.07150878906250001 0.020367278203964233 
23.808809523809522 0.09689648437500001 0.009365664063453679 
21.482690476190477 0.08979345703125 0.01588260872387886 
21.02752380952381 0.106156494140625 0.012133134751379492 
23.457714285714285 0.12248193359375 0.007144690246820448 
19.945809523809526 0.110303955078125 0.016118071312010283 
24.047047619047618 0.06373388671875 0.018707401066064833 
21.095857142857145 0.11668359375000001 0.009305517848968508 
23.853714285714283 0.066740478515625 0.01618407118850946 
23.581642857142857 0.11235400390624999 0.007647432834863662 
19.859476190476194 0.1203095703125 0.01338179969406128 
19.232523809523812 0.143763671875 0.011340275992393494 
21.615309523809525 0.081684814453125 0.017463707936346537 
21.58202380952381 0.0821943359375 0.020405944500923152 
19.21319047619048 0.13800219726562502 0.013013208465635773 
21.273047619047624 0.09471679687500001 0.014427490763664244 
26.53588095238095 0.08837255859375001 0.009733921079874036 
21.890642857142858 0.1165009765625 0.008321939435958863 
20.085857142857144 0.144982421875 0.00708888887023926 
19.190857142857148 0.16478662109375003 0.008525217142343519 
21.073857142857143 0.146537109375 0.006265885781288147 
22.272642857142863 0.07730859375000002 0.0161271163930893 
25.82059523809524 0.12239355468749999 0.007058298100471495 
20.275857142857145 0.13774658203124998 0.008120487848520281 
19.716523809523814 0.123412109375 0.013848240489006038 
22.832880952380954 0.070706787109375 0.01975423327594995 
22.319309523809526 0.089514404296875 0.012924853661596772 
20.104690476190477 0.1331083984375 0.010672926441192627 
20.56652380952381 0.10586083984374998 0.014287088208436962 
27.696547619047617 0.06760546875 0.013563088518142696 
26.48347619047619 0.065431640625 0.014743231383323674 
18.90952380952381 0.17468334960937498 0.009256788334906101 
23.00704761904762 0.07502783203125 0.01586417267346383 
15.873642857142855 0.23062084960937498 0.039551387085974214 
16.81980952380952 0.179872802734375 0.0339273949008584 
16.87964285714286 0.2152529296875 0.02059871514225006 
16.836785714285714 0.2235595703125 0.01384636363983154 
17.5665 0.226611328125 0.008393273940086363 
17.855476190476192 0.157890380859375 0.026112974339067934 
18.392119047619047 0.21083813476562502 0.0066967362380623814 
19.30052380952381 0.180777587890625 0.005081435181200504 
19.852190476190476 0.17013403320312498 0.005617865593969822 
19.696809523809524 0.11688476562500001 0.017719042468070982 
20.223642857142856 0.10527880859375001 0.017278491937875746 
22.517309523809523 0.07399780273437499 0.018176269206106658 
26.40004761904762 0.06709912109375 0.01370370179390907 
15.484738095238095 0.22908544921875001 0.04897064387822151 
16.217452380952377 0.26625146484375 0.013711675443887711 
16.773642857142857 0.21174169921875002 0.021605214934587474 
16.690785714285717 0.278303466796875 0.010437992895185945 
17.307452380952384 0.23961499023437502 0.010359276354372502 
18.10830952380952 0.185406982421875 0.012601067805349827 
18.26047619047619 0.20797387695312497 0.00734544949108362 
20.66747619047619 0.09890527343750001 0.019372737297058105 
21.545476190476194 0.082579345703125 0.021035355123579506 
18.026785714285715 0.20601269531250002 0.009013046337127687 
18.524142857142856 0.136800537109375 0.032700300571024424 
18.86135714285714 0.174937255859375 0.009192696905195712 
22.359309523809525 0.07267138671875 0.02113242497181893 
23.39388095238095 0.06701513671875 0.02039842239403725 
24.628071428571428 0.06524169921874999 0.015901218553781505 
