25.38240476190476 0.10397363281250001 0.009255680188179016 
24.69307142857143 0.059791748046874996 0.021224117829859262 
27.523547619047623 0.065431640625 0.0149705576620102 
25.924571428571426 0.05662670898437501 0.022072343227922918 
28.158261904761908 0.089895751953125 0.011047413055956367 
22.78764285714286 0.07319873046875 0.016828123218774804 
25.84497619047619 0.065431640625 0.015308369456291207 
23.586738095238097 0.11446240234374998 0.008759688532114028 
21.352809523809523 0.086452880859375 0.021281414294779304 
21.943642857142855 0.13237182617187498 0.009148830350935461 
21.937976190476192 0.074879638671875 0.02273494750267267 
21.653214285714288 0.115230224609375 0.011698039169371125 
20.037309523809522 0.110305419921875 0.01991375969225169 
23.526738095238095 0.09099682617187502 0.01218960553175211 
16.92080952380952 0.194639892578125 0.02443814210087061 
23.78697619047619 0.0785048828125 0.016024262680053712 
17.229285714285716 0.21385546875 0.0142416312417984 
15.893857142857144 0.221993896484375 0.03953771042114497 
24.85514285714286 0.081110107421875 0.01354456781870127 
15.366999999999999 0.260525634765625 0.036719266605436805 
19.500166666666665 0.17578051757812502 0.008074217424452306 
16.830809523809524 0.232506103515625 0.013777644769251345 
18.354642857142856 0.141322998046875 0.02295730111175775 
14.826999999999998 0.333234619140625 0.05552121070677043 
17.453285714285713 0.23591040039062502 0.009700815568506715 
16.867976190476192 0.17259252929687502 0.03635437937313318 
17.739309523809528 0.16302368164062503 0.02420998649984598 
18.73497619047619 0.13813110351562502 0.016363131672441963 
18.562142857142856 0.154559814453125 0.013836301283895971 
17.798452380952384 0.18621435546875 0.014394085183382033 
21.598642857142856 0.166486572265625 0.006261027908861636 
20.740809523809524 0.09034326171875 0.018454046144723884 
17.518309523809524 0.165660888671875 0.025980055713713167 
16.43747619047619 0.22687524414062504 0.019466288903295995 
15.749857142857143 0.237709716796875 0.04280583267742395 
15.740333333333334 0.25987207031250004 0.025146088413238527 
17.86047619047619 0.16567041015625 0.01770992719197273 
16.024285714285714 0.27994921875 0.01776065178012848 
18.234809523809524 0.152510009765625 0.019271504004538063 
16.67366666666667 0.25282080078125 0.012856480036020282 
15.941285714285712 0.245928955078125 0.02318573078781367 
15.818666666666667 0.25956933593750003 0.021208454755783087 
18.58197619047619 0.13226440429687497 0.029381206845343115 
15.749857142857143 0.224782958984375 0.047587861764967446 
22.320904761904764 0.0884365234375 0.017029627412796018 
15.866619047619045 0.29173486328125 0.01584533649468422 
18.464809523809524 0.144552978515625 0.019145173614561556 
15.369285714285713 0.305840087890625 0.02161209822946787 
17.733809523809526 0.17429052734375 0.018580189132928852 
15.348190476190476 0.252981201171875 0.04645926761204005 
15.706785714285711 0.28441259765625004 0.021093877330064775 
21.044476190476193 0.12845996093749998 0.010929738059997564 
20.126976190476192 0.16980224609375 0.009111204382181168 
18.130142857142857 0.144646240234375 0.039134526699125774 
16.657976190476187 0.187965087890625 0.04081676360994578 
21.68097619047619 0.143827392578125 0.009434794523775578 
16.949142857142856 0.23866162109375005 0.011058594300508498 
17.35597619047619 0.174307373046875 0.02334781465536356 
20.023785714285715 0.1483623046875 0.01085490769958496 
18.056809523809523 0.146670654296875 0.02895071776396036 
16.097952380952382 0.230019287109375 0.0335243261962533 
19.273309523809523 0.117047607421875 0.03219013319975138 
16.37185714285714 0.200604736328125 0.038143366272509104 
15.235 0.27378076171875 0.0705636227324009 
18.259309523809527 0.15913427734375002 0.01784297431492805 
16.241285714285713 0.2676396484375 0.015476606536865237 
18.03780952380952 0.15975195312499998 0.019369555462837217 
18.611309523809524 0.13509204101562503 0.02175133801704645 
17.17797619047619 0.168664306640625 0.03468311110788584 
20.593309523809523 0.092994873046875 0.023785381999075417 
17.14397619047619 0.184483154296875 0.024660316534101966 
17.75947619047619 0.15241674804687502 0.027290560973227018 
16.935119047619047 0.20733007812500004 0.020674322642326354 
18.68097619047619 0.128981689453125 0.04255254903131724 
23.892309523809523 0.1106533203125 0.010594579490661624 
14.817000000000002 0.3219931640625 0.06869622599029543 
15.997285714285713 0.237572021484375 0.029695777689516544 
16.961642857142856 0.21404150390624999 0.01581082487130165 
16.512976190476188 0.194541259765625 0.03464751314932108 
21.75997619047619 0.081064453125 0.018710829277038578 
16.740619047619045 0.20135546875000002 0.02298944535827637 
16.807476190476187 0.19110913085937503 0.029975575654566294 
16.050357142857145 0.20781420898437503 0.04411064103132488 
15.243571428571425 0.2846247558593751 0.03897252757793666 
16.27547619047619 0.19868627929687502 0.0520390869384408 
15.994142857142856 0.208966064453125 0.036338158084452156 
17.837285714285713 0.196006103515625 0.012486433053553101 
19.065809523809524 0.126252685546875 0.029444325149595746 
14.849285714285717 0.282354736328125 0.049622653695642956 
15.366999999999999 0.288236572265625 0.025483561234533787 
17.73914285714286 0.16918017578125003 0.01959123688912392 
27.28847619047619 0.07006884765625002 0.012695579311609273 
23.511309523809523 0.10293945312500001 0.010746342964172362 
21.39214285714286 0.17626171875 0.005359741798400877 
24.483309523809524 0.1377109375 0.0070728998174667355 
25.91897619047619 0.083388671875 0.0118231645822525 
22.013642857142855 0.1582783203125 0.006618473645210269 
27.22157142857143 0.059022949218749995 0.019671765458345404 
23.021190476190476 0.16481201171874998 0.005685146008729934 
26.07847619047619 0.05889111328125 0.019915993144273753 
21.680476190476192 0.127195556640625 0.009728855352461336 
17.33152380952381 0.24680932617187504 0.009080813358366486 
18.94347619047619 0.19811206054687502 0.005258037276327609 
17.728190476190477 0.19050488281250003 0.012773217636108397 
25.13640476190476 0.14255419921874996 0.006866397487878799 
26.934428571428572 0.06522607421875001 0.015013529901742938 
18.331309523809523 0.140529541015625 0.028329657087862496 
19.019142857142857 0.17583374023437498 0.009449219590723517 
17.42247619047619 0.166398193359375 0.028507041831076153 
23.624904761904766 0.0667080078125 0.02331321747207642 
18.461142857142857 0.208270751953125 0.007674851651251316 
19.83814285714286 0.17033544921875 0.007402298345804215 
15.349809523809522 0.242290283203125 0.040966779335081575 
15.449190476190477 0.283611328125 0.021385996609687805 
23.15438095238095 0.07612622070312501 0.016442752552092075 
19.460476190476193 0.11949096679687499 0.01846487987190485 
14.466571428571427 0.328366943359375 0.06931804635578395 
18.96464285714286 0.136774658203125 0.017063567913115023 
15.25052380952381 0.26201416015625 0.04235915086865425 
19.599476190476192 0.20525537109375 0.004952225690126419 
14.151095238095238 0.36344873046875004 0.06807844762825967 
18.039809523809527 0.17102050781250003 0.016526521077156065 
16.511809523809525 0.23145336914062503 0.016331457469522952 
16.780142857142856 0.189782958984375 0.0338314317970872 
17.786690476190476 0.23996313476562503 0.007607415800631044 
17.988309523809527 0.16054492187500002 0.021969784341812133 
18.76847619047619 0.14843408203125003 0.012691215472459796 
16.128142857142855 0.22222827148437502 0.030931733703672894 
20.58814285714286 0.11843115234375001 0.014469649086236953 
19.53097619047619 0.13425537109375002 0.012957061349153521 
18.122142857142858 0.172593505859375 0.013385143852293493 
18.208976190476193 0.23009252929687501 0.005939489002764225 
15.428476190476193 0.23938354492187502 0.033644636582434176 
20.04619047619048 0.17800976562499998 0.005188168464660645 
16.62552380952381 0.200580322265625 0.030350681078493598 
18.086690476190476 0.17993090820312502 0.014168159687578674 
19.166690476190478 0.14822265625 0.013845767750740045 
22.170142857142856 0.10399511718750001 0.011572796844482423 
15.01709523809524 0.3012880859375 0.041838827704429635 
18.31002380952381 0.23086596679687502 0.004460054957926272 
17.083476190476194 0.1855078125 0.02448736582756042 
17.30314285714286 0.19049755859375 0.017130310346841808 
15.428476190476193 0.257758544921875 0.027099613564550883 
18.875476190476192 0.12754150390625 0.0255113377726078 
16.031333333333333 0.29234350585937496 0.015029170091688629 
21.513642857142855 0.099843017578125 0.01437946049696207 
17.17747619047619 0.17613403320312498 0.0238622176399827 
16.92147619047619 0.18508325195312503 0.030133435018599036 
17.00714285714286 0.23088720703124999 0.01378103076958656 
18.93930952380952 0.129719970703125 0.024510145454466347 
17.433476190476192 0.18429687500000003 0.018584141316413876 
16.970190476190474 0.25629077148437507 0.008948224675714968 
17.64447619047619 0.22807617187500004 0.008429687800407409 
16.65752380952381 0.26640307617187503 0.011016296687185765 
16.721476190476192 0.21992065429687502 0.01932622113853693 
16.238857142857142 0.2130146484375 0.03253620448684692 
22.23597619047619 0.077396728515625 0.021075086112082 
18.669309523809524 0.14058032226562503 0.019070449116289613 
18.25597619047619 0.140730712890625 0.027036359098017215 
15.527761904761906 0.32329150390625 0.01639049612259865 
17.284142857142857 0.1748974609375 0.031039779033660887 
17.087642857142857 0.195741455078125 0.019202787995398048 
17.650142857142857 0.20968505859375003 0.009205805507898328 
15.91657142857143 0.286541259765625 0.02108261149173975 
16.34847619047619 0.24206909179687502 0.017253376847803592 
15.088952380952382 0.30658398437500006 0.023199525204658504 
18.624023809523813 0.19231494140625002 0.00898618608212471 
18.460642857142858 0.1543447265625 0.01581793741130829 
17.37947619047619 0.175753173828125 0.023328468727171422 
16.046190476190475 0.271622802734375 0.01947545827871561 
17.46814285714286 0.17985693359375002 0.016354445996522905 
16.72847619047619 0.23374829101562505 0.013524006505072114 
21.983023809523807 0.09572387695312501 0.013621324483454225 
17.010380952380956 0.2002353515625 0.024205316819190976 
19.675309523809524 0.11618212890625002 0.018244650418519973 
14.823857142857145 0.31796044921875005 0.06998521813893319 
14.413238095238095 0.39587597656250006 0.06289388175106049 
17.03347619047619 0.22180957031249998 0.011029204231262205 
17.393142857142855 0.205361083984375 0.0138732230334878 
27.13097619047619 0.07476074218749999 0.011641482400894163 
16.51014285714286 0.20758935546875001 0.022824025879144668 
18.760690476190476 0.20329565429687504 0.005759451077520844 
21.196357142857142 0.14218847656250003 0.009534601177215574 
20.587476190476195 0.09763940429687501 0.020174887462198733 
18.32997619047619 0.147137939453125 0.01788893427854776 
20.20164285714286 0.10253222656250001 0.021836688743591307 
14.504428571428571 0.33906103515624997 0.06601616980099678 
14.906095238095238 0.32298193359375005 0.03507826166653634 
14.662523809523808 0.33504125976562504 0.04165550299459696 
15.14209523809524 0.286794189453125 0.03842208683544397 
16.34847619047619 0.232537841796875 0.019645473939478398 
15.428476190476193 0.26728979492187505 0.02422674681955576 
17.925690476190475 0.18902050781250002 0.012169122897148135 
20.442857142857143 0.16330932617187502 0.008768077026903631 
16.472190476190477 0.19725708007812504 0.03644387098222971 
18.104642857142856 0.14693627929687497 0.02504584479862452 
16.401333333333334 0.284088623046875 0.01083527246958017 
22.03197619047619 0.16684765625 0.005771574779510498 
16.092190476190474 0.251595703125 0.02282692933940888 
17.151476190476192 0.19271997070312502 0.021152228463232524 
17.39714285714286 0.21120166015625 0.013061591074228288 
15.044428571428572 0.31143286132812503 0.027436170530855654 
15.79847619047619 0.23795922851562504 0.031854047785341746 
14.91252380952381 0.3015078125 0.03017160593891144 
18.098190476190478 0.20983325195312502 0.007088486173212527 
16.112880952380955 0.30260791015625 0.01367175995087624 
17.955309523809525 0.16289868164062501 0.017405717856943607 
18.57014285714286 0.159227783203125 0.013373696560919284 
15.793333333333333 0.312603271484375 0.013828698356211182 
20.022309523809525 0.12770117187500002 0.012566977643013002 
14.457761904761906 0.38425341796875 0.053091514041185395 
19.904642857142857 0.111214111328125 0.019315040106832986 
17.35630952380952 0.17140454101562502 0.034349530346453196 
15.36835714285714 0.26917260742187504 0.03179407532984018 
25.367738095238096 0.060210693359375 0.02060498075014352 
26.558928571428574 0.057732910156250004 0.02105856360459328 
28.07623809523809 0.06476147460937501 0.016088281214296812 
24.139238095238092 0.061455566406249995 0.022612499553918843 
25.71930952380952 0.07476074218749999 0.012800411024093624 
23.258904761904763 0.101079833984375 0.0110317801643014 
21.169904761904764 0.092449462890625 0.018008216900885103 
22.075857142857142 0.13522387695312502 0.00879969119554758 
20.954380952380955 0.10750683593749999 0.014426261707305908 
19.239476190476193 0.12898901367187499 0.0209500760179162 
19.799523809523812 0.188875 0.005716423970222474 
19.280309523809525 0.12467700195312499 0.01662330609089136 
17.406190476190478 0.168410400390625 0.0517685478835702 
19.57940476190476 0.14143530273437502 0.011985686445772645 
18.635309523809525 0.205275390625 0.006914078131675719 
18.367642857142858 0.16674633789062498 0.014148938069403169 
21.131500000000003 0.12882373046875 0.010207337567567823 
22.353404761904763 0.07726806640625 0.02051899089932443 
17.045785714285717 0.20964453125000002 0.017998088759422305 
19.86811904761905 0.127931396484375 0.01408781004434824 
15.016119047619048 0.29068505859375 0.043191029362916945 
21.521714285714285 0.0908212890625 0.016238567232131955 
21.85390476190476 0.12032617187500001 0.010130398563385008 
15.78088095238095 0.27763134765625 0.021902517716646194 
18.525785714285714 0.20401879882812501 0.008077260158598425 
16.003309523809527 0.235867431640625 0.035285428960382934 
16.202309523809525 0.22087841796875002 0.028646184184312817 
15.218976190476193 0.28769873046875005 0.03841744801068306 
20.465809523809522 0.144909912109375 0.010186201360762119 
20.305142857142858 0.110070556640625 0.017102923205435275 
19.68214285714286 0.10275048828125 0.020989217438936232 
18.23147619047619 0.15692407226562502 0.017878431959688662 
17.045785714285717 0.19750097656249999 0.02165631060028076 
19.822571428571433 0.12108911132812501 0.01784154295021296 
16.176119047619046 0.26009472656250004 0.02023787911987305 
22.40790476190476 0.07986889648437501 0.017068864941656586 
28.12940476190476 0.09598779296875 0.009743429899454118 
25.70054761904762 0.07648486328125001 0.012500914041757582 
26.923214285714288 0.06760546875 0.013640904718399044 
22.388404761904763 0.0760244140625 0.021413578804969788 
21.833142857142857 0.11341821289062501 0.011518971303045748 
25.806071428571432 0.057764892578125004 0.02237355960518122 
22.379023809523808 0.13894140625 0.007282538384437559 
24.9202619047619 0.11166796875 0.008722485953330994 
24.55507142857143 0.06422705078124999 0.021099261064767828 
20.80602380952381 0.151284423828125 0.007083715220034123 
24.48154761904762 0.08241748046875 0.013598153989076614 
19.48919047619048 0.15212866210937498 0.009618536351263526 
21.060714285714287 0.09728173828125 0.015638122239351272 
21.247 0.145086181640625 0.007550696487486364 
22.847880952380955 0.10102001953124999 0.012648094842195506 
16.680190476190475 0.189983642578125 0.03664737007147074 
17.17597619047619 0.16954443359375 0.03960176581406594 
20.45964285714286 0.094943359375 0.020633981362342835 
19.386023809523813 0.191255615234375 0.006485528092443943 
18.74869047619048 0.2011337890625 0.0067470413913726796 
16.801023809523805 0.2489833984375 0.011521626209259034 
18.50952380952381 0.17358544921875 0.009931319217920304 
17.933357142857144 0.21047900390625 0.007527283632516859 
23.109023809523812 0.13952587890625004 0.0069560457918643945 
18.26602380952381 0.18267333984374998 0.009855879455804822 
15.928999999999998 0.23600439453125 0.033389223399400716 
17.26435714285714 0.23700219726562502 0.010984095645487307 
15.92185714285714 0.27080029296874997 0.01956345373368263 
17.622285714285717 0.15525244140625 0.026448530960321424 
19.965523809523813 0.14590625 0.010938860317230221 
20.227714285714292 0.11200976562500001 0.015186139288902284 
16.356666666666666 0.248323974609375 0.013509666632711886 
19.32264285714286 0.122600341796875 0.015748141732752324 
18.419190476190472 0.199355712890625 0.008707481649458403 
18.707809523809523 0.133323974609375 0.017430357460081577 
17.479785714285715 0.172609375 0.023269847432136538 
16.01685714285714 0.21383032226562498 0.033680579968035224 
16.424523809523812 0.20555981445312504 0.02693712997919321 
16.049833333333332 0.242359375 0.026443981131553652 
21.91302380952381 0.09455419921875001 0.015993949694871896 
17.42514285714286 0.15868994140625 0.036126112137079246 
17.932333333333336 0.19908740234375 0.01065081272816658 
17.88269047619048 0.172925537109375 0.014974496073782448 
18.013357142857146 0.18953955078124998 0.010566163559198377 
15.934190476190475 0.218076416015625 0.03819969843918085 
16.01685714285714 0.230311767578125 0.028399544720709324 
17.622333333333334 0.23699560546875 0.008395280881166459 
16.451857142857143 0.21694653320312499 0.02070633703237772 
17.995309523809528 0.153037841796875 0.023524497597277157 
16.299833333333332 0.273650634765625 0.014516764128267764 
17.04469047619048 0.21397509765625006 0.015900603430032727 
16.55835714285714 0.20247900390625 0.03255683318161964 
16.345857142857145 0.20438696289062502 0.02975678003364802 
19.376690476190483 0.17956225585937502 0.007537679517328736 
17.605023809523807 0.17618872070312502 0.019062021835386755 
19.621809523809524 0.10834252929687498 0.024715467401087283 
19.067976190476195 0.12364794921875 0.02165997026658058 
15.54395238095238 0.230845458984375 0.048260394415915016 
16.753357142857144 0.193589599609375 0.02476506980425119 
20.64652380952381 0.13688671875 0.010353121434211732 
18.129309523809525 0.14882958984375 0.020227111387491226 
17.93035714285714 0.227283203125 0.008479442225456237 
14.037095238095239 0.367043701171875 0.0917268957810998 
16.825499999999998 0.20664550781250002 0.02257256536960602 
18.815857142857144 0.128047119140625 0.025882880125582215 
17.234190476190477 0.19233984375 0.021139176787376406 
18.15269047619048 0.166669677734375 0.01471232119375467 
17.600190476190477 0.20938452148437497 0.011089515913069248 
16.337690476190474 0.249920166015625 0.016309063513338565 
17.505142857142857 0.16065771484375002 0.03272610883736611 
16.70752380952381 0.21321484375000002 0.020984573112487793 
20.82252380952381 0.116183349609375 0.01422677851444483 
21.720904761904762 0.0830849609375 0.02186445385837554 
16.947690476190477 0.207594482421875 0.01926591323143244 
17.781690476190477 0.162348388671875 0.018253608313143255 
16.68285714285714 0.19779003906250003 0.02821480184173584 
18.255357142857143 0.17575390625 0.011524238444328306 
17.515142857142855 0.15268603515624998 0.03129757451272011 
18.56502380952381 0.14011254882812502 0.019241817362844943 
19.21002380952381 0.158356689453125 0.010823938088953494 
16.438523809523808 0.21766259765625 0.025845611524820327 
17.44102380952381 0.222353271484375 0.010163104284346101 
19.408166666666666 0.1719990234375 0.009168775802612304 
19.84402380952381 0.11564794921875002 0.01627937790417671 
16.275190476190474 0.233925537109375 0.020498075450003143 
15.20209523809524 0.274771728515625 0.04884846825748683 
17.841809523809523 0.146029296875 0.03252568746948242 
16.250142857142855 0.21215283203125002 0.032705715138673784 
19.21464285714286 0.11904760742187499 0.021165540724337097 
19.641809523809524 0.11383398437499999 0.01968988016033172 
16.519309523809522 0.19193212890625003 0.037637676582574844 
18.93602380952381 0.18794921875 0.006722085242271423 
18.713357142857145 0.140806640625 0.01498182512187958 
19.25419047619048 0.12986328125 0.01907279881000518 
20.464857142857145 0.145888427734375 0.007801397448122501 
16.408523809523807 0.22038867187500003 0.022827599078178405 
20.932857142857145 0.127128662109375 0.011410173197329041 
18.985190476190475 0.167570068359375 0.009528064711153509 
14.041238095238095 0.36411254882812505 0.0682830060902238 
19.717190476190478 0.128548095703125 0.014386622517168523 
16.52816666666667 0.279759521484375 0.011977868160307407 
17.580357142857142 0.24 0.007675594639778137 
17.372999999999998 0.18479931640625 0.01966510784840584 
17.43952380952381 0.170964111328125 0.02748094394499063 
16.946023809523805 0.261837646484375 0.00999984435802698 
18.334357142857147 0.169856201171875 0.013272102549612521 
16.93002380952381 0.178507568359375 0.02737380152708292 
18.373976190476192 0.15551123046874998 0.01651127303624153 
17.69680952380952 0.149714111328125 0.04466163858705759 
16.389190476190475 0.21320727539062498 0.02667995221859217 
