28.204071428571428 0.085860107421875 0.0007468946815133094 
29.15771428571428 0.060977783203125004 0.0013092951145768166 
27.42480952380952 0.059761718750000005 0.0013326549770832062 
26.556666666666665 0.0280341796875 0.0018735984191894529 
21.858380952380955 0.13307690429687496 0.0008441097283959391 
23.24547619047619 0.13453515624999998 0.000704774245262146 
22.408571428571427 0.10788720703125002 0.001019142093896866 
20.411190476190477 0.16700976562499997 0.0004660142717361447 
22.794 0.04055932617187501 0.004635665300428868 
21.275333333333332 0.134577392578125 0.0007588711338639262 
16.707476190476193 0.24023730468750001 0.0044744799623489375 
20.861619047619048 0.07662060546875 0.007550583034515381 
19.352 0.116729736328125 0.007747620967924593 
21.589000000000006 0.0673955078125 0.004463435975074768 
17.473142857142857 0.194392333984375 0.00468781616026163 
23.498833333333334 0.10790454101562501 0.0007076872611641883 
18.01614285714286 0.20280053710937498 0.0007696980696320529 
19.928000000000004 0.094495361328125 0.011709617176115513 
18.074285714285715 0.15976489257812498 0.008893270692884921 
18.561619047619047 0.15102807617187497 0.0042495955758690826 
19.009380952380955 0.170715087890625 0.0008562732630372049 
21.72533333333333 0.05627734375000001 0.004667891803741457 
19.016333333333336 0.17964184570312497 0.0005659622550606726 
25.45357142857143 0.028928955078125002 0.0036135281515717516 
15.398428571428573 0.309798583984375 0.02260653782993554 
17.37661904761905 0.230902099609375 0.0015557940831780431 
16.61442857142857 0.22383154296875002 0.009535359869241712 
20.75847619047619 0.07942700195312499 0.012161699233114722 
17.005142857142857 0.204969482421875 0.009620192085802554 
14.948714285714285 0.36867773437499995 0.06990852488303184 
17.83214285714286 0.20904272460937498 0.0005850689154267307 
19.625333333333337 0.10606127929687499 0.007573445231974124 
18.177095238095237 0.183347900390625 0.0015107737756371502 
15.274428571428572 0.326130615234375 0.020613764558374877 
20.87590476190476 0.09324560546875 0.003781022434473037 
18.774333333333338 0.135991455078125 0.007073246534407139 
24.243952380952383 0.09497827148437499 0.0006625371890664102 
18.55314285714286 0.13536230468750002 0.01634867435956001 
16.82842857142857 0.244675537109375 0.0019605422430634496 
15.680142857142858 0.28884863281250006 0.023070831492185587 
15.564428571428573 0.30199536132812493 0.02717275170570611 
17.89409523809524 0.15635156249999999 0.016531154265642167 
15.581095238095239 0.2935908203125 0.017733006851434707 
16.82842857142857 0.24233471679687502 0.0020711258102059362 
15.874428571428572 0.279406005859375 0.0112382505441308 
16.19442857142857 0.24838598632812497 0.016208587825834748 
19.188952380952383 0.142457763671875 0.003934028024733067 
20.09095238095238 0.111637451171875 0.00444407538419962 
17.19514285714286 0.21463500976562502 0.003822600719034672 
15.111571428571429 0.34348193359375 0.04899172576165199 
18.72861904761905 0.13082177734375 0.010955569659709927 
16.10442857142857 0.291252685546875 0.0061685064368844 
19.348666666666666 0.11098950195312499 0.012424727110922334 
15.981095238095236 0.29641748046875 0.009479341317653656 
22.591380952380952 0.08456127929687499 0.003426879000723362 
16.53142857142857 0.22569189453124996 0.03327471180939674 
21.25733333333333 0.063434814453125 0.006726554072439671 
15.245095238095237 0.31759570312499996 0.031083531265020364 
18.98914285714286 0.12297192382812498 0.01622557487493753 
15.874428571428572 0.267077880859375 0.013889020548403264 
16.501809523809523 0.232356689453125 0.017937549853384485 
15.023 0.32938671875 0.057392968349218365 
17.248761904761903 0.18834741210937497 0.01375472866350412 
15.351285714285714 0.3464951171875 0.019786369790077207 
16.886714285714284 0.244808349609375 0.0019148232260346413 
16.826095238095238 0.230004150390625 0.006765799105226992 
17.78047619047619 0.16933398437499997 0.012075023104906078 
18.05142857142857 0.153228759765625 0.014595796464979646 
16.397761904761904 0.261404052734375 0.005134105649530886 
16.756142857142855 0.21785034179687499 0.01451684729725122 
18.25595238095238 0.168938720703125 0.0032166477823853483 
21.045571428571428 0.13896313476562497 0.0009620963550209998 
18.25409523809524 0.143059814453125 0.013877870020925998 
18.241047619047617 0.161336181640625 0.008566337425768376 
17.15314285714286 0.20081005859375 0.023168736937999722 
15.111571428571429 0.371061279296875 0.04088435141330957 
17.41280952380952 0.194414794921875 0.008157107651293275 
18.955095238095236 0.12457739257812502 0.015813683183729648 
16.10442857142857 0.26367333984375 0.009873743191003797 
26.351142857142854 0.0732138671875 0.0008285826375484466 
27.504571428571428 0.025252929687499998 0.002005112337112428 
23.44852380952381 0.038260009765625005 0.0040571052814126025 
24.268904761904757 0.02773974609375 0.00510836205101013 
24.067619047619047 0.08079394531250002 0.001022964291334152 
21.125333333333334 0.07160107421875 0.008350612579345702 
20.575904761904763 0.15561547851562502 0.0005535131650567053 
24.838904761904757 0.026732666015625 0.004691060373842714 
19.837380952380954 0.11687109375000002 0.004450752017736435 
20.981571428571428 0.11779907226562499 0.0011647165647149086 
18.40314285714286 0.20701025390625 0.000683496278762817 
19.00014285714286 0.11834643554687499 0.019004560830652713 
22.401857142857143 0.053162353515625 0.004938677742540838 
19.61847619047619 0.103749267578125 0.017725546350538728 
17.853095238095236 0.16501293945312498 0.02112323039537668 
17.17647619047619 0.192306884765625 0.01419961579853296 
16.22104761904762 0.24793896484375 0.021383462871074673 
16.846095238095238 0.21118261718749998 0.014456290309667585 
19.13547619047619 0.126233154296875 0.007909496055185797 
18.69214285714286 0.12640307617187502 0.014324426252901552 
18.488809523809525 0.1493388671875 0.009208701810598375 
17.717428571428574 0.16861791992187497 0.014068269215166563 
19.515476190476193 0.1280947265625 0.005032381962776183 
17.412333333333336 0.19332177734375 0.009216896087169649 
17.177809523809525 0.21920703125 0.006928473748922347 
17.41461904761905 0.18214916992187496 0.013597745258867738 
16.022761904761907 0.25182299804687497 0.031719279649317256 
14.64190476190476 0.41347900390625 0.06647679363965989 
17.468809523809526 0.180393798828125 0.02968932903295755 
21.485000000000003 0.10568286132812502 0.0031868560577034953 
17.670142857142856 0.165556396484375 0.01761976322942972 
18.808190476190475 0.17702099609374997 0.002507352019309997 
17.98842857142857 0.151916748046875 0.0149469968085885 
18.061380952380954 0.167517822265625 0.00783445469623804 
15.501928571428573 0.28949389648437496 0.03987575606828927 
16.623761904761906 0.22037036132812501 0.027698715992033475 
20.14371428571429 0.1519013671875 0.0019766256914138794 
19.499333333333333 0.167853515625 0.0009217192385196687 
16.301761904761907 0.245268310546875 0.009903442121088506 
16.4755 0.23264160156249997 0.05065597925186156 
18.89247619047619 0.14591162109374997 0.0036879933729171742 
19.86747619047619 0.10093823242187501 0.011897430031359197 
14.982690476190475 0.4133955078125 0.048067696983575825 
14.796690476190477 0.378795166015625 0.08839551749616861 
21.485190476190475 0.070473876953125 0.00517576516443491 
17.844952380952385 0.17848291015625 0.00840298499250412 
16.871309523809526 0.20782592773437497 0.03923257140547036 
19.37366666666667 0.109153076171875 0.008714521360933782 
27.355809523809523 0.0257177734375 0.0019497258508205408 
26.530571428571427 0.026141845703125 0.0018748231912255283 
25.61457142857143 0.023945556640624997 0.003981089010775086 
25.948285714285714 0.057423828124999986 0.0014922748086452484 
23.308000000000003 0.040359619140625004 0.004240352988302709 
22.02340476190476 0.109319091796875 0.0008110969858765606 
21.15795238095238 0.14253881835937499 0.0008497567515969278 
20.909142857142857 0.0855068359375 0.004430890282630921 
17.60514285714286 0.193968994140625 0.0028922092939019208 
19.254 0.13818261718749997 0.004506138975858689 
20.072000000000003 0.09071411132812499 0.008064693759977818 
20.15104761904762 0.11089965820312501 0.003736134976446629 
22.537904761904763 0.061893798828125 0.0035329336166977894 
19.372809523809526 0.112606201171875 0.011934041601717469 
17.37609523809524 0.23325805664062496 0.0020881228414177896 
18.519785714285714 0.1936767578125 0.0007169622409343715 
16.98042857142857 0.22613842773437498 0.004662759599745272 
18.54564285714286 0.13828295898437498 0.017704025220930574 
15.41261904761905 0.35899877929687496 0.019114139152109615 
15.19757142857143 0.39397680664062495 0.028861625080645076 
16.699714285714286 0.227182373046875 0.009286651464045045 
20.832476190476193 0.076554443359375 0.009024851307928562 
14.916571428571427 0.39923632812499993 0.07166049274420737 
19.70895238095238 0.161442626953125 0.0009321593838334087 
17.45504761904762 0.20841162109374997 0.004822686033487319 
15.776666666666666 0.27100561523437494 0.03085918472582101 
18.514000000000003 0.158920654296875 0.004274884601175784 
19.30914285714286 0.18968896484375 0.00028050575280189505 
17.16564285714286 0.19542480468749995 0.01423641454339027 
17.723285714285716 0.17251098632812498 0.012674697140753265 
19.689666666666668 0.10291088867187499 0.008642794115602972 
17.79490476190476 0.21266552734374997 0.0011391765329837795 
16.15738095238095 0.281815185546875 0.009492245275080203 
19.065809523809527 0.115852783203125 0.018424801144659518 
25.473833333333335 0.09509448242187499 0.0004631809020638466 
16.901428571428575 0.20108203125 0.02764505429005622 
16.97214285714286 0.21794433593749996 0.009652154130935666 
14.881571428571428 0.4599523925781249 0.04343637545973062 
21.455238095238094 0.076592041015625 0.0038111044889092443 
14.757571428571428 0.43196679687499995 0.06433017693305015 
18.20209523809524 0.14930200195312499 0.011751755965292453 
19.697809523809525 0.101553955078125 0.01948889787107706 
17.989904761904764 0.17072167968750002 0.004213971318244934 
18.561333333333334 0.141487548828125 0.007547793998777866 
20.683999999999997 0.094217529296875 0.007701260510981083 
17.47142857142857 0.17405981445312496 0.014929494898855686 
21.8875 0.077947509765625 0.003483031511366368 
17.61095238095238 0.190658935546875 0.006840560150682925 
20.262285714285717 0.12843310546874998 0.002686895792245865 
19.207 0.11053198242187498 0.013789920692980287 
19.607809523809525 0.11354565429687499 0.00799155485635996 
16.83809523809524 0.21167895507812498 0.02104077731138468 
18.19138095238095 0.158534423828125 0.01068920408731699 
19.468380952380954 0.13837988281249997 0.003525958203315735 
28.559047619047618 0.046083984375000005 0.0014854780566692352 
27.782238095238096 0.024725830078124997 0.002288395645678043 
26.088666666666665 0.0280341796875 0.0019164753589630125 
25.777476190476193 0.06739990234375001 0.0014889123690128327 
25.780333333333335 0.045967529296875004 0.0014997340345978736 
22.553666666666665 0.093046875 0.0007424014604091643 
24.079238095238093 0.07767431640625001 0.0008906609573364258 
21.576619047619047 0.10987060546875001 0.0009653132653236393 
20.802 0.08757910156250001 0.00401394778752327 
20.148333333333333 0.105481689453125 0.004578136973440647 
16.341380952380952 0.23467724609374999 0.020134252074718473 
19.533333333333335 0.118844482421875 0.0037606504464745526 
21.70657142857143 0.07644604492187501 0.004377704613268375 
17.609333333333336 0.19262817382812497 0.003270158866941928 
17.087309523809527 0.22244238281250003 0.004807767366409301 
15.355880952380952 0.30527197265624995 0.03365382350111007 
19.416476190476192 0.10692431640625 0.009296023179054261 
18.386285714285712 0.14258251953124998 0.009477584391593932 
15.736714285714285 0.28601489257812496 0.022517044801771635 
19.784666666666666 0.09986059570312499 0.014311816475927825 
23.375380952380954 0.039534179687500004 0.0036559182987213152 
17.235809523809525 0.18744799804687498 0.014137638814508916 
17.480047619047618 0.177708984375 0.008523952430725098 
17.050880952380954 0.199913330078125 0.026365338911116122 
17.887428571428572 0.16178051757812498 0.00821534160619974 
22.776809523809526 0.046471923828125 0.006018369253218173 
18.563809523809525 0.133430908203125 0.012586133732855321 
20.072 0.088899658203125 0.008131148991644379 
16.308880952380953 0.23526098632812498 0.027914703319609165 
18.062285714285714 0.192251708984375 0.0032888198948502526 
19.97566666666667 0.160404052734375 0.0012050365677475925 
16.467738095238097 0.23331396484374997 0.03853449873352049 
16.420761904761907 0.26014282226562496 0.0093639749827981 
18.27171428571429 0.15929638671874996 0.004717943117380142 
19.023809523809526 0.120812744140625 0.008567371635973455 
17.78009523809524 0.17302856445312498 0.012010958041250703 
15.175833333333333 0.323321533203125 0.044407408398687835 
16.025666666666666 0.25954882812499996 0.02532914475178718 
18.689666666666668 0.18563964843749997 0.0013870780670642848 
16.61392857142857 0.23455249023437497 0.00825220409399271 
14.866499999999998 0.335654541015625 0.07643056843334435 
15.469166666666666 0.29638720703125 0.041105009510278685 
15.679928571428572 0.27543115234374993 0.029412676276206973 
18.139428571428574 0.15039697265624996 0.014052127636909481 
23.930857142857143 0.033916015625 0.0051930348050594315 
16.166714285714285 0.247881591796875 0.031587361235678194 
18.497714285714288 0.13884301757812498 0.016604945123732083 
16.852666666666664 0.20833349609375001 0.01851093470597267 
19.409714285714287 0.161376708984375 0.0014551469355225555 
19.295380952380953 0.14921801757812497 0.0033635794401764866 
15.630880952380952 0.284895751953125 0.04052402253633737 
18.657761904761905 0.16121386718749997 0.0035314466629028313 
18.889666666666667 0.142298828125 0.00484164739394188 
19.088476190476193 0.12006958007812499 0.017128397726118565 
16.646595238095237 0.22154809570312498 0.014330856786310667 
17.751309523809525 0.182960205078125 0.0065961225262284266 
21.506333333333338 0.10460961914062501 0.002099338906347752 
16.23404761904762 0.23737597656249995 0.016059383218049998 
17.20945238095238 0.20126977539062502 0.007454272127687929 
19.34109523809524 0.13399511718749998 0.006971559131383895 
17.169928571428574 0.19531054687499996 0.032215687873125065 
20.968666666666667 0.069296142578125 0.009057442903578279 
20.47647619047619 0.12591943359375 0.001001874217033386 
18.455095238095236 0.14234106445312497 0.020884770396292204 
20.398714285714288 0.09596533203125 0.007109873370170594 
15.495166666666666 0.29020458984374997 0.060379366851806615 
17.228142857142856 0.19682373046874999 0.012653283252716063 
16.60792857142857 0.23193774414062496 0.010618552792131898 
