12.302238095238094 0.514451904296875 0.1336804353991151 
12.741238095238094 0.59091943359375 0.08257695915722847 
28.34909523809524 0.0774248046875 0.011162982498168949 
24.972238095238094 0.0660703125 0.014848134645462035 
12.444738095238094 0.5062995605468751 0.12895549335247278 
12.722238095238094 0.5159921875 0.12270733254814148 
13.348666666666665 0.4432822265625 0.07829271569633485 
23.57447619047619 0.12178320312500002 0.009872795619010926 
12.302238095238094 0.5592797851562501 0.10373751187443733 
24.09947619047619 0.084764404296875 0.011838919602930546 
18.144309523809522 0.182119384765625 0.027667045181334022 
13.517 0.45883374023437495 0.07012125300413372 
26.870428571428572 0.072656982421875 0.013749623608648776 
22.282857142857143 0.14969628906250002 0.006225305274963378 
24.484809523809524 0.086429931640625 0.011749312651216981 
13.98409523809524 0.34605493164062506 0.058898693678915516 
15.534119047619049 0.27768261718750004 0.030975926342964172 
13.452666666666667 0.3950048828125 0.10533969126224518 
16.828619047619046 0.25084521484375 0.020462144400835037 
28.03392857142857 0.07650268554687499 0.01136961181312799 
13.821238095238096 0.35694677734374997 0.0612790036251545 
13.600999999999999 0.3854013671875 0.12026385604763035 
13.32445238095238 0.414676513671875 0.11747052624374628 
14.295999999999998 0.328120849609375 0.06638589965349437 
12.892666666666667 0.5405710449218751 0.10915815929943325 
13.439333333333334 0.43276513671875005 0.10083518809819225 
14.4285 0.3110126953125 0.072776370759964 
12.836238095238096 0.528447265625 0.11232139686584475 
14.942666666666664 0.2967451171875 0.03386961361503601 
26.458642857142856 0.09722021484375 0.009340294389963151 
13.751999999999999 0.42548071289062506 0.08165551615053417 
15.116833333333332 0.28960083007812504 0.038748272089064124 
15.353333333333333 0.269314208984375 0.034654594529211526 
26.016976190476193 0.09960302734375001 0.009245314646005628 
25.519904761904762 0.09922900390625 0.010604913947343825 
13.220333333333333 0.52298193359375 0.0789592456390858 
15.645 0.30980981445312505 0.018722681522905828 
18.706285714285716 0.164499267578125 0.022033867426455016 
14.477190476190476 0.31695458984374997 0.04757135101342202 
14.192666666666664 0.33722265625 0.04557995862865448 
17.083666666666666 0.21128906249999999 0.027130825428962713 
13.484333333333334 0.43112109375 0.09486781006431583 
12.88045238095238 0.4845231933593751 0.1149337753248811 
19.513119047619046 0.16009960937499998 0.014740119920730588 
13.602666666666668 0.387034912109375 0.09281202990442515 
13.127238095238095 0.504300537109375 0.08965612847238782 
13.775333333333332 0.41386523437500006 0.05576820596790314 
15.173142857142858 0.26365576171875 0.037538188143014906 
13.017904761904763 0.45101123046874997 0.10988712483143807 
16.464666666666666 0.22414770507812504 0.03049218369537592 
13.472238095238094 0.47809374999999993 0.0720531314430237 
26.719928571428575 0.09879638671875 0.008760826650857926 
13.680404761904763 0.4066240234375 0.08471534721946716 
16.618976190476186 0.2236640625 0.03291475024795532 
13.007238095238094 0.474437255859375 0.10360750868707895 
14.050333333333333 0.39749169921875 0.0530239021399021 
13.101238095238097 0.5495146484375001 0.08862854934310913 
13.245333333333335 0.47123437500000004 0.0921553182926178 
12.793666666666665 0.5549101562500001 0.08670485264873505 
13.666999999999998 0.463810546875 0.06333371579742433 
15.788499999999999 0.30035473632812504 0.02660291961914301 
13.208666666666668 0.5399316406250001 0.0863812426042557 
14.625238095238094 0.3796962890625001 0.03562114096069336 
17.032619047619047 0.22893798828124998 0.016994590908288955 
13.377238095238095 0.48986132812500005 0.06555766278839112 
12.982 0.517552001953125 0.09968130915886166 
13.033904761904761 0.487743408203125 0.09660815471178294 
14.13957142857143 0.35033251953125 0.050846201383829115 
18.875142857142855 0.1678271484375 0.016097043304443358 
21.666238095238093 0.10985498046875002 0.01630618556523323 
20.552214285714285 0.18328076171875 0.0044997510979175575 
25.55190476190476 0.055318359374999994 0.0234860440340042 
29.398380952380954 0.09555419921875001 0.009869560223817825 
28.448547619047623 0.08466064453125 0.010430171304941177 
18.206666666666663 0.24580908203124996 0.008951711173295972 
20.15530952380952 0.173835205078125 0.005942204881250858 
25.746547619047625 0.057665771484374996 0.02110419133716821 
19.49102380952381 0.17720947265625 0.007548101960420607 
22.733642857142858 0.13757421875 0.006461288813591003 
20.829476190476193 0.14305126953124997 0.007231350309610367 
24.475404761904763 0.06016357421875 0.023164642015695566 
22.15338095238095 0.139478515625 0.007766995491027831 
23.418214285714285 0.08604980468750001 0.014328342905044556 
26.833571428571428 0.056948974609374994 0.021686046125948426 
20.96888095238095 0.17203955078124997 0.004853118505716324 
24.132309523809525 0.115369140625 0.008568824816703794 
20.562380952380952 0.133583740234375 0.010630172510683534 
20.353880952380955 0.14810400390624998 0.008083399086236955 
22.515309523809524 0.15149755859374997 0.005306419339418411 
18.470238095238095 0.19550732421875003 0.020789268681764603 
26.230880952380954 0.09267285156250002 0.010316042057037348 
18.273166666666665 0.24319140624999996 0.009219536334037779 
27.36957142857143 0.05659033203125 0.022164432201623917 
25.849404761904765 0.0561669921875 0.022534087162017827 
21.857547619047615 0.15315625 0.0057144415197372435 
27.131380952380947 0.064629638671875 0.015327671537458898 
23.017547619047615 0.10701513671874999 0.01150338523411751 
23.90864285714286 0.12639111328125 0.008241479632616044 
26.184714285714286 0.05852832031250001 0.02031492880439759 
22.33688095238095 0.1085390625 0.015021129163742066 
23.19254761904762 0.13733740234374997 0.006548389034509661 
21.524880952380954 0.11554492187499998 0.013085568681716916 
22.079214285714286 0.14114794921875 0.0069325182745456695 
23.805547619047623 0.07794726562500001 0.01728281269645691 
17.723166666666664 0.23846826171874996 0.012244112100839612 
21.066476190476187 0.1219541015625 0.014551940912246703 
25.20054761904762 0.12947753906249998 0.006754377870559693 
24.283571428571427 0.06839038085937499 0.02056103806024789 
21.375547619047616 0.157130859375 0.005472940894126892 
27.100357142857142 0.08321240234375 0.011056385395288465 
26.553714285714285 0.08927148437500002 0.01123143328094482 
23.51454761904762 0.08130029296875 0.016944104905366898 
27.316047619047616 0.06522607421875 0.014844189400911336 
20.78483333333333 0.1354169921875 0.010138486686706544 
20.060309523809522 0.182587646484375 0.005180131769716738 
27.86304761904762 0.07488085937500001 0.011613670826911926 
27.639476190476195 0.06626025390625001 0.014585837800264356 
21.81738095238095 0.119275390625 0.010029574180603028 
24.311904761904763 0.07393750000000002 0.016723318825721745 
22.91004761904762 0.09828662109375 0.012821899382829665 
28.654642857142854 0.07006884765625 0.012347480203866962 
27.496714285714283 0.06879687500000001 0.01361420692539215 
26.615714285714283 0.06522607421875 0.015063221459627157 
26.931714285714282 0.060947509765625 0.018023085794985294 
25.09857142857143 0.062983154296875 0.01870428353124857 
18.25269047619048 0.23513647460937498 0.011819025099813935 
19.841357142857145 0.1591279296875 0.0112045137796402 
18.58002380952381 0.212921142578125 0.010094339016973968 
21.211547619047618 0.130891845703125 0.010805415489733218 
19.016499999999997 0.19922705078125 0.008166554770708084 
18.50335714285714 0.21204272460937496 0.010175728216230867 
22.47754761904762 0.09649609375 0.01558807352161407 
27.457904761904764 0.0612275390625 0.017913860035896293 
23.847547619047624 0.09664697265625001 0.011983558840990066 
20.17497619047619 0.207924560546875 0.003994163647234438 
28.69542857142857 0.08270068359375 0.010796250669717792 
14.03461904761905 0.39227612304687504 0.05511284516102075 
14.03461904761905 0.411647216796875 0.051231106870234 
27.667071428571433 0.057438964843749996 0.02130643790841102 
14.38195238095238 0.34869482421875003 0.0381435952284336 
14.098619047619048 0.384048095703125 0.057963494568407534 
14.180285714285713 0.40070214843749996 0.04982044213676452 
14.624285714285714 0.3063916015625 0.04876401610374451 
24.455309523809525 0.09378173828125 0.010620944238901137 
17.303642857142854 0.19750073242187502 0.022052183463633062 
18.84561904761905 0.23609643554687504 0.00509483589464426 
26.826309523809527 0.1146474609375 0.008343631328582762 
25.826904761904757 0.06072070312500001 0.018652683001518254 
14.129619047619048 0.37952001953125 0.05840558639073372 
24.76685714285714 0.07153515625 0.017652010136604314 
27.025595238095242 0.06628027343750001 0.014695845321655271 
14.542619047619047 0.31462255859375 0.0462353182079792 
28.47214285714286 0.0782763671875 0.010902010879516599 
17.67757142857143 0.196711181640625 0.023697528646528722 
14.849619047619047 0.28116503906249996 0.04743496405220032 
23.436571428571433 0.090011962890625 0.01383972732120752 
27.41359523809524 0.076642822265625 0.011619149058401588 
14.415952380952382 0.32842236328125 0.04509981776452064 
14.542619047619047 0.31922412109375 0.043868258340120314 
18.503023809523807 0.18778759765625003 0.02198847786164284 
23.772190476190477 0.1360498046875 0.007551824655532838 
19.78252380952381 0.148245361328125 0.013648744542658329 
16.192785714285712 0.24377587890625 0.031041732115983968 
15.145119047619044 0.271148681640625 0.053433373455107215 
17.085190476190476 0.2111318359375 0.03022774207496643 
22.362404761904763 0.098844482421875 0.013946529648363593 
16.800452380952382 0.27270605468750003 0.018574108022689818 
18.60697619047619 0.21789477539062502 0.006670889129698277 
21.393404761904762 0.11889965820312498 0.013159703230917452 
19.024738095238092 0.16347656250000003 0.014537871289253237 
27.937476190476197 0.07814208984375001 0.011141296569108963 
17.165642857142856 0.2093974609375 0.022506015840530396 
17.615785714285714 0.1922939453125 0.033030865854263305 
14.38195238095238 0.33159521484375004 0.04360078831219673 
17.848309523809522 0.21298315429687503 0.01581193174415827 
19.63430952380952 0.19470874023437498 0.005783274054586887 
15.968285714285717 0.27050830078125 0.026050026657342913 
15.248619047619048 0.287317138671875 0.03400781381899119 
18.028261904761905 0.283162841796875 0.008254647308886049 
27.12630952380952 0.1115205078125 0.0086092771396637 
20.316309523809522 0.154048095703125 0.012082034156858922 
23.902809523809527 0.10819775390625 0.009276931888818743 
14.655285714285714 0.33688574218750006 0.03655440508270264 
25.526142857142858 0.07488085937500001 0.01259337319469452 
14.690952380952382 0.3104814453125 0.03991363374328614 
14.560285714285715 0.340869384765625 0.03874698262506723 
19.51040476190476 0.13851513671875001 0.01573695889687538 
15.129285714285714 0.27827685546875 0.041184992377519616 
26.17757142857143 0.056200927734375 0.022529375424921515 
15.066380952380953 0.36072998046875 0.024698770748376845 
20.090809523809526 0.146972900390625 0.012260370650827883 
15.287809523809525 0.3503037109375 0.02107832308197021 
14.98138095238095 0.285759033203125 0.042590631075441844 
15.357809523809525 0.3251650390625 0.02128464968109131 
16.14714285714286 0.21679614257812502 0.03844035440689326 
27.833761904761907 0.06763623046875 0.013728662221193311 
14.98138095238095 0.31329931640625 0.033682182069063184 
24.031642857142856 0.08384838867187498 0.016431689021646968 
16.42747619047619 0.23285693359374998 0.02415199752545357 
28.188928571428573 0.063458251953125 0.016649950951635843 
17.306976190476192 0.20333837890625 0.021782129783868794 
19.626642857142855 0.143080078125 0.014650969361305239 
18.01214285714286 0.206828857421875 0.012808516939222813 
22.173238095238098 0.09008544921874999 0.018794859601259227 
25.267928571428573 0.13695312499999998 0.006556588077545165 
15.334714285714284 0.275258056640625 0.03677848337179422 
23.42940476190476 0.078449462890625 0.017690281391680242 
15.821142857142856 0.23858227539062504 0.032780664043486125 
16.673809523809524 0.2255517578125 0.026825643601417544 
22.335785714285713 0.132579345703125 0.008573347922861572 
15.467809523809525 0.251839599609375 0.0360670615926385 
23.044999999999998 0.0885986328125 0.014952077732086183 
15.222047619047618 0.29536279296875 0.03130379055047035 
27.566071428571433 0.06270751953125 0.017167534300088876 
19.244642857142857 0.16730102539062502 0.014342554172575475 
21.747904761904763 0.105541259765625 0.017358216712534427 
18.264380952380954 0.19856420898437502 0.0104664063077569 
18.99314285714286 0.180247314453125 0.008566349337160585 
15.704476190476191 0.27272412109375 0.028816334750413897 
27.2712619047619 0.07232812500000001 0.013144791878700251 
24.70888095238095 0.08066796874999999 0.0152189685049057 
20.93280952380952 0.11502465820312502 0.01794279002481699 
18.731476190476194 0.176374267578125 0.009930216813623906 
17.69164285714286 0.19584277343749998 0.015948759618759155 
15.562809523809523 0.27310986328125 0.029887859170198445 
19.550547619047624 0.15170361328125 0.013932472412347793 
21.141976190476193 0.12379174804687501 0.014124873371660709 
26.84392857142857 0.070562744140625 0.014093274463713173 
16.603976190476192 0.23106542968750005 0.025327234510421757 
15.467809523809525 0.255100830078125 0.035133846480906006 
21.675309523809524 0.10952026367187499 0.014784315022528171 
15.562809523809523 0.26244018554687504 0.031403704210817805 
17.23197619047619 0.21032568359374998 0.020741907935380936 
15.246380952380951 0.283225341796875 0.03459179158979654 
27.07892857142857 0.058615478515625 0.020144118395388134 
26.650595238095235 0.0735693359375 0.012371681356430056 
16.074142857142856 0.24570117187500004 0.023342615681648256 
19.39314285714286 0.18598168945312502 0.007135213633120062 
15.919142857142859 0.23023315429687502 0.03495322364717722 
18.818476190476193 0.189767333984375 0.008227190554201604 
21.27447619047619 0.11238720703125002 0.014711818334817883 
25.751738095238096 0.062741455078125 0.017415603859961035 
17.78147619047619 0.2608984375 0.01006046139717102 
19.415976190476194 0.16255126953125001 0.00811519012093544 
18.52304761904762 0.17183862304687503 0.012544027705729006 
26.979261904761906 0.06522607421875 0.015019830332040792 
25.846071428571427 0.06359008789062501 0.016265941297113888 
15.477476190476192 0.24820483398437504 0.04095672796016932 
17.005142857142857 0.27830468750000004 0.014394766873359676 
19.60014285714286 0.193419189453125 0.006367014695703982 
17.697142857142858 0.183130859375 0.024862920950889586 
15.562809523809523 0.269781982421875 0.030757335157454012 
16.89047619047619 0.24289355468750004 0.0154808120880127 
19.365309523809525 0.11695556640625 0.01897604717850685 
15.936142857142858 0.26613061523437503 0.02650791798168421 
18.919809523809526 0.14558740234375003 0.016789468097925187 
16.006142857142855 0.267796142578125 0.019919007599413396 
18.339666666666666 0.19068334960937502 0.022241545351088052 
15.742476190476191 0.24469116210937497 0.032959550215303904 
16.247809523809526 0.24079199218750005 0.028352788528442384 
