13.772119047619046 0.47111401367187494 0.11614822748428581 
13.772119047619046 0.5021657714843749 0.09425591181093453 
25.241571428571426 0.07204760742187499 0.0003679708672165872 
25.609809523809524 0.023945556640624997 0.002304120140612125 
29.404571428571426 0.032194580078125 0.0017666669445633883 
13.897119047619046 0.46025341796874997 0.11362373953199385 
26.82890476190476 0.044075195312499996 0.0015916272697448733 
14.724071428571426 0.342291015625 0.0774659988954067 
14.07545238095238 0.4537202148437499 0.085891337331295 
26.515571428571427 0.063609130859375 0.0007029962945580484 
14.563119047619045 0.363137451171875 0.11014908045583963 
28.96457142857143 0.031721923828125 0.0017720826554894445 
13.772119047619046 0.49711230468749995 0.09750070353126526 
27.241238095238096 0.023945556640624997 0.002293987169802189 
13.772119047619046 0.4782954101562499 0.10884164696311951 
19.02909523809524 0.13873095703125 0.005859311338424682 
14.316452380952379 0.392906005859375 0.09536792294746635 
13.772119047619046 0.4917031249999999 0.10096148978972434 
14.07545238095238 0.448361328125 0.08924840753650665 
28.154571428571426 0.0376357421875 0.0016962703564167025 
14.178785714285713 0.44028076171875 0.0791982893908024 
14.000452380952378 0.4569812011718749 0.10305734871298075 
19.950142857142854 0.1200078125 0.0030083441267013547 
24.16557142857143 0.033551513671875 0.002977030880510807 
14.845738095238094 0.33220019531249995 0.08307011219477654 
14.619785714285712 0.381666748046875 0.06461382609850166 
19.303619047619048 0.117770263671875 0.010314978478014467 
18.130714285714287 0.151431884765625 0.012486285511553289 
16.091214285714287 0.2536774902343749 0.02305249954468011 
13.875452380952378 0.47118188476562495 0.09887013808780906 
14.32688095238095 0.434137451171875 0.056863716409265984 
14.20045238095238 0.42787841796875004 0.09384738857984543 
15.883 0.26401586914062497 0.019734170480310915 
14.430214285714285 0.40854736328124996 0.055048360944986344 
14.304738095238093 0.40580249023437504 0.10580048933511974 
21.502285714285712 0.12546459960937498 0.001445179636538029 
18.414714285714286 0.14571508789062498 0.008278192763864992 
14.555214285714285 0.390359619140625 0.057736168458521364 
24.520904761904763 0.06175708007812499 0.0015182712722420695 
21.288190476190476 0.0742314453125 0.004203463636398317 
24.610571428571426 0.0358427734375 0.002582127090454101 
14.126880952380953 0.43386572265625 0.08016603548192976 
21.702571428571428 0.09518823242187499 0.002199649007856846 
28.509571428571427 0.038840087890625 0.0016172167521119121 
14.126880952380953 0.44294848632812495 0.07542433137422799 
15.958833333333331 0.281966552734375 0.015971704286634917 
23.677238095238096 0.048073974609375 0.0025294214754700665 
14.872166666666667 0.319624267578125 0.04783873860174416 
20.48252380952381 0.0876201171875 0.0070281292245388035 
14.32688095238095 0.42503540039062504 0.06117034280449152 
14.494785714285712 0.384521728515625 0.06723767232710123 
14.516452380952378 0.36832983398437497 0.0700234859138131 
16.22638095238095 0.24703442382812496 0.016418714001238344 
25.52857142857143 0.06138720703124999 0.00121749213552475 
20.327857142857145 0.10145019531249999 0.0048949476146698 
15.576333333333332 0.29451098632812495 0.027290256602823727 
18.825285714285712 0.12737036132812501 0.009261940763533118 
14.889547619047619 0.327240234375 0.0449354898443222 
22.31090476190476 0.090683837890625 0.0018465101199746123 
14.767880952380953 0.337206298828125 0.04107710217481851 
13.772119047619046 0.481640869140625 0.10662704282814264 
14.642880952380953 0.366572509765625 0.03743323414856195 
16.97833333333333 0.197357666015625 0.028124109842836847 
14.334785714285712 0.40469042968749996 0.09216535391426087 
14.373547619047619 0.40287158203124995 0.08933674766397476 
14.391452380952378 0.399627685546875 0.06321604827076197 
15.442166666666665 0.28009375 0.05036362155818939 
14.303785714285713 0.41701245117187496 0.08509926221376657 
14.993833333333333 0.325390869140625 0.04697458618694542 
24.055238095238096 0.05627685546875 0.0022014152312278745 
14.438119047619045 0.37709033203125 0.10179882086372374 
20.912285714285712 0.08042919921875001 0.00493629214501381 
14.430214285714285 0.40028344726562504 0.05927798861557243 
20.640523809523806 0.104323486328125 0.0028604710393548014 
15.475547619047617 0.28769067382812497 0.031794059069693084 
14.251880952380953 0.41909155273437504 0.09115341241174935 
14.104738095238094 0.431698974609375 0.11529612129026652 
14.430214285714285 0.41168139648437496 0.05347595910555123 
20.784904761904762 0.10738500976562501 0.0020894887810349464 
14.244499999999999 0.444980224609375 0.05253989149624109 
16.49883333333333 0.22739550781249998 0.01690124720191955 
14.516452380952378 0.36374072265625 0.07240011072015762 
13.772119047619046 0.4804516601562499 0.10726333379864691 
18.882142857142856 0.13115136718749998 0.00853040751838684 
28.346238095238096 0.031304443359375 0.0018161209869980814 
13.954119047619045 0.50176123046875 0.09151024702930452 
14.126880952380953 0.451158203125 0.0705932915868759 
17.368023809523812 0.18404711914062502 0.018483862674295897 
14.07545238095238 0.46574438476562496 0.07964605567985773 
23.044238095238093 0.042770263671875 0.004292434017717837 
16.980999999999998 0.19353857421874998 0.017801282693386076 
14.967166666666666 0.33111694335937497 0.0416746627703309 
14.494785714285712 0.38810742187499997 0.06572818480587005 
22.04790476190476 0.0652080078125 0.0032141056499481215 
14.746214285714284 0.343023681640625 0.04359007098346947 
14.8505 0.33535546875 0.04816952200794219 
14.141166666666667 0.4568017578125 0.06020843937873841 
14.606214285714284 0.407037841796875 0.04934034234768152 
20.862833333333334 0.13392993164062497 0.0009943158078789716 
16.65454761904762 0.21995166015625003 0.013672285454034806 
17.90957142857143 0.155859619140625 0.012892647440969943 
15.509547619047618 0.301781494140625 0.023747143189966673 
22.90757142857143 0.048724853515625 0.003514288790285587 
17.135166666666667 0.19198266601562503 0.020659051094591617 
25.37057142857143 0.050330322265625005 0.0014227260614037515 
14.746214285714284 0.3559013671875 0.03863462076759337 
14.586214285714282 0.373288818359375 0.0658492293911576 
18.546571428571433 0.17736865234375 0.0032617486402988435 
14.430214285714285 0.39670874023437497 0.06098958249145744 
14.642880952380953 0.358392578125 0.04027960120105741 
23.182238095238098 0.050368408203125006 0.0027326924782395358 
14.178785714285713 0.43208422851562506 0.08388738759046792 
17.51985714285714 0.18449707031249998 0.011170924291610717 
21.42152380952381 0.066139892578125 0.007514543598234653 
17.246333333333332 0.18780249023437504 0.014264416893064975 
13.875452380952378 0.46941333007812497 0.09990681331640482 
15.097166666666666 0.302643798828125 0.0511364057522416 
16.554547619047618 0.24478515624999994 0.013506151309013361 
17.279 0.18513964843750003 0.014668622594833373 
14.494785714285712 0.3767939453125 0.07155936525917053 
14.746214285714284 0.35294189453125 0.03991369820237158 
17.18633333333333 0.20046850585937498 0.010702077057898045 
15.3905 0.28553686523437494 0.04321580733591317 
22.79590476190476 0.07145458984375 0.0018811715052127836 
16.658833333333334 0.21111767578125 0.021287143251657484 
17.481761904761903 0.17451953125000003 0.015571168871879575 
20.572238095238095 0.08977368164062499 0.005398712937891482 
15.77888095238095 0.27499999999999997 0.02246176384568214 
25.204904761904764 0.041996337890625 0.0023309891462922096 
13.772119047619046 0.4943625488281249 0.09924203747564554 
18.541547619047616 0.18858691406249997 0.004801878953933716 
17.06133333333333 0.20805371093749997 0.008073971200942994 
17.74252380952381 0.17531274414062498 0.010005960736811158 
19.15961904761905 0.129355712890625 0.007709983268320561 
18.012999999999998 0.16102612304687497 0.010280295093119144 
16.1355 0.23658959960937498 0.03563692509466409 
16.95919047619048 0.22289770507812498 0.009543432553350925 
14.438119047619045 0.375076171875 0.10265641937708854 
14.430214285714285 0.41514501953125 0.05185143031144142 
14.642880952380953 0.37162744140625004 0.034754763813257206 
14.796214285714285 0.34918505859375 0.033640307703971854 
24.997238095238096 0.049052734375 0.002179953829050063 
14.000452380952378 0.447678955078125 0.1065492301464677 
25.42957142857143 0.023945556640624997 0.002327967010080815 
28.921904761904763 0.0524169921875 0.0012752638828754427 
16.19538095238095 0.23585888671874997 0.041385555994272225 
24.20333333333333 0.08032177734375001 0.00013810939049720762 
15.181571428571427 0.344439453125 0.02651230560088157 
15.334904761904761 0.33398046875 0.02022222745680809 
28.101571428571425 0.05030224609375 0.0014455824682712557 
16.073714285714285 0.24395263671874998 0.038580431391000744 
16.198714285714285 0.235487060546875 0.03547429287105798 
17.33309523809524 0.17488720703125 0.01856790119028091 
15.181571428571427 0.343432373046875 0.02678650700145959 
23.695571428571427 0.029936035156250002 0.0036509177801609047 
15.51890476190476 0.327038818359375 0.01757156082445383 
15.667999999999997 0.26500488281249995 0.03400340323448181 
15.546333333333333 0.27581225585937497 0.030440255675375456 
16.93038095238095 0.1987236328125 0.020816852938890455 
15.334904761904761 0.30830200195312496 0.028565596655905245 
15.456571428571428 0.31781494140625 0.02491386883974075 
27.49590476190476 0.03308447265625 0.0017378939261436465 
15.978 0.248563232421875 0.02597224714666605 
15.334904761904761 0.30652221679687497 0.02924699887424707 
15.334904761904761 0.319760498046875 0.02325432148510217 
16.09038095238095 0.253961181640625 0.021780633675158024 
23.357761904761905 0.05594580078125 0.0023333362832069393 
15.792999999999997 0.25987988281249996 0.03642583379721641 
15.974666666666664 0.24936791992187496 0.02532027697139978 
16.50204761904762 0.219295654296875 0.03183446978718042 
26.36228571428572 0.07072167968750001 0.0005989388504028321 
22.678952380952385 0.05916162109374999 0.0027364512743949885 
15.952285714285713 0.28378808593750005 0.01566844172978401 
15.891333333333332 0.25250830078125 0.03207802591943741 
25.565571428571428 0.06310522460937498 0.0007430624776482582 
17.502571428571432 0.177307373046875 0.013987516770899298 
23.844380952380952 0.035033203125 0.0032219028522968303 
19.762666666666668 0.101568359375 0.007751006140947344 
22.12385714285714 0.064675048828125 0.003918997562468051 
22.280047619047618 0.053953613281250014 0.0042518690111637125 
15.459904761904761 0.30751416015625 0.022207954109668727 
15.792999999999997 0.258039794921875 0.03810957311683892 
16.72204761904762 0.20745776367187502 0.027744565279543398 
25.746238095238095 0.027992431640625 0.0018953739476799969 
20.113809523809525 0.10239038085937499 0.004816619208395481 
16.342047619047616 0.23073706054687498 0.018038631616175173 
15.73204761904762 0.266884765625 0.03143352929472922 
23.027666666666665 0.08172583007812499 0.0003844189005494117 
15.85704761904762 0.25541870117187504 0.03590985035568476 
25.863285714285716 0.041431640625 0.001816279314994812 
16.463714285714286 0.22365039062499997 0.0205989161965847 
15.792999999999997 0.258820068359375 0.03744464946752787 
15.797047619047621 0.25641064453124995 0.03279594665384291 
20.36766666666667 0.08817822265625 0.007231466129779815 
15.900380952380951 0.25641064453124995 0.028144967039585106 
21.86985714285714 0.087196533203125 0.002579049098551274 
16.28204761904762 0.23230712890625 0.03321950495958328 
27.145571428571422 0.031289306640625 0.0018172137694954875 
17.658761904761906 0.16627978515625 0.012085095604419708 
26.083904761904762 0.037846923828125004 0.0017638655644059181 
26.667904761904758 0.026142822265624997 0.0019208441596627233 
16.805 0.20121728515625 0.01922675809526443 
21.738380952380954 0.06565966796875 0.0030659137079715746 
27.684238095238094 0.031603759765625 0.0018078196054100992 
27.795238095238098 0.0463623046875 0.0014924361133575443 
22.017190476190475 0.06188916015625001 0.0039623222944736485 
19.546 0.1086875 0.006760986743211747 
26.841571428571427 0.039543212890625 0.001697716620504856 
22.420666666666666 0.097483642578125 0.0008372595883011817 
26.94190476190476 0.046189941406250004 0.0015404965653419496 
17.657238095238093 0.1786396484375 0.010511569964647293 
16.56204761904762 0.21628442382812502 0.014865874946653843 
15.671333333333333 0.271616943359375 0.030873299832403656 
24.384571428571427 0.038614257812500004 0.002617093463182449 
16.467047619047616 0.2534033203125 0.011625669146776197 
16.56204761904762 0.22773535156249997 0.011287439799547194 
26.15957142857143 0.0249375 0.002065127448081971 
15.82538095238095 0.2802578125 0.01955839472794533 
16.38 0.23382495117187493 0.01690803922897577 
17.174714285714284 0.18703955078124995 0.016558950067996975 
16.685333333333332 0.21112548828125002 0.015547411425113677 
24.66090476190476 0.051325439453124996 0.0018581716781258585 
20.70352380952381 0.08944482421875 0.004527889074325561 
16.403 0.222118896484375 0.024039354446470734 
19.428809523809527 0.11263330078125 0.008553202692508697 
17.437571428571427 0.184109130859375 0.013536918604910372 
17.053047619047618 0.19669384765624998 0.014291199100971218 
21.572047619047616 0.067128173828125 0.005629570088446141 
24.960571428571427 0.06250244140625 0.0010475038874149327 
19.050142857142855 0.12448291015624999 0.00808497263765335 
19.050142857142855 0.12292236328124999 0.008365098421573638 
15.667999999999997 0.26771850585937496 0.033747220672667014 
17.884 0.16112084960937498 0.009862413819372653 
19.024476190476193 0.1331689453125 0.007694739733934403 
25.202238095238094 0.044405029296874995 0.002171413939058781 
18.916333333333334 0.12638134765625 0.008123970154285431 
19.347809523809524 0.11621752929687501 0.008771311643183233 
16.776999999999997 0.2091416015625 0.012354726022720336 
21.468714285714288 0.07214208984375 0.0033499240496158594 
23.330666666666666 0.07373779296875 0.0010035491514205936 
23.240571428571428 0.036828369140625004 0.003638450408518315 
22.932190476190478 0.04852783203125 0.0035353480494022377 
16.047285714285714 0.294989990234375 0.012581334150373932 
16.172285714285714 0.27017041015625 0.013657451332569123 
16.867714285714285 0.204563232421875 0.014459151382982729 
15.952285714285713 0.278477783203125 0.01730505665451288 
19.610666666666667 0.108281982421875 0.007053602850496768 
18.225333333333335 0.15052978515624998 0.009310367653369903 
18.58657142857143 0.138183837890625 0.010946310053408145 
24.245857142857144 0.049827392578125004 0.0020160424328446395 
18.92985714285714 0.142049072265625 0.0042967462039589874 
20.554809523809524 0.08568920898437499 0.00647421617513895 
16.812761904761906 0.20250366210937498 0.016326376160681243 
15.77204761904762 0.272119873046875 0.028749134442865844 
17.005190476190474 0.20559228515625 0.009949284874439236 
15.974666666666664 0.246791015625 0.03067870055937766 
17.472714285714282 0.18035302734374997 0.014587017326593402 
18.538 0.15177246093750002 0.00826661931157112 
16.038714285714285 0.268041748046875 0.01674532162719965 
17.776714285714284 0.18691723632812499 0.009210114922583102 
17.131047619047617 0.19588403320312497 0.01231457989984751 
16.588714285714286 0.212184326171875 0.024030161850512027 
20.821 0.083978515625 0.0045866607131958 
20.906380952380953 0.08441162109375 0.00457578197479248 
17.151095238095238 0.18294384765625 0.019765704926013948 
19.477666666666668 0.11046240234375 0.00977191502714157 
18.041333333333334 0.15677197265624998 0.011154269608020781 
19.20847619047619 0.12870654296875 0.0060367707428932195 
17.25109523809524 0.18195190429687497 0.019715561172068113 
17.07033333333333 0.193579833984375 0.016263517971098422 
24.51757142857143 0.059675292968749995 0.0016105136454105378 
18.33133333333333 0.14859423828125 0.008890232790470121 
15.792999999999997 0.25859326171874997 0.03747535971975326 
24.57354761904762 0.036440673828125006 0.0027596632271409036 
17.780428571428573 0.15818603515625 0.013601079870462416 
15.581571428571428 0.29689697265625 0.027082576019763945 
16.15633333333333 0.2376806640625 0.01774048119544983 
15.766571428571428 0.30607177734374996 0.010247022395133972 
18.366333333333333 0.16370556640624997 0.0056167870221137985 
21.81366666666667 0.0608623046875 0.0050429896996021266 
15.546333333333333 0.30127148437499995 0.023459841947317116 
16.297857142857143 0.24124267578124997 0.01749435970544815 
18.68661904761905 0.1369755859375 0.007509433657884599 
19.462285714285716 0.11908251953125 0.004987008665561676 
16.103714285714286 0.266458984375 0.01829423451447487 
17.824666666666666 0.166223876953125 0.010212267143785954 
25.286571428571428 0.06250244140624998 0.0010475038874149323 
15.649666666666665 0.29079736328125 0.023909918657779687 
19.26054761904762 0.14651879882812496 0.003106590545713901 
18.309857142857144 0.164677001953125 0.0058146182180047025 
21.26066666666667 0.06836962890625001 0.00808548388338089 
16.541333333333334 0.222118896484375 0.01938837483221292 
15.888 0.25388720703125 0.03627848041391372 
21.544238095238093 0.07590502929687501 0.002906747939646245 
25.401333333333334 0.041045654296875 0.0018843530536293983 
15.4405 0.30271337890625 0.030751493698596942 
16.90038095238095 0.200346435546875 0.018336330628931516 
21.190380952380956 0.08360595703125001 0.0030777595388889307 
16.25390476190476 0.26360791015624996 0.0111025233540535 
18.190666666666665 0.15374853515625 0.009024713798999785 
25.65957142857143 0.07371484375 0.0002409274032115936 
14.119738095238095 0.53942333984375 0.06510764566993713 
25.359571428571428 0.023945556640624997 0.004568576124250886 
13.907595238095237 0.51222119140625 0.06953024064159392 
14.479499999999998 0.39288720703124996 0.09188630971813203 
28.031190476190478 0.046083984375 0.0014753728342056277 
14.517166666666665 0.39722338867187496 0.052722641232073306 
15.335214285714287 0.33390283203124993 0.02317541788005828 
27.579571428571434 0.038824951171875004 0.0016405583263039592 
22.301333333333332 0.093444580078125 0.0011460479264855388 
26.998571428571427 0.024835449218749996 0.0020735281898975368 
26.634000000000004 0.051921630859375 0.001345053005754948 
27.824238095238094 0.05249853515624999 0.0012526822283267975 
26.324238095238098 0.033454345703125006 0.0017770638447403907 
18.805666666666667 0.12919140624999997 0.00937760184264183 
24.255714285714287 0.047156738281250006 0.002534980621576309 
19.317 0.11800805664062501 0.008876804738581181 
21.11566666666667 0.10443017578125002 0.0015151275446414951 
14.157309523809525 0.51043603515625 0.05773121690177918 
15.51888095238095 0.27824169921875 0.045566192089080804 
14.53502380952381 0.38169287109375 0.05961894240403175 
15.391928571428574 0.28294580078125 0.03819143816018103 
25.265571428571427 0.030080078125 0.0021687097237110134 
24.90157142857143 0.0426591796875 0.0022086675140857693 
20.534809523809525 0.12346166992187502 0.003002206750452519 
16.382714285714286 0.2309189453125 0.016607997730016706 
18.390809523809523 0.141796875 0.015456799443960187 
14.53502380952381 0.38466943359375 0.058459690956115716 
15.135500000000002 0.30672241210937495 0.03338535858541726 
22.166000000000004 0.100028564453125 0.0008850038409829138 
23.831904761904763 0.061823486328124996 0.0015578132563233377 
27.404571428571433 0.051018798828125 0.0013306924391388896 
18.080714285714286 0.187115234375 0.0064512073221206665 
16.092880952380952 0.24289501953124998 0.028330127039909357 
22.971238095238096 0.05621923828125001 0.002787416256904602 
17.797809523809526 0.1723916015625 0.007013106410741805 
20.120190476190476 0.102462646484375 0.00427130617147684 
15.107642857142858 0.3649357910156249 0.026196971871912472 
23.336714285714287 0.062509033203125 0.002266599443018437 
16.89761904761905 0.20185546875 0.011765944570302962 
23.479571428571425 0.036178222656249995 0.005173540410041809 
24.72057142857143 0.026432373046875002 0.004570161955416202 
25.4622380952381 0.028772705078125 0.0019892677403092382 
14.814071428571427 0.37289575195312497 0.025684882448256008 
18.044999999999998 0.15259326171874998 0.010111003876686096 
27.282238095238093 0.027031738281250002 0.001838170512676239 
24.54004761904762 0.06903930664062499 0.0008530341902375222 
26.060000000000002 0.073374267578125 0.0002741031509041787 
20.339238095238095 0.10850390625000002 0.0038222578523159035 
17.52242857142857 0.18248144531249996 0.013243217671155928 
14.53502380952381 0.43267724609374997 0.046779858808755875 
15.046928571428571 0.31875341796874995 0.030848218482971184 
18.221 0.14635107421875 0.01028168259525299 
15.464547619047618 0.277394775390625 0.05078422152096033 
20.929714285714287 0.08379809570312499 0.004547626819670201 
27.104571428571433 0.0378330078125 0.0016741136124134065 
17.595952380952383 0.21051733398437503 0.005717326381742955 
25.84890476190476 0.066679443359375 0.0006302959209084512 
17.283619047619048 0.19494384765624997 0.01110024715900421 
16.333714285714287 0.22803588867187502 0.020239144712984557 
15.276214285714286 0.28767724609374995 0.04443500192070006 
15.266928571428574 0.29639575195312495 0.032835951261579975 
14.605928571428572 0.46883520507812493 0.039693848980009556 
15.992380952380952 0.263755859375 0.021909896543264386 
14.53502380952381 0.41436181640625 0.04923774644875527 
19.03157142857143 0.13495800781249997 0.007660367755651473 
15.046928571428571 0.32810498046875 0.027662535806655876 
17.37357142857143 0.18086791992187498 0.01443850961357355 
18.65014285714286 0.136071044921875 0.009340931828081607 
24.45490476190476 0.034989013671875 0.0027801173725724216 
14.535738095238093 0.41470751953125007 0.044114056812286376 
18.561666666666667 0.133982421875 0.013599688424825668 
14.354499999999998 0.425005126953125 0.08070023367697 
17.198999999999998 0.18965478515625 0.013570127247810362 
20.699523809523807 0.087435546875 0.005558759291410448 
14.997880952380953 0.323962158203125 0.04140505601221322 
21.23685714285714 0.07970947265625 0.003945262590646744 
20.412666666666667 0.089579345703125 0.006155081658422948 
14.642166666666665 0.346441162109375 0.0694255641079545 
18.16214285714286 0.155438232421875 0.008619221121370792 
14.642166666666665 0.34948144531249997 0.06867318691039084 
15.151214285714286 0.29116650390625 0.041825129471778855 
16.981714285714283 0.19673266601562495 0.01405326937919855 
17.90604761904762 0.168810302734375 0.009523591146528721 
14.939785714285714 0.34204711914062497 0.03055017942577599 
15.641880952380953 0.27312499999999995 0.03127012055277824 
15.534190476190478 0.31409228515625 0.018606902943611146 
17.484428571428573 0.17776953124999997 0.014352792012929914 
14.517166666666665 0.37246508789062494 0.06603526669746637 
17.019285714285715 0.1984228515625 0.012278952296972272 
18.33647619047619 0.13918212890624998 0.017428858056068412 
17.734809523809524 0.16452929687499998 0.015616826257467267 
14.939785714285714 0.33770996093749994 0.031854294730424865 
14.893595238095239 0.336559814453125 0.037375715883314606 
26.515666666666664 0.057260986328125 0.0010413254194855692 
18.913999999999998 0.1491103515625 0.005269227798223494 
15.24454761904762 0.2875556640625 0.05516316326236724 
15.678428571428572 0.28652734375 0.019850411851644517 
15.532047619047617 0.30095654296874996 0.023824928581476213 
24.106190476190477 0.054203369140625 0.002204808998167515 
14.814071428571427 0.367548828125 0.03244881627440452 
15.71038095238095 0.3223330078125 0.018453555484056465 
16.559428571428572 0.23417919921875 0.014871309820175168 
15.478952380952382 0.35587353515625 0.017900010419845576 
15.276214285714286 0.293825439453125 0.04071835036569833 
17.09997619047619 0.21702416992187498 0.00473522313171625 
21.332333333333334 0.08482666015625 0.003050326944589615 
20.807047619047616 0.09159179687499999 0.003092768325805665 
25.98957142857143 0.026141845703125 0.001990846290647983 
15.151214285714286 0.30525537109374995 0.035613083433151234 
15.151214285714286 0.30264062499999994 0.036524007094144814 
15.573928571428572 0.280522705078125 0.030360731547415244 
21.469714285714282 0.072093994140625 0.0049946781612038626 
25.69557142857143 0.044075195312499996 0.0016018899545669559 
16.027047619047618 0.246840087890625 0.0290887753701806 
26.433 0.06568749999999998 0.0005703785219192507 
15.967880952380952 0.25257373046875 0.024260938402175896 
16.522857142857145 0.25090771484374996 0.008227768283843993 
16.68109523809524 0.21502783203124998 0.02074918046855926 
16.472642857142855 0.25518041992187496 0.008754528341829774 
16.54490476190476 0.24804541015625 0.010528953465461729 
14.768595238095239 0.36539135742187495 0.03609042621856927 
14.094023809523808 0.5108288574218751 0.07818499067932366 
15.683714285714284 0.27524560546874993 0.028947014971017832 
15.555142857142858 0.36257592773437497 0.017208035662710664 
22.00390476190476 0.0682900390625 0.002453375791549683 
30.192476190476192 0.0524169921875 0.0012752638828754425 
14.868119047619047 0.333672119140625 0.0739504058318734 
29.172476190476193 0.027512939453125003 0.0018284963584542266 
14.517166666666665 0.36811572265625 0.06740743066644668 
22.017095238095237 0.105796142578125 0.0008967186599373818 
16.317738095238095 0.23764086914062496 0.022540325024187555 
16.96757142857143 0.19794531249999997 0.015741440329790114 
14.62145238095238 0.39154345703125 0.05581227729177475 
21.631714285714285 0.066610107421875 0.003597027660906315 
14.62145238095238 0.37805175781249994 0.06226985373020173 
21.100333333333335 0.08489501953125 0.004159800951480866 
14.62145238095238 0.35915820312499996 0.07224472295498847 
15.713880952380952 0.26177685546875 0.04920030304169653 
17.037214285714285 0.24244750976562499 0.00758543948084116 
25.62157142857143 0.025506103515625007 0.002246387288630008 
18.538619047619047 0.14268872070312502 0.008077996583044528 
22.221 0.04908862304687501 0.004688064274847506 
23.862238095238094 0.037069091796875 0.002804563848078251 
15.286214285714285 0.3264453124999999 0.03051928487777709 
19.845000000000002 0.09997900390625 0.005801572796344757 
27.13490476190476 0.05998852539062499 0.0009687497473359109 
15.622880952380953 0.29600341796874996 0.023977302339076995 
21.819238095238095 0.07125781249999999 0.0025816900823116304 
14.62145238095238 0.37118994140624995 0.06639703503632546 
19.55785714285714 0.110701416015625 0.004654059026300906 
15.11954761904762 0.30653149414062497 0.047450426461756214 
15.84454761904762 0.253270263671875 0.03804828753620385 
18.71261904761905 0.13873339843750002 0.006186128146409988 
18.443857142857144 0.154619384765625 0.0070404169612526876 
19.149333333333335 0.133373291015625 0.00431685941940546 
18.548571428571428 0.15908032226562502 0.004059401829302311 
19.37385714285714 0.115944091796875 0.0059158833194375045 
19.021 0.123012939453125 0.008996466830313205 
28.865904761904762 0.045473388671875004 0.0014964854150414468 
14.872880952380953 0.3367177734375 0.044781323142290115 
16.77138095238095 0.20474780273437498 0.024109886889517308 
26.92290476190476 0.026142822265624997 0.001874645751059055 
16.528714285714287 0.21270361328125 0.021021147057056426 
20.966380952380952 0.0962548828125 0.0025266219568252568 
16.23054761904762 0.24942651367187502 0.011928730302393433 
18.799 0.130571044921875 0.008584370098650453 
18.183857142857143 0.162554931640625 0.007273783260881901 
22.836904761904766 0.051339111328125 0.004467907165586949 
15.537880952380954 0.26936083984375003 0.05023894295072555 
17.557285714285715 0.176795654296875 0.011071406852304936 
17.475285714285715 0.182783935546875 0.01417893080002069 
16.675547619047617 0.21823779296874996 0.0131783456287384 
27.32890476190476 0.06791503906249999 0.0005668825352191924 
16.25788095238095 0.23417626953124998 0.028679136797428124 
14.62145238095238 0.372669677734375 0.06487823923259974 
15.747880952380953 0.27370654296874997 0.027412601655483242 
28.667904761904758 0.038423828125000004 0.001637371148109436 
16.403714285714287 0.229177978515625 0.016426153354704383 
15.876214285714287 0.25587866210937504 0.029400837944090357 
20.72133333333333 0.09560498046875 0.0037289811060428626 
20.330523809523807 0.09455322265624999 0.004437372086048125 
19.250714285714288 0.12884765625 0.004813325875997542 
16.539238095238098 0.23709667968749998 0.014565020943641663 
15.71954761904762 0.276347412109375 0.028675188081800928 
15.11954761904762 0.30832177734375 0.046047705402612674 
22.626190476190477 0.05962841796874999 0.003908761390209198 
22.993761904761904 0.065472412109375 0.0024144950333237648 
18.29357142857143 0.14487109375 0.009630566291570662 
19.71352380952381 0.120959716796875 0.004088977628290652 
23.22390476190476 0.058088623046874996 0.0023843145852684975 
15.872880952380953 0.2741796875 0.02122472997665405 
24.777714285714286 0.05518164062500001 0.0015362960007190706 
23.47190476190476 0.06333544921874999 0.0019433748612403875 
19.774333333333335 0.09697631835937501 0.00673420373827219 
15.636214285714285 0.316033447265625 0.018487565777361388 
15.535738095238097 0.28261816406249995 0.03838858437442779 
26.597476190476193 0.053921874999999994 0.0013493562927246092 
20.050666666666668 0.11330444335937499 0.003938405725061894 
15.448880952380952 0.278647705078125 0.040600363636553276 
19.32338095238095 0.12590966796875 0.006835565494537353 
22.530880952380954 0.07644653320312499 0.001491866051256657 
21.404571428571423 0.08788818359375 0.0029707667410373696 
27.53657142857143 0.044666015625 0.0015037993977069853 
18.28214285714286 0.14915625 0.008858012516736982 
18.93661904761905 0.138406494140625 0.006843872659265995 
15.960214285714287 0.298328369140625 0.01350259440666437 
15.50038095238095 0.28720776367187495 0.034205708415567866 
16.579714285714285 0.23167431640624997 0.010613326008081436 
20.151666666666667 0.09285986328124998 0.005520471025943756 
16.542214285714287 0.22362426757812498 0.018818388699591154 
15.11954761904762 0.300822265625 0.049764434925079336 
16.02288095238095 0.246939208984375 0.025114561557829373 
29.134571428571427 0.045367431640625004 0.001489510580599308 
14.893595238095239 0.329743408203125 0.04257935966306924 
16.352214285714286 0.22499218749999997 0.02005873885726928 
27.683904761904763 0.027622558593750002 0.0018329061481952666 
17.65657142857143 0.18542138671875 0.009252835260868073 
16.176214285714288 0.24761108398437498 0.015493882414400575 
20.54038095238095 0.112131591796875 0.0032431927400231354 
15.026214285714286 0.34556787109375 0.02989123050117492 
19.191666666666666 0.15055444335937498 0.004231765993177891 
20.628999999999998 0.091498291015625 0.0037955744362473494 
16.437214285714283 0.22641674804687498 0.01895526071554422 
19.94966666666667 0.11871655273437502 0.003119883072435857 
14.62145238095238 0.36176708984375 0.07138091775989532 
15.747880952380953 0.29678369140625 0.0195864135518074 
20.186666666666667 0.11779443359375001 0.0036828006365299234 
19.883857142857142 0.10869482421875001 0.004251472215890884 
14.62145238095238 0.37562915039062494 0.06398777321583034 
14.62145238095238 0.36520654296875 0.07037326257729529 
23.683904761904763 0.041304443359375005 0.0029743911886811253 
17.039523809523807 0.216125732421875 0.009678756681025028 
15.31954761904762 0.31289135742187496 0.03153523356205224 
15.62538095238095 0.268128173828125 0.04173524071222543 
21.226000000000003 0.07500732421875 0.006315485521554946 
17.330571428571428 0.1893837890625 0.010638730724096298 
16.02288095238095 0.25807006835937496 0.019915280171930783 
27.40957142857143 0.031777099609375 0.0017990444212555886 
16.054547619047618 0.27804492187499996 0.011534304691314695 
15.357880952380953 0.28873535156249996 0.04274462275028227 
17.70504761904762 0.20307958984375 0.005308328413009643 
