22.154476190476192 0.09790234375 0.012024327746391296 
23.846809523809526 0.07958593750000001 0.01243004835033417 
20.237142857142857 0.11850854492187499 0.012116070244848733 
20.79709523809524 0.15198046875 0.006394501377105713 
19.883809523809525 0.13155346679687502 0.012187874641478063 
25.062642857142855 0.08769921875 0.01112424387359619 
26.881761904761902 0.08351318359375 0.010603776746988296 
22.737809523809524 0.08568359374999998 0.013783416457176203 
22.397261904761905 0.143095703125 0.005860683937072754 
26.136642857142856 0.07957275390625 0.011272483116388319 
25.736809523809523 0.06522607421875001 0.015527263698816305 
27.128309523809527 0.08195556640624999 0.010475113540887829 
20.433023809523814 0.17627978515625 0.005191694204568863 
23.566690476190473 0.08803466796875001 0.011470721966028215 
23.316928571428573 0.11072900390625 0.007791048212289811 
21.623690476190475 0.1470732421875 0.005451145940780639 
24.934261904761904 0.10548876953125 0.00873591463303566 
22.969857142857144 0.13331933593749998 0.006387349556922913 
19.1415 0.20884106445312503 0.004998781075537207 
20.87647619047619 0.1794384765625 0.004564191246032715 
22.57145238095238 0.11239648437500001 0.00884149622344971 
21.610523809523812 0.10563232421874999 0.012077700797319412 
20.446976190476192 0.127961181640625 0.009605117674410342 
24.926809523809528 0.07006884765625002 0.013135141708612444 
21.50447619047619 0.127865234375 0.007552482937812806 
20.701785714285716 0.133387939453125 0.0085775734949708 
22.24254761904762 0.106642578125 0.010869701100349427 
23.90347619047619 0.09544677734375 0.010460648909807206 
19.520690476190477 0.130707275390625 0.016153622503340244 
19.95630952380953 0.12390405273437502 0.014203387966692446 
18.093333333333334 0.23325561523437505 0.007261866883337499 
22.779476190476196 0.0774912109375 0.01573752827072143 
20.44902380952381 0.15524365234374998 0.00552845372414589 
22.849642857142857 0.09466796875000001 0.01094798250198364 
22.30435714285714 0.11993017578125001 0.007832706356287002 
21.20102380952381 0.11355908203124998 0.010512963468790052 
18.313333333333336 0.22372534179687498 0.010936376445829867 
20.328357142857147 0.13707421874999998 0.008292655858039856 
23.872809523809526 0.07303857421875 0.014973437252283095 
21.77885714285714 0.0904326171875 0.01509045148468018 
21.41952380952381 0.09735302734375 0.013282950513124465 
25.90492857142857 0.10650732421875 0.008437385921716691 
21.756690476190478 0.11268066406250002 0.009380440750122072 
20.455190476190477 0.12469238281249999 0.01078359179973602 
20.975309523809525 0.10967749023437501 0.013309728577673435 
25.033595238095238 0.09821728515625001 0.009622609884500503 
25.464309523809526 0.07476074218749999 0.012389812421798704 
23.040976190476194 0.08673486328125 0.01258300423169136 
22.810857142857145 0.10467236328125 0.009910442378282546 
18.7695 0.2189501953125 0.006599494047164917 
19.52864285714286 0.18733081054687503 0.006049086482584478 
23.260261904761904 0.12228369140624999 0.007283381929636 
18.077 0.214820068359375 0.014820452640116217 
23.207642857142854 0.10557568359375 0.008833213641405106 
22.59642857142857 0.131541015625 0.0068493028030395505 
20.05033333333333 0.207724853515625 0.004870458479464054 
21.81645238095238 0.11865234375 0.008590198841094972 
19.97464285714286 0.12733276367187502 0.013126591888964182 
21.37802380952381 0.12911767578125 0.0074390500452518465 
19.113357142857144 0.17883544921875 0.00736886386990547 
22.345190476190474 0.090418701171875 0.014952747777998446 
22.946214285714284 0.09844580078125001 0.01003839674973488 
18.455023809523812 0.17243896484375 0.011520699187517164 
22.85397619047619 0.13302929687499998 0.006518485203742983 
20.85454761904762 0.14354833984374998 0.006429631147623062 
23.631142857142855 0.07974609375 0.012573774180412296 
19.82635714285714 0.17309765625 0.005567577076911926 
23.996928571428572 0.12260107421875002 0.006904736690759657 
22.562809523809527 0.12995410156249998 0.006885741487503053 
19.247023809523814 0.15421020507812502 0.01203539965301752 
26.450571428571426 0.063932861328125 0.01613547020727396 
23.72947619047619 0.07687377929687501 0.014414339689314364 
26.51380952380952 0.07488085937500001 0.01168105525112152 
27.089142857142853 0.07006884765625002 0.012720127656221391 
21.78669047619048 0.10058984375000002 0.012561939190864563 
23.45959523809524 0.1228828125 0.007198577147483826 
24.28780952380952 0.1014921875 0.009655074835777284 
25.169142857142855 0.0809619140625 0.012118630323410037 
21.739476190476193 0.11589453125 0.01016044877910614 
19.832809523809527 0.12550585937499997 0.01481379188632965 
21.39157142857143 0.10687329101562501 0.012448396916449073 
20.375357142857144 0.13834228515625 0.0077586666882038125 
21.472880952380955 0.11777587890625 0.008802794195413589 
20.287309523809526 0.158323974609375 0.0063954701867699635 
21.430309523809523 0.14757177734375 0.005722038493394852 
20.28778571428571 0.14577099609375 0.007163697221040726 
23.012738095238095 0.09165844726562503 0.012656961360037328 
19.303857142857144 0.187830078125 0.0055979399499893195 
23.043357142857143 0.08271777343750002 0.014424984251022335 
24.874309523809522 0.10888378906249999 0.007864745145797731 
23.631142857142855 0.08455810546875 0.011650128737688066 
24.1562619047619 0.11710449218749999 0.007207288084030153 
18.39169047619048 0.192195556640625 0.009395172836840155 
21.449880952380955 0.12364062500000002 0.008013357807159425 
20.104357142857143 0.141919921875 0.010448537081718447 
23.169976190476195 0.10558154296875 0.00884235669350624 
22.488404761904764 0.14051708984375 0.0061061266872882835 
25.636642857142856 0.09619775390625 0.009840395360231399 
18.898357142857144 0.17401464843749997 0.00998329762840271 
20.017166666666668 0.14392749023437498 0.009380070984423162 
26.762071428571424 0.09740380859375002 0.009347155905008314 
19.298357142857146 0.16821655273437502 0.008319606305658821 
22.14097619047619 0.12067626953124999 0.008193615061044695 
24.429142857142857 0.073330078125 0.013019010577201845 
24.87164285714286 0.1023203125 0.008826294178009035 
19.715380952380954 0.15912939453125 0.00819890839123726 
20.163642857142857 0.11856542968749999 0.01524234077835083 
21.19421428571429 0.12053906249999999 0.009813502980232236 
22.729904761904763 0.106598876953125 0.010259476442873477 
22.492404761904762 0.097987060546875 0.011218545688688759 
20.910690476190474 0.142091796875 0.007350336571693421 
20.869452380952378 0.15217333984375 0.0054940133354663846 
21.794785714285716 0.10644287109374999 0.011604351354837415 
19.823976190476195 0.16095751953125 0.007037808534860611 
20.556214285714287 0.12070263671874999 0.010840096814393999 
21.83597619047619 0.143375 0.0061349694480896 
25.967809523809525 0.084083984375 0.011235169154167174 
19.988357142857147 0.129091552734375 0.01097062523895502 
21.05702380952381 0.121826171875 0.008864363226890564 
19.30169047619048 0.139857421875 0.01238540555381775 
18.39169047619048 0.19089721679687505 0.009907907315790655 
25.16838095238095 0.06181713867187501 0.019308072075903418 
18.433976190476194 0.15171484375000002 0.030947035864830025 
26.1742380952381 0.08805419921875 0.01051467889904976 
24.372547619047616 0.10691064453124999 0.008687370500802993 
21.581142857142858 0.08449780273437499 0.01662760299211741 
21.576690476190475 0.13006005859375 0.006876049309015274 
23.75852380952381 0.10384130859375 0.009558449230432512 
19.646214285714287 0.1640927734375 0.006161709884643554 
17.621357142857143 0.20765185546875 0.01925116053795815 
21.386809523809525 0.09306591796875 0.015314009339571005 
18.680309523809527 0.155858154296875 0.013336737324297427 
23.51804761904762 0.09259326171875 0.011161162345170977 
17.482309523809526 0.20308129882812498 0.02243200536066294 
20.705809523809524 0.10702001953125002 0.01600074496769905 
25.011047619047623 0.09868652343749999 0.009668075351715088 
19.005690476190477 0.14603515625000002 0.020342125802040104 
19.056023809523815 0.156316650390625 0.00951252375370264 
18.51297619047619 0.17618408203125 0.009723423696756363 
22.746142857142857 0.078692626953125 0.016823822607100015 
21.05169047619048 0.129127197265625 0.008342212866842743 
24.816047619047616 0.07721728515625001 0.012199702369928362 
20.365690476190476 0.149355224609375 0.007060318537294864 
19.906880952380952 0.11590966796874999 0.015654751773118973 
25.985380952380957 0.07814208984375001 0.011781540695428848 
18.40497619047619 0.19074194335937497 0.009082536302149297 
19.03669047619048 0.15470019531249998 0.011988071161270144 
18.543309523809526 0.16213012695312498 0.021290935644209384 
19.273642857142857 0.13836743164062498 0.014597087879240508 
19.10002380952381 0.177278076171875 0.008197502081930636 
19.065309523809525 0.144306396484375 0.013061509638369082 
22.981380952380952 0.11199169921875 0.008077098619699477 
20.796142857142858 0.096950439453125 0.016790475233137606 
20.461880952380955 0.113087646484375 0.014013351500093937 
22.115380952380953 0.088572509765625 0.01598043744331598 
22.19054761904762 0.12409863281250003 0.0072570319423675535 
18.793357142857143 0.184333251953125 0.006730733092367649 
25.284238095238095 0.10139013671875 0.008790106563806535 
19.867809523809523 0.12526831054687498 0.014322498436510562 
22.599880952380953 0.10967578125000002 0.009578446951866151 
18.530309523809528 0.163838134765625 0.012386757050096984 
18.125976190476187 0.17120434570312498 0.02739134493356944 
20.961690476190476 0.139877685546875 0.007047405610620974 
21.137880952380954 0.118581298828125 0.011328872950613498 
22.576809523809526 0.08810693359375 0.013760571265459062 
25.788809523809523 0.0716728515625 0.012588728586196899 
19.42769047619048 0.15525854492187502 0.008415587792932989 
18.68830952380953 0.15078955078125 0.015213407569169996 
21.281714285714287 0.10877221679687499 0.01386789916092157 
20.510690476190476 0.154180908203125 0.005744249700605868 
23.240142857142857 0.07062207031250001 0.017214201532363884 
22.921380952380954 0.07719384765625 0.015243276190996169 
19.622023809523814 0.13981201171875 0.011555725427865978 
19.518142857142855 0.13456713867187503 0.018734785625994205 
19.87302380952381 0.15607373046875 0.0072332801077365835 
19.922880952380957 0.13068408203124998 0.012195346076250075 
22.520904761904763 0.1191416015625 0.008263571533203127 
20.30952380952381 0.127416015625 0.01015740518951416 
27.03121428571428 0.066740478515625 0.01533015661770105 
18.531285714285712 0.2110595703125 0.008212944121360779 
19.62152380952381 0.17747656250000002 0.005891968516349793 
22.630119047619043 0.13237890625 0.006702857173919677 
24.962547619047616 0.10221289062499998 0.009536553238868714 
21.13245238095238 0.096209228515625 0.01562732427603006 
19.862119047619043 0.14139794921874999 0.011064610152482987 
21.263809523809527 0.106915283203125 0.014592779454290866 
20.270119047619048 0.141439453125 0.008225854186058043 
20.417523809523814 0.130353515625 0.009536021939277651 
21.402142857142856 0.13775732421875 0.006317499313592911 
20.07152380952381 0.16196972656250003 0.0054131948909759515 
20.42138095238095 0.1974013671875 0.004255864614486694 
20.53404761904762 0.112872314453125 0.013344383157789705 
25.50292857142857 0.10916406250000002 0.007564374984741211 
23.63054761904762 0.091885009765625 0.011303903031885625 
27.055095238095237 0.09033251953125 0.010318493163347245 
20.719452380952383 0.13039208984375 0.007944755368471145 
21.981309523809525 0.09476489257812501 0.0130287600184083 
23.150547619047618 0.1163720703125 0.0074046975135803215 
23.79288095238095 0.0675224609375 0.01611991858100891 
24.427880952380953 0.077969482421875 0.013194658780157565 
23.12238095238095 0.083550048828125 0.013023996401369569 
25.326738095238095 0.1077392578125 0.008558773345947266 
19.426023809523805 0.16831689453125004 0.006262939000368119 
18.369285714285716 0.188955078125 0.019953245506286625 
23.301809523809528 0.069393798828125 0.017808692014276976 
22.837809523809522 0.07580981445312501 0.017288715927660465 
23.84288095238095 0.074454833984375 0.014883767731249328 
17.403785714285714 0.2908984375 0.06812326550960543 
21.57145238095238 0.17791210937500002 0.005107508221626282 
20.99085714285714 0.1729814453125 0.005263156105041503 
18.819523809523808 0.19458300781250001 0.005274818011283875 
19.335285714285714 0.20225390625 0.00526469822025299 
24.85392857142857 0.0920283203125 0.010411758304595948 
18.529952380952384 0.19758789062499998 0.008887142043113706 
23.229023809523813 0.1045986328125 0.009581456779479981 
24.78480952380952 0.064277099609375 0.01632100934559106 
25.50788095238095 0.07632470703125001 0.012295715160608293 
19.44802380952381 0.14835351562500002 0.009040777095794676 
19.98995238095238 0.18933642578125 0.00500751218533516 
20.169523809523813 0.1573857421875 0.0064303745613098155 
20.16152380952381 0.153234130859375 0.0072886488247513774 
18.131285714285717 0.22555664062499997 0.012559514689445498 
25.26959523809524 0.11392968750000002 0.007375574325561525 
19.449809523809524 0.14833813476562502 0.01027224701410532 
21.99180952380953 0.1108857421875 0.009830804496765133 
20.60952380952381 0.15176220703125 0.006698297002077101 
20.52752380952381 0.11606835937500001 0.0113825378408432 
18.91147619047619 0.162146728515625 0.009658080382406712 
