23.208714285714287 0.031708251953125 0.004039098591864109 
21.35252380952381 0.071418701171875 0.0031991665654778484 
24.065238095238094 0.050013183593749996 0.0018784352531433107 
22.385714285714286 0.046884033203124995 0.004002315478384495 
20.163000000000004 0.09382861328125 0.004435076210260393 
27.358761904761906 0.04039794921875 0.0016870034408569333 
18.48066666666667 0.15154736328124999 0.005954264108896255 
23.51604761904762 0.04702880859375 0.0026465418434143055 
26.18490476190476 0.053044921875000005 0.0013040941963195804 
19.059000000000005 0.12065380859375 0.008164126456737517 
22.947380952380954 0.06466943359374999 0.0018236867811679837 
22.411714285714286 0.06281616210937499 0.0025941022363305086 
25.641380952380956 0.0344462890625 0.0018874826881885535 
23.782238095238093 0.0405244140625 0.0025909103772640226 
21.87423809523809 0.07869946289062499 0.001927386720240116 
24.633904761904763 0.03244873046875 0.0025790535259246814 
19.173285714285715 0.127881103515625 0.003914769466459751 
19.10261904761905 0.14328564453124998 0.0019265065119266505 
20.535857142857143 0.119909912109375 0.0009549089699387552 
21.546333333333333 0.05999902343750001 0.005218230275154116 
20.008285714285716 0.11758496093750001 0.0019475178155899052 
21.941238095238095 0.07002001953124999 0.0023336928865909587 
23.087 0.035016601562500006 0.004915023728370669 
21.377523809523808 0.0836650390625 0.0024620880136489868 
21.3 0.06345703125 0.005228938617706299 
18.652333333333335 0.15506518554687498 0.003448844106256962 
22.771047619047618 0.040565185546875 0.0038569955745339406 
20.568714285714286 0.09328442382812499 0.0035244649267792707 
22.84638095238095 0.055385742187499996 0.0024811649179458622 
23.979571428571425 0.030912841796875 0.0033761596065163615 
20.667571428571428 0.13412451171875 0.0003572562553882599 
19.898333333333333 0.09835888671875 0.007545799001216889 
24.056047619047618 0.06791723632812499 0.000922754753172398 
21.002333333333333 0.073121337890625 0.0042537415781617165 
25.444523809523808 0.075052490234375 0.00010967941433191297 
21.75704761904762 0.090672119140625 0.0006862479091286659 
21.004333333333335 0.0855595703125 0.0035128634080886846 
21.86304761904762 0.06191357421875 0.003066703455209733 
20.525333333333332 0.077733642578125 0.007782661562025546 
19.695 0.10257373046875 0.005810286210536957 
21.704 0.05553540039062499 0.006868974630892276 
23.48938095238095 0.057316894531249996 0.0017794534063339234 
19.695 0.11876220703125 0.0038508892405033114 
20.902333333333335 0.07219506835937499 0.006583436453878879 
22.60004761904762 0.08029394531249999 0.0006351235284805297 
20.164333333333335 0.13403369140625002 0.000858932937145233 
18.579952380952385 0.14072607421875 0.008822609205484389 
19.602 0.122347900390625 0.002837404656469821 
22.681333333333335 0.03841162109375 0.005024655246973039 
22.19204761904762 0.07136181640625 0.0018443381903171542 
20.68166666666667 0.08034838867187499 0.005401778795778751 
25.003714285714288 0.06174291992187499 0.0012107706051468845 
28.538238095238093 0.065459716796875 0.0006515990210175514 
20.018000000000004 0.11447265625 0.002569239826202393 
18.92661904761905 0.145653564453125 0.0012034154058098792 
21.366333333333333 0.06529150390624999 0.0038817889120578777 
20.546857142857142 0.10986376953125002 0.001694918701410294 
25.07557142857143 0.041353759765625 0.0018652874103188516 
21.420380952380953 0.08901318359375 0.0015290030405521395 
19.394619047619052 0.15453466796875 0.0003791257956027985 
25.311714285714288 0.0249375 0.002534469989776613 
21.45438095238095 0.09753735351562501 0.0008072686696648594 
21.910333333333334 0.051772949218749996 0.004716140291452408 
19.394619047619052 0.136108154296875 0.0009021915751099592 
19.877000000000002 0.09829833984375 0.009359423701763155 
19.224285714285713 0.132434326171875 0.0031129526048302644 
19.215 0.12461669921875 0.006737095735073089 
21.897714285714283 0.056773681640625 0.004159061976969242 
25.330571428571428 0.024725830078125 0.003992694435179233 
22.711904761904762 0.073059814453125 0.0011041550398468972 
23.412714285714287 0.03912255859375001 0.0034897651770114902 
20.273333333333333 0.09024511718749999 0.005930875087022781 
25.98957142857143 0.0249375 0.002233259381294252 
20.403666666666666 0.08034838867187499 0.007437686159670354 
22.246571428571425 0.056589111328125 0.0030252921181321154 
18.591619047619048 0.14703247070312503 0.00470026657730341 
22.83104761904762 0.04797949218750001 0.0033310915079116828 
19.38761904761905 0.13557177734375 0.0019767604563236236 
20.19871428571429 0.14314599609375 0.0003587534060478211 
20.59133333333333 0.086435546875 0.004360369224548341 
19.21161904761905 0.1258447265625 0.00486621186375618 
18.454952380952385 0.14950732421875 0.00730747399663925 
21.20190476190476 0.111946533203125 0.0008422830534577369 
22.44066666666667 0.05572216796875 0.0036270390341281897 
19.125523809523806 0.15625781249999998 0.0011127235565185551 
22.31990476190476 0.085383056640625 0.0007023561959862707 
20.818333333333335 0.08247460937500001 0.0043474289741516105 
18.20361904761905 0.152782958984375 0.010523897450506685 
18.21033333333333 0.156963623046875 0.006715603621065616 
19.567 0.11122729492187503 0.0074879751945137974 
19.77471428571429 0.139996337890625 0.0005152413192391397 
21.238238095238096 0.08692749023437499 0.0017809923210740093 
18.203142857142858 0.184074462890625 0.0019551788669228552 
24.261571428571425 0.054087158203125006 0.0018651374798417091 
20.034952380952383 0.11310107421875001 0.0025863918325901036 
19.705333333333336 0.100495361328125 0.01221384444528818 
18.349809523809522 0.1742373046875 0.0014311462106704714 
21.93304761904762 0.10254785156249999 0.0004975703563690184 
22.723238095238095 0.0568837890625 0.002514948343276979 
21.21857142857143 0.09990771484375001 0.0015374181768894202 
21.492 0.0608623046875 0.005001514969825744 
17.979809523809525 0.18474633789062497 0.0028589495044350627 
20.978571428571428 0.1255654296875 0.0003270804920196535 
17.386238095238095 0.189800537109375 0.012408131856977941 
18.741285714285716 0.13203491210937499 0.013247463563978667 
20.034333333333333 0.092209716796875 0.006518858032763005 
19.910190476190476 0.13028881835937497 0.0009947272348999976 
18.843190476190475 0.137358642578125 0.0065526721220612524 
19.848619047619046 0.100145263671875 0.005622145110666753 
18.68766666666667 0.14608813476562502 0.005360899269640444 
18.23147619047619 0.154076416015625 0.008627557470858097 
20.59971428571429 0.128830322265625 0.00038910241180658336 
22.784190476190478 0.07996923828125 0.0006020621194839475 
18.981 0.12251440429687502 0.007206007843554019 
18.579809523809523 0.149030029296875 0.003647972920000553 
25.452238095238094 0.034234619140625 0.0018970406308770177 
22.065190476190473 0.05078100585937499 0.005339374893248082 
21.99919047619048 0.07931738281249999 0.0013807154157161716 
28.35590476190476 0.0376357421875 0.0017078271248340607 
20.717333333333336 0.07695336914062499 0.0064656797795891756 
26.911238095238094 0.025944580078125 0.001947430198729038 
24.829333333333334 0.06318969726562498 0.001241171924173832 
17.583333333333332 0.188217529296875 0.007499131870806215 
26.758238095238095 0.0501201171875 0.0013847112665176392 
17.889999999999997 0.17860034179687498 0.0039168055272698395 
19.25647619047619 0.1420419921875 0.0017703113439083104 
21.961190476190474 0.0516962890625 0.006882648420095441 
24.79057142857143 0.026205566406250002 0.002747586709022521 
20.63209523809524 0.10824951171875001 0.0015350853025913242 
24.63657142857143 0.045567871093750004 0.001837948192596436 
18.576952380952385 0.163412353515625 0.0029051843286156654 
18.02147619047619 0.17205493164062502 0.005383534276545048 
20.192571428571426 0.114068603515625 0.00173227826744318 
17.460761904761902 0.216631591796875 0.010422525303423403 
21.69990476190476 0.07694580078124999 0.002501449505090714 
17.759333333333334 0.178057373046875 0.0050645486093163486 
22.240047619047623 0.10733740234375 0.0004118370440006257 
22.75338095238095 0.0682373046875 0.001872971023321152 
23.62604761904762 0.07649047851562499 0.00028357979446649547 
17.567142857142855 0.219977294921875 0.0049749276519417745 
23.99323809523809 0.046337158203125 0.0025046258545517916 
22.601333333333336 0.04543408203125 0.004640910064935685 
19.84166666666667 0.10766577148437499 0.0045895017319321635 
19.814 0.124716796875 0.0024446793019771576 
21.59657142857143 0.115127197265625 0.0003086103587746621 
19.858666666666668 0.11400463867187498 0.00332359070545435 
23.168190476190475 0.036639404296875 0.004515315553247928 
19.726238095238095 0.134444091796875 0.001620245869219303 
20.31661904761905 0.09298779296875001 0.004200686456918717 
19.24266666666667 0.113379150390625 0.009384675269663332 
21.131333333333334 0.07235229492187499 0.005446609136164189 
19.783666666666665 0.09920776367187499 0.00881744067341089 
20.49866666666667 0.08954736328125 0.005413599653482437 
19.389333333333333 0.110112548828125 0.01186765755945444 
18.946999999999996 0.12207983398437498 0.013909135506689546 
19.395285714285713 0.11485571289062499 0.0060462197070717824 
17.567142857142855 0.224369873046875 0.003934086103975772 
21.294190476190476 0.079473876953125 0.0033431394997239113 
21.844190476190477 0.06678100585937499 0.0033664724436402323 
18.419809523809523 0.16649633789062498 0.001878516612589359 
20.057000000000002 0.105862548828125 0.0038826897597908985 
21.37033333333333 0.06347705078125 0.004744768097162249 
19.357047619047623 0.14427221679687502 0.0014289525013566025 
22.093 0.054550537109375005 0.004236808295786381 
18.26904761904762 0.176294189453125 0.004048890078604221 
20.474285714285717 0.123388671875 0.0007790934193134309 
20.935666666666666 0.077645751953125 0.003544148094713688 
21.316380952380953 0.08615771484375 0.002128267189025879 
20.075333333333337 0.107327392578125 0.0030084205127358437 
22.90190476190476 0.04983984375 0.002741010425329209 
24.847238095238094 0.033796630859374996 0.0023306943159699433 
27.27790476190476 0.026732666015625 0.001835573804438114 
23.621380952380953 0.04143261718750001 0.003076548421144486 
21.11514285714286 0.114677001953125 0.0007107372236847878 
24.603 0.0451728515625 0.0022718153772354126 
23.747333333333334 0.07698217773437499 0.00013539007955789558 
25.074571428571428 0.025425292968750002 0.0025923206768035897 
22.395333333333333 0.0461826171875 0.006154316071510315 
23.91557142857143 0.068960693359375 0.0012056480932831767 
20.071047619047622 0.125388671875 0.0016824076220989226 
18.78966666666667 0.13992041015624998 0.011013765611886977 
19.491714285714288 0.13224658203125 0.0026094062540531157 
21.873666666666665 0.08471044921875 0.0014451411428451535 
20.46866666666667 0.09872900390625 0.002031563940286637 
21.96909523809524 0.074485107421875 0.0022737847691178333 
19.118190476190474 0.158438720703125 0.0011491313806176189 
24.041238095238093 0.035589599609375 0.0027946108141541494 
18.26904761904762 0.16667700195312501 0.004651746924459934 
23.094 0.08107666015625 0.000256629295349121 
20.935666666666666 0.08772436523437499 0.002626618443071843 
20.443238095238094 0.112410400390625 0.0014363445020318035 
20.231 0.08885009765624999 0.0061518014836311335 
22.277047619047618 0.058716064453124994 0.002732347193300725 
23.92885714285714 0.031537841796875 0.003999315808355809 
23.053190476190473 0.038071533203125 0.005898807929098608 
21.90047619047619 0.09076025390625 0.0006790296461582182 
24.761714285714287 0.054877685546875 0.001726375864088535 
21.352238095238093 0.089301513671875 0.0013683571153283122 
23.938714285714287 0.061141357421875 0.0015972402396798133 
22.498714285714286 0.0504619140625 0.003425093842506409 
20.639380952380954 0.093879638671875 0.0025050208979249004 
18.33904761904762 0.18063623046875002 0.0016179842391014095 
24.99590476190476 0.074914306640625 0.0002521108585000039 
20.935809523809525 0.11902392578124998 0.00041529105758667006 
25.87557142857143 0.026432373046875002 0.0021438928294777873 
21.063666666666666 0.0723759765625 0.0041673937997818 
23.26657142857143 0.068458740234375 0.0012798476076722148 
19.52104761904762 0.12491308593749999 0.003195463723182678 
19.412000000000003 0.11414819335937501 0.00799058550411463 
23.077571428571428 0.076815673828125 0.0007049859381318092 
25.695238095238096 0.06778124999999999 0.00068594983792305 
21.808 0.054620117187500004 0.005332728852272034 
20.57166666666667 0.085702392578125 0.00488884783512354 
24.13171428571429 0.028441162109375 0.0033674404349923136 
18.96966666666667 0.13437939453125 0.007316077803134919 
19.932000000000002 0.11788208007812499 0.002393249484598637 
21.26666666666667 0.0713291015625 0.006908578257799149 
21.690095238095243 0.10538940429687502 0.0007064172354340554 
21.40804761904762 0.069005615234375 0.0034439632654786113 
19.06104761904762 0.143455810546875 0.0033484950485825537 
21.705380952380953 0.06731494140625 0.0025222095129489907 
22.486333333333334 0.0453056640625 0.006117374421119688 
21.341380952380952 0.07355712890625 0.002921288896799088 
20.94652380952381 0.09182958984374999 0.0019644392778873443 
20.159 0.09881298828125 0.005212796203851701 
22.395904761904763 0.064773681640625 0.0020840470171570777 
21.875333333333337 0.060732177734375004 0.004777500877916812 
23.024142857142856 0.059785644531249994 0.002004217769861221 
20.895714285714288 0.09868725585937499 0.0015492002416253089 
18.55404761904762 0.144751953125 0.008935025491952894 
25.42957142857143 0.023945556640624997 0.002327967010080815 
19.152142857142856 0.137908203125 0.006086115509033203 
26.80457142857143 0.044193359375000005 0.0015473848583698276 
22.859238095238094 0.05613061523437499 0.0023389771252274516 
21.934380952380952 0.082693603515625 0.001151013684332371 
20.77557142857143 0.084776611328125 0.005292276972830295 
24.96957142857143 0.032171630859375 0.0022953499737381937 
19.633666666666667 0.11069116210937499 0.004469936016142368 
21.834571428571426 0.06383837890625 0.003640759422540665 
20.82904761904762 0.10206176757812499 0.001358381201326847 
23.170904761904758 0.04568603515625001 0.0028436225473880777 
19.477333333333334 0.12179443359375 0.003863957248926162 
22.985714285714288 0.04193261718750001 0.003389905823707582 
22.320714285714285 0.07648022460937501 0.0011583935762047768 
28.394571428571425 0.038423828125 0.0016328127338886265 
23.803571428571427 0.07518652343749999 0.00016939015293121338 
22.794714285714285 0.06900415039062499 0.0015084558086991314 
20.65685714285714 0.1034921875 0.001814718250274658 
20.162 0.12844873046875 0.001219517933368683 
21.39938095238095 0.08530541992187499 0.001722560380041599 
22.487000000000002 0.04359960937500001 0.004944815086364745 
22.502714285714283 0.055697021484375 0.0029309926238656053 
26.667904761904758 0.026260009765624998 0.001906939530909061 
20.832666666666668 0.0929404296875 0.0019025644388198856 
24.786238095238094 0.026141845703125 0.0028497261477112767 
23.244238095238096 0.061872802734374996 0.001791068757116795 
22.499714285714287 0.06336572265625 0.0022976380064487463 
21.346238095238096 0.07189282226562499 0.005066150844156743 
24.51390476190476 0.051228759765625 0.0018408085227608686 
20.034000000000002 0.106115478515625 0.00537188192898035 
23.87890476190476 0.03398193359375 0.0030927682840824118 
20.108666666666668 0.10331884765624999 0.003441572904825211 
22.42604761904762 0.0703505859375 0.0015841109588146216 
27.84657142857143 0.05815747070312499 0.000966991453230381 
22.415571428571425 0.081177001953125 0.0005263808279633521 
23.745714285714286 0.05044702148437501 0.002492223115503788 
21.442333333333334 0.060490966796875004 0.006758881774485111 
20.784714285714287 0.0870263671875 0.0041958841359615315 
23.461047619047616 0.07826611328125 0.0002949688587188721 
24.386380952380954 0.06616259765624999 0.0009035157797336581 
22.316 0.04993847656250001 0.004568158417701724 
22.66704761904762 0.049832031250000006 0.0034277381858825694 
24.000238095238096 0.0405244140625 0.002444205131292343 
24.84057142857143 0.06036181640624999 0.0013803193781375884 
23.979571428571425 0.028928955078125002 0.0034555208874344837 
23.507714285714286 0.06958642578124999 0.0007637807407379152 
21.816047619047616 0.090007568359375 0.0007359681873917576 
26.198238095238093 0.06465283203124998 0.0006717326185703277 
20.512666666666668 0.1116396484375 0.001340781792640687 
21.244 0.07186669921875 0.005762718023300169 
26.2492380952381 0.07241625976562499 0.0003599052882790565 
21.360333333333333 0.091750732421875 0.0011661708503365518 
22.03904761904762 0.07664233398437499 0.00158275665050745 
20.692714285714285 0.08885009765624999 0.0027244288277626038 
21.983 0.06272607421875001 0.0030376415839195254 
19.694000000000003 0.1315224609375 0.002682400481939316 
21.493333333333332 0.103227783203125 0.0007622569232583046 
22.894380952380953 0.08788403320312499 0.0003728540731072426 
20.94271428571429 0.087062744140625 0.0025024797540307044 
22.12090476190476 0.05761621093749999 0.0036044764938354492 
24.856238095238098 0.04148388671875 0.0019282681331634522 
23.648904761904763 0.06402148437499999 0.0012630781135559081 
21.48504761904762 0.07454418945312499 0.002578806176245213 
23.555714285714288 0.040925537109375 0.003161069741785527 
22.99904761904762 0.07664233398437499 0.0009416459322571754 
25.786238095238097 0.052995849609375 0.0015466699629426 
21.121047619047623 0.080006103515625 0.0027863470998406416 
21.39471428571429 0.07284643554687499 0.002901824284136296 
23.71290476190476 0.057067626953125006 0.0017682846098542216 
23.519571428571428 0.035171142578125 0.003445045106947423 
