15.216309523809523 0.272260986328125 0.07604217790418863 
15.873642857142855 0.23062084960937498 0.039551387085974214 
15.873642857142855 0.27096704101562497 0.03443113521629572 
15.944785714285711 0.285513427734375 0.026248870890200136 
16.355642857142858 0.20841772460937502 0.03842597525650263 
16.38945238095238 0.229258544921875 0.031401056160986415 
16.32445238095238 0.23471020507812498 0.021688815167009833 
16.51011904761905 0.252731689453125 0.015257868311941628 
16.81980952380952 0.179872802734375 0.0339273949008584 
16.781642857142856 0.193863525390625 0.027227395505011086 
16.87964285714286 0.2152529296875 0.02059871514225006 
16.836785714285714 0.2235595703125 0.01384636363983154 
17.40147619047619 0.17841625976562503 0.02750463297849894 
17.60630952380952 0.19592602539062498 0.020906473527014253 
17.633642857142856 0.21602905273437498 0.013221640230715277 
17.5665 0.226611328125 0.008393273940086363 
18.385238095238094 0.147917236328125 0.043221377122938644 
18.22347619047619 0.155547119140625 0.035318644087851056 
17.855476190476192 0.157890380859375 0.026112974339067934 
17.948809523809526 0.17394189453125003 0.018954464783906933 
18.392119047619047 0.21083813476562502 0.0066967362380623814 
18.584809523809525 0.16077270507812502 0.018934951187670232 
19.089285714285715 0.209768798828125 0.0060680132890343665 
19.020142857142858 0.147449462890625 0.01849595015054941 
19.014976190476194 0.15931225585937503 0.012473743839323518 
19.30052380952381 0.180777587890625 0.005081435181200504 
19.46014285714286 0.120430419921875 0.02538158160454035 
19.640642857142858 0.13448583984374998 0.018816919031381604 
19.77511904761905 0.14810205078125 0.011966483640909195 
19.852190476190476 0.17013403320312498 0.005617865593969822 
19.696809523809524 0.11688476562500001 0.017719042468070982 
20.161357142857145 0.136273193359375 0.012067334765493869 
21.11185714285714 0.163942138671875 0.005982499244272707 
20.223642857142856 0.10527880859375001 0.017278491937875746 
21.551500000000004 0.12942041015625 0.012442938547372818 
21.836357142857143 0.148517333984375 0.006812796983778476 
21.10047619047619 0.089884765625 0.022178720532417293 
21.23621428571429 0.09850317382812498 0.01858088018471003 
21.716857142857144 0.13290844726562498 0.007294855802118777 
21.636142857142858 0.087861083984375 0.017736101525366296 
23.584714285714288 0.10663867187500001 0.013356684590339663 
22.833285714285715 0.11425415039062499 0.008925658089220521 
22.517309523809523 0.07399780273437499 0.018176269206106658 
24.43004761904762 0.094168212890625 0.013516947083532807 
23.809809523809527 0.07208496093750001 0.017990320501327515 
24.730047619047618 0.07873071289062501 0.013539315810739994 
26.40004761904762 0.06709912109375 0.01370370179390907 
15.014642857142857 0.289764404296875 0.07684466055542231 
14.983523809523811 0.29811938476562505 0.05226094873672724 
15.484738095238095 0.22908544921875001 0.04897064387822151 
15.782404761904761 0.26158569335937504 0.041477007504999636 
15.607452380952381 0.27425170898437506 0.03336029640585185 
16.319119047619047 0.25766088867187503 0.02323773492866755 
16.217452380952377 0.26625146484375 0.013711675443887711 
16.621976190476186 0.21627246093750002 0.029340528284072874 
16.773642857142857 0.21174169921875002 0.021605214934587474 
16.690785714285717 0.278303466796875 0.010437992895185945 
17.268642857142858 0.178123779296875 0.04678697060495616 
17.307452380952384 0.23961499023437502 0.010359276354372502 
17.72530952380952 0.16807861328125 0.037947308307886125 
17.670142857142856 0.18465380859375 0.020440959708452222 
17.733642857142858 0.210210205078125 0.014720972312033172 
18.10830952380952 0.185406982421875 0.012601067805349827 
18.26047619047619 0.20797387695312497 0.00734544949108362 
18.76014285714286 0.167807373046875 0.012776160114347934 
18.88366666666667 0.19936303710937503 0.008441369040548801 
19.253309523809524 0.1453046875 0.021693570376396187 
19.14847619047619 0.15871826171874998 0.013895800668001173 
19.796714285714284 0.17021606445312498 0.007375642441809176 
20.66747619047619 0.09890527343750001 0.019372737297058105 
21.02264285714286 0.11812670898437501 0.013664429419100284 
21.545476190476194 0.082579345703125 0.021035355123579506 
22.400309523809522 0.1064716796875 0.014926406351089477 
22.777809523809523 0.0692958984375 0.021458655709266673 
23.299309523809523 0.09231518554687501 0.01633730896955728 
23.85107142857143 0.073221923828125 0.015309884548246855 
14.857857142857142 0.294971435546875 0.058882280242502694 
14.96511904761905 0.31824560546875 0.045808891110658646 
15.077619047619049 0.317258056640625 0.03271702758604288 
15.602619047619049 0.27015063476562506 0.041685487828314306 
15.509190476190478 0.29611303710937503 0.033512268434107303 
15.760952380952384 0.3075693359375 0.02278730062866211 
16.26011904761905 0.26133325195312496 0.03234737663322688 
16.009523809523806 0.263739990234375 0.022958296850264074 
16.16695238095238 0.293365478515625 0.016030895060598852 
16.826452380952382 0.25250756835937505 0.021552329650461676 
18.097357142857145 0.15453759765625 0.054972941503763195 
17.611738095238096 0.1936376953125 0.021280039176940914 
17.842214285714288 0.21150927734375005 0.012550282656908034 
18.026785714285715 0.20601269531250002 0.009013046337127687 
19.201857142857143 0.20345190429687504 0.007989092701017856 
20.988476190476188 0.15145019531249998 0.007515334644317624 
21.12907142857143 0.11907739257812502 0.013386615350782874 
21.592309523809522 0.1483642578125 0.00791500732421875 
22.312404761904766 0.10828564453125 0.01323566834187508 
21.947309523809523 0.1292744140625 0.009872053528785705 
22.48130952380952 0.080701904296875 0.019166018377840516 
22.696404761904766 0.093944091796875 0.014665994535982612 
23.874071428571433 0.07676416015625001 0.014896332154512406 
14.83552380952381 0.40070776367187494 0.08056503054672479 
15.35309523809524 0.33413671875000006 0.032099792632102976 
16.460476190476193 0.219087646484375 0.03542201036220789 
16.40414285714286 0.23063061523437503 0.028561775667726996 
17.01345238095238 0.2104248046875 0.026633412408828737 
17.548142857142857 0.15688110351562498 0.04018008561521769 
17.42997619047619 0.17182568359375 0.033104015218973167 
17.907690476190474 0.18874951171875 0.02024475124573708 
18.00785714285714 0.21035205078125002 0.01438205684876442 
18.524142857142856 0.136800537109375 0.032700300571024424 
18.44538095238095 0.15435229492187502 0.02587637522226572 
18.252142857142857 0.16538818359375002 0.01942011028885841 
18.940880952380947 0.14053735351562502 0.027078217275679106 
18.595642857142856 0.14871728515625002 0.01941978209519386 
18.86135714285714 0.174937255859375 0.009192696905195712 
19.434809523809527 0.138231689453125 0.019433188426554202 
19.448690476190475 0.151787109375 0.0134601585149765 
19.600214285714287 0.165267333984375 0.010350009626448154 
19.923142857142857 0.13666259765625 0.013938312059640884 
20.353714285714286 0.15529931640625 0.008407868132829666 
20.92364285714286 0.12212451171875001 0.014240486857652663 
21.855714285714285 0.11006079101562502 0.014599653568804261 
22.359309523809525 0.07267138671875 0.02113242497181893 
23.89038095238095 0.12429833984375001 0.00855667492890358 
23.39388095238095 0.06701513671875 0.02039842239403725 
24.929214285714284 0.10807080078125 0.008724707166910175 
24.628071428571428 0.06524169921874999 0.015901218553781505 
26.460047619047618 0.08135009765625 0.011020446425676343 
