15.42459523809524 0.34798779296875 0.08378188173508641 
15.177928571428575 0.37125439453125 0.07242235650157927 
16.33459523809524 0.27726171875 0.07436130306029316 
17.974071428571428 0.20033886718750002 0.013573898454666136 
18.742261904761904 0.14585693359375 0.028059572330713267 
18.267976190476194 0.19077368164062497 0.0021574985175728794 
19.514476190476188 0.13094384765624997 0.028876351574897756 
19.05945238095238 0.13914208984374998 0.020665876592636103 
20.034952380952383 0.14007177734375 0.006668728984832761 
20.30278571428571 0.157602783203125 0.0009413166552186015 
22.067285714285713 0.10099291992187501 0.0016003207374215129 
23.294904761904757 0.04320556640624999 0.00584800452709198 
24.34390476190476 0.03773730468750001 0.002620996819496156 
24.97790476190476 0.0252529296875 0.0026280924310684217 
16.03692857142857 0.28947460937499997 0.06089084092712401 
15.700547619047617 0.295036865234375 0.03175635729128122 
16.16188095238095 0.281088134765625 0.023760064394533632 
16.2695 0.313655029296875 0.012958417296946042 
16.72702380952381 0.241931640625 0.014654952478170395 
16.86397619047619 0.26865258789062496 0.008833268132746215 
17.16511904761905 0.206837646484375 0.005910816021025179 
17.381785714285716 0.22532812500000002 0.002753476808309555 
18.261214285714285 0.186449951171875 0.014333137660562986 
17.82864285714286 0.221311279296875 0.0011233881335854527 
18.764428571428574 0.16597924804687497 0.013319079087316988 
18.486809523809523 0.20501147460937502 0.0012409898329377173 
19.05597619047619 0.16376269531249998 0.007908429485321045 
18.856309523809525 0.18779663085937498 0.000810335482656956 
19.782 0.132299560546875 0.013759614501535894 
19.541095238095238 0.141931640625 0.007999413543701173 
20.631190476190476 0.09050341796874999 0.013420857721328736 
21.353809523809524 0.10764501953125001 0.002580591221094132 
22.74752380952381 0.101020263671875 0.0012611876969933513 
22.608857142857143 0.056817138671875 0.00776177207714319 
22.245809523809523 0.080554443359375 0.0016336356764435774 
23.360714285714288 0.040879882812500004 0.005926465351819991 
23.595142857142857 0.06414794921875 0.002490314869880676 
23.729380952380954 0.032778564453125006 0.004300918038427834 
23.49952380952381 0.045612792968749996 0.0035941870784759523 
24.926238095238094 0.025425292968750002 0.0029179662249088295 
15.277499999999998 0.35361791992187497 0.0667176585202813 
15.24154761904762 0.39504931640624996 0.054579713200092306 
15.91559523809524 0.311986083984375 0.02447513940960168 
16.01654761904762 0.29421337890624993 0.015531267651081083 
16.500500000000002 0.24846264648437502 0.020873926086485386 
16.452142857142857 0.284906005859375 0.014975864805281161 
16.66357142857143 0.302862548828125 0.008019616128504273 
17.898999999999997 0.210865234375 0.000955167804002762 
18.437547619047617 0.174990234375 0.01164880597233772 
18.52602380952381 0.20316040039062502 0.0021086178126931187 
19.086357142857146 0.14746337890625 0.011993899471759792 
18.742333333333335 0.16746875 0.00130243870472908 
19.438 0.15842382812500003 0.0014820012333393092 
20.12095238095238 0.107005126953125 0.005808599312365055 
21.062190476190473 0.14605224609374998 0.0017191318964958186 
21.109523809523807 0.11226171875000002 0.001317361703157425 
21.417333333333335 0.07318676757812499 0.006282335536539554 
21.967428571428574 0.10550439453125 0.001075082353591919 
21.793666666666667 0.082028564453125 0.001751438575327396 
23.333857142857145 0.07090502929687499 0.0018121047068238257 
23.55004761904762 0.04061328125000001 0.0031603555259704596 
24.25004761904762 0.027724609375000004 0.003245819778442383 
16.678761904761906 0.22169970703125 0.023214263812065122 
16.39847619047619 0.25638696289062496 0.016552046108782283 
17.212095238095237 0.19135595703124997 0.02000251709842682 
17.05495238095238 0.21906396484374996 0.013794173946619031 
16.935142857142857 0.2373369140625 0.007735003778696059 
17.053761904761906 0.255366943359375 0.0036634880829453467 
17.76942857142857 0.188053955078125 0.03367100046926736 
17.60214285714286 0.242932373046875 0.0019099027543663977 
18.095095238095237 0.17938232421875 0.02468465502738952 
18.014285714285712 0.192654541015625 0.016248919200956814 
17.794428571428575 0.20272143554687502 0.0072314948869347554 
18.735261904761906 0.16914208984374998 0.02568877369904517 
18.40504761904762 0.17926660156250002 0.015443306896924972 
18.081333333333337 0.20846069335937498 0.001219027403891087 
19.080761904761903 0.150127685546875 0.014859074330389499 
19.533285714285714 0.1346357421875 0.01592323992705345 
19.71204761904762 0.134584716796875 0.00756329589897394 
20.040142857142857 0.147286865234375 0.0016139584255814548 
20.895190476190475 0.137599609375 0.0019687117645740505 
21.163809523809523 0.10069189453125 0.008018876686334612 
23.341476190476193 0.05543359375000001 0.005481207775115968 
23.563190476190478 0.044591552734375 0.0029220955563187606 
24.13171428571429 0.028441162109375 0.0033674404349923136 
