27.473571428571425 0.027031738281250002 0.0018264634928703307 
27.56357142857143 0.038840087890625 0.0016172167521119121 
24.133238095238095 0.044506591796875 0.0019566146999001515 
26.15957142857143 0.025425292968750002 0.0019712432596683503 
26.44557142857143 0.024725830078125 0.002096284570753574 
25.571571428571428 0.0628017578125 0.0007693991556167603 
23.39033333333333 0.063873779296875 0.0012356382012963295 
22.308238095238096 0.069573486328125 0.0017839489079117775 
27.51957142857143 0.045082275390625 0.0014830066729187962 
26.33490476190476 0.064109130859375 0.0006092108493447304 
27.778238095238095 0.051324462890625 0.001270866784155369 
27.50319047619048 0.058568359375000004 0.0009481518259048464 
22.998238095238094 0.05323559570312499 0.0021533543158173563 
26.113238095238096 0.0503173828125 0.0013529091751575471 
24.422238095238093 0.052180908203125 0.0013423570538163188 
22.249904761904766 0.056739257812499985 0.002698808082580566 
24.920571428571428 0.06905688476562499 0.0003559612107872962 
23.72133333333333 0.07495703125 0.0003355845143795014 
21.393523809523806 0.077818115234375 0.0025201626968979836 
23.88490476190476 0.028520019531250003 0.0033813894388675693 
24.523904761904763 0.026033203125000005 0.002995392547607422 
21.101380952380953 0.090556396484375 0.001655811002790928 
24.97557142857143 0.024725830078125 0.0026398799610733983 
25.259571428571427 0.023945556640625 0.0025396708303093915 
22.681333333333335 0.03841162109375 0.005024655246973039 
21.431333333333335 0.059447265625 0.0067749572982788095 
22.803000000000004 0.035796875000000006 0.005150322650909425 
19.86604761904762 0.12588671875000002 0.0017022835121154785 
23.411571428571428 0.030716308593750002 0.0038148605444431314 
21.844190476190477 0.060827880859374996 0.0034604289179444316 
23.56371428571429 0.030228515625000008 0.0037110866394042957 
20.785666666666664 0.07943310546875 0.00391095483994484 
24.69157142857143 0.02573291015625 0.0027854175386428834 
22.439 0.04203906250000001 0.005054105182647704 
19.940238095238094 0.142006591796875 0.0010656038027405733 
24.168904761904763 0.027512939453125003 0.0032116612864136695 
21.279333333333334 0.060362548828124994 0.009191146873533725 
23.68204761904762 0.029511962890625004 0.0035664127879738807 
24.23990476190476 0.027040283203125005 0.003138296866476535 
21.035809523809526 0.11281909179687499 0.0008715684724450113 
23.208714285714287 0.031708251953125 0.004039098591864109 
22.098333333333336 0.047001220703125 0.008840418534338474 
21.734333333333336 0.053243408203124995 0.008604321812689298 
21.971000000000004 0.049196533203125 0.007316587613165377 
22.566333333333336 0.03984375 0.006546510334014891 
23.005857142857145 0.034804931640625 0.004853082318842414 
20.665666666666667 0.07546166992187499 0.007987987614214417 
22.226333333333336 0.04553076171875 0.004933879251718523 
20.772476190476194 0.1193115234375 0.0009937100064754485 
19.843714285714288 0.11292822265625 0.0036070574059486383 
19.897 0.096099365234375 0.006631156363546847 
21.643333333333334 0.054120361328125 0.008627341404020782 
19.45966666666667 0.112154052734375 0.007600714068472385 
20.41766666666667 0.104610107421875 0.002003576889097691 
19.95133333333333 0.091961181640625 0.011231261594355106 
19.165666666666667 0.122551513671875 0.006283021803438663 
21.880000000000003 0.05007348632812499 0.007346705043852329 
19.279333333333334 0.11759594726562499 0.009414872295916078 
20.96333333333333 0.066604736328125 0.008788242321074006 
20.84166666666667 0.06921948242187499 0.00850146544700861 
22.335 0.042954345703124994 0.007502161629736426 
19.605000000000004 0.104289794921875 0.007530280819475649 
19.723000000000003 0.10325561523437501 0.007223842906057834 
19.574333333333335 0.105815185546875 0.008843163857996463 
20.235333333333333 0.08636547851562501 0.007832057879030706 
19.105047619047618 0.15604052734375 0.0019147196123600007 
20.319333333333333 0.083904541015625 0.00908576009994745 
20.013666666666666 0.08911401367187499 0.009309418497622015 
18.93638095238095 0.139627197265625 0.0038903848720192903 
18.558 0.159091064453125 0.008858906321585178 
21.157666666666668 0.062977294921875 0.008937013470232489 
21.516000000000002 0.05631567382812499 0.007961033218443393 
21.178333333333335 0.06607177734375 0.00495862264275551 
18.98166666666667 0.1373310546875 0.005442081525087355 
19.705428571428573 0.1241455078125 0.0027342057454586024 
20.317666666666668 0.08659057617187499 0.005638143736422061 
20.473666666666666 0.07727612304687499 0.007970297582209109 
19.17366666666667 0.11920361328125 0.00864831076478958 
19.003714285714288 0.159268798828125 0.002919526888430117 
22.009666666666668 0.05264990234375 0.0047417389299869534 
19.70921428571429 0.13888134765625 0.001680451586008072 
18.716380952380952 0.14998535156249998 0.0031093467295169827 
18.680666666666667 0.14436791992187498 0.005580619617044926 
19.88471428571429 0.102595947265625 0.006161003005564212 
20.59366666666667 0.08748974609375 0.0032152119944095616 
25.162238095238095 0.03969653320312501 0.0017100913906693462 
27.954666666666668 0.063503173828125 0.0007350103693604469 
23.010380952380956 0.05768359375 0.0019197229156494148 
26.339809523809528 0.025425292968749996 0.0019647081491947173 
23.870238095238097 0.07609692382812498 0.0002490287495255469 
26.339809523809528 0.024835449218749996 0.002074282570123672 
22.37304761904762 0.05148901367187499 0.0031480638175606724 
22.64090476190476 0.082538818359375 0.0004897815161347389 
27.042238095238094 0.045925781250000006 0.0014957706711292266 
26.024904761904764 0.05216796875 0.001273312112092972 
23.679238095238095 0.045513671875 0.002224024398565292 
22.123 0.04828125000000001 0.0048799579048156745 
20.877714285714287 0.09695678710937498 0.0013230730667710307 
26.548238095238094 0.06428149414062498 0.0005937581658959391 
21.641380952380953 0.068322021484375 0.002660270209372044 
20.307333333333336 0.09047070312500001 0.006541351905822755 
21.471380952380954 0.07537158203125 0.0019683911976814267 
23.209238095238096 0.07874096679687499 0.0002619274783730507 
20.402333333333335 0.08596630859375001 0.006897641155481339 
21.23966666666667 0.06513427734375 0.004939355369806291 
23.82690476190476 0.07737084960937499 0.0002042109351754189 
20.40966666666667 0.09217138671875 0.003223122930765152 
22.02490476190476 0.09501806640625 0.0006558459916114807 
20.109 0.09642529296875 0.006083913786172867 
20.288000000000004 0.10650732421875002 0.0018428763105869292 
19.806000000000004 0.13284619140625004 0.0013832858965396881 
18.17209523809524 0.16865234375 0.012194153033494946 
20.718333333333334 0.07790966796875001 0.006563015196084976 
19.879 0.10020458984375 0.008093170120477677 
20.282285714285713 0.13168823242187502 0.0007913440385460856 
20.18566666666667 0.09308544921875 0.006129768144845963 
18.631238095238096 0.191840576171875 0.001845165331900119 
24.807904761904762 0.0252529296875 0.002897223633766176 
20.009666666666668 0.09854736328125 0.005182182441949845 
21.668 0.055400390625000004 0.005537435569763185 
22.348000000000003 0.042916015625000005 0.005096776145935057 
25.58814285714286 0.023945556640624997 0.0023003027134537697 
18.296952380952384 0.17976684570312498 0.0053573890939354885 
21.484 0.0608623046875 0.005036170083045959 
21.546333333333333 0.058015136718750006 0.005309251734018327 
18.60361904761905 0.1831748046875 0.0029721516504287717 
18.62066666666667 0.16102099609374998 0.006622356064081189 
20.555666666666667 0.08124755859375 0.006031801220178605 
19.020285714285716 0.17344604492187501 0.0011991258707642553 
18.171238095238095 0.187702392578125 0.005721707416117189 
21.086333333333336 0.06985302734375001 0.005196918937921525 
19.499952380952383 0.130059814453125 0.0032552622523903847 
19.420952380952382 0.15830541992187502 0.0002273248272538185 
21.862333333333332 0.051772949218749996 0.0056049205038547515 
19.869666666666667 0.10963989257812501 0.0037163974824547764 
17.943738095238096 0.20927416992187498 0.004193889260351656 
19.331904761904763 0.149039794921875 0.001064756612837315 
21.3 0.06345703125 0.005228938617706299 
19.333285714285715 0.11895434570312502 0.00931396873241663 
18.756952380952384 0.185465576171875 0.0015026676560044288 
19.499952380952383 0.11757543945312499 0.0055675355296731 
19.111238095238097 0.172483154296875 0.001102130463659763 
22.032 0.04915820312500001 0.004911680656433106 
19.039952380952382 0.129413330078125 0.009115937464296817 
18.210428571428572 0.164180419921875 0.016259113738596433 
19.206000000000003 0.166400390625 0.0004509822120666505 
20.832 0.07061450195312499 0.007184824080526829 
26.548238095238094 0.05803930664062499 0.0009676584916710853 
19.07042857142857 0.126889892578125 0.013319400220453737 
18.72761904761905 0.16548095703125001 0.0029981038153171534 
27.257238095238097 0.045082275390625 0.0014862197232842443 
25.684571428571427 0.023945556640624997 0.002294123821794987 
26.854571428571425 0.026141845703125 0.0018747811365723607 
26.974571428571426 0.027031738281250002 0.001830540021419525 
24.23652380952381 0.07441528320312499 0.0001960425320267677 
26.272238095238095 0.071701904296875 0.00010140106016397477 
24.422238095238093 0.064665283203125 0.0006629034786820412 
25.692238095238093 0.07171484375 0.00014614035034179687 
22.93204761904762 0.04917456054687501 0.0027049155526757246 
27.07257142857143 0.03261083984375 0.001729061657428741 
22.751 0.081015869140625 0.00043516814285516747 
22.48052380952381 0.08222021484375 0.0005407645037174224 
26.77057142857143 0.069851318359375 0.00023995079809427275 
21.984 0.04915820312500001 0.00580046086883545 
20.630714285714284 0.12174267578125 0.0010495091555118561 
22.358857142857143 0.0848349609375 0.0005955886306762695 
23.128714285714288 0.056967041015625 0.00182557722812891 
22.953857142857142 0.08002392578124999 0.00036780245041847235 
21.214333333333336 0.080842529296875 0.0023277423196434973 
20.846333333333334 0.096955810546875 0.0017668380551934242 
21.669333333333334 0.07372338867187499 0.002032516980707646 
26.8432380952381 0.051324462890625 0.001274079834520817 
21.002333333333333 0.07153369140625 0.004306129648447036 
23.405523809523807 0.078716552734375 0.0002796795702576638 
19.972619047619048 0.10014526367187501 0.004616323882639408 
21.262142857142855 0.124894287109375 0.0006517240524888038 
20.534333333333333 0.07869116210937499 0.0061463981943726525 
25.7872380952381 0.056559570312499995 0.0010754122421741488 
19.175 0.142709228515625 0.0032320282388329504 
20.250333333333334 0.085067138671875 0.008312012011110783 
21.2 0.06255786132812499 0.007608651371061803 
20.71033333333333 0.073229248046875 0.006877078168451786 
20.447476190476188 0.08116479492187499 0.007560283032000063 
21.394333333333332 0.058930419921875 0.007728062916338442 
23.08704761904762 0.034322998046875 0.003934812610208991 
22.63204761904762 0.041442138671874997 0.0039022515798211093 
19.45357142857143 0.11853979492187501 0.004613789582788944 
21.758333333333333 0.052688232421874995 0.00714637821251154 
21.026333333333334 0.066987060546875 0.0073626856094002715 
19.334142857142858 0.11438549804687499 0.012246802294313908 
23.88152380952381 0.07589501953125 0.0002460338487625122 
19.053 0.154140869140625 0.002567475834429264 
19.543 0.134652587890625 0.0025330399203896516 
22.213333333333335 0.045569091796874996 0.007339064288675786 
21.79804761904762 0.09046435546875 0.0008872260961532591 
19.67147619047619 0.10105932617187499 0.010777567244112492 
21.078333333333333 0.065172607421875 0.007343037598192692 
20.618333333333332 0.077010498046875 0.007061246091425419 
19.72566666666667 0.103890380859375 0.006249980491697789 
20.13147619047619 0.08922143554687499 0.007842458215296267 
20.011000000000003 0.1274951171875 0.0016055515909194945 
18.869 0.161163330078125 0.00281006657987833 
19.80347619047619 0.09924487304687499 0.013350154378473759 
22.047047619047625 0.05773120117187499 0.002855939805567264 
19.085761904761902 0.121479248046875 0.013386165814936162 
21.849333333333334 0.05181127929687499 0.007120846801340582 
19.094809523809523 0.120662841796875 0.011191564303934573 
19.890333333333334 0.09677124023437499 0.009156210340559483 
19.934333333333335 0.093123779296875 0.008531307632029058 
18.858261904761903 0.133317138671875 0.014934669420778748 
19.574333333333335 0.105608154296875 0.009313269630014895 
27.78457142857143 0.026260009765624998 0.0018707441931366917 
26.993761904761907 0.046627197265625 0.00149316009670496 
26.65909523809524 0.07159594726562499 9.987214809656144e-05 
27.525095238095236 0.05286938476562499 0.001261732823908329 
24.89109523809524 0.077702392578125 8.429131323099137e-05 
21.77304761904762 0.06918994140625 0.0025059430334568025 
22.704904761904764 0.063116455078125 0.0019386356368660922 
26.096476190476192 0.025252929687499998 0.001993201869964601 
24.029571428571426 0.048725830078125004 0.0018694155054688453 
25.422238095238093 0.0503173828125 0.0014023228311538696 
22.76985714285714 0.082391845703125 0.0003862409735321998 
26.142238095238092 0.05841015625 0.0009785880432128904 
26.65909523809524 0.06535375976562499 0.0005650888496041298 
23.678523809523806 0.079701416015625 0.00015561096435785291 
26.4542380952381 0.033454345703125006 0.0017533211379647255 
23.862523809523807 0.0786943359375 0.00011069042301177975 
21.485333333333337 0.08962695312499999 0.0011221949920654302 
26.561095238095238 0.0742177734375 6.993042850494385e-05 
24.238238095238096 0.067287109375 0.000631400562286377 
22.174857142857142 0.087202880859375 0.0005812802029252053 
22.130000000000003 0.049965576171875005 0.004718370969831945 
21.002333333333333 0.074935791015625 0.004244544391691686 
22.529857142857143 0.08572314453124999 0.00047666363930702214 
23.96604761904762 0.028504882812500004 0.0033787032403945925 
19.674952380952384 0.12309130859375002 0.002902263053417205 
23.025190476190474 0.0837958984375 0.00027330799078941344 
21.176333333333332 0.06597998046875 0.00712386871480942 
20.480666666666664 0.12618212890625 0.0008524333975315093 
20.318952380952382 0.109691650390625 0.0017105063295960426 
19.038571428571426 0.13364697265625 0.004877527788639068 
23.087000000000003 0.034789794921875006 0.004848683727324009 
20.939666666666668 0.07002685546875 0.008194251344203946 
20.074333333333335 0.09393115234374999 0.007261183475017548 
19.05461904761905 0.12873583984374998 0.012216821254253387 
19.173238095238098 0.14374169921875 0.002609423963069916 
22.723000000000003 0.04103198242187501 0.0047650390244126355 
23.49271428571429 0.030701171875 0.0038115759429931673 
20.613666666666667 0.07808349609375 0.007650074050426484 
21.662 0.05712304687499999 0.006867385821580886 
18.192095238095238 0.18595703125 0.0027601175749301906 
18.038714285714285 0.16673486328125 0.013303371244907377 
21.298000000000002 0.063365234375 0.007393704638719557 
22.463333333333335 0.045461181640625 0.004709758074820044 
19.10366666666667 0.12476123046875001 0.009600184739589691 
19.61995238095238 0.10656005859374999 0.006461824500560759 
20.419333333333334 0.083525390625 0.007351341143846513 
18.24923809523809 0.15704223632812497 0.011904859775602817 
18.705904761904762 0.17404736328124998 0.002446066301822662 
23.371047619047623 0.03331591796875 0.003712556478738785 
20.640666666666668 0.12377978515625002 0.0007082012770175936 
19.79595238095238 0.10031787109374998 0.006357725051403045 
17.712714285714284 0.178851806640625 0.013913440129816532 
18.115952380952383 0.15982470703125 0.017224140509128565 
17.669 0.19081103515625 0.009956863351821898 
20.832 0.072428955078125 0.007184723966658114 
18.158761904761903 0.1955029296875 0.0038316474306583394 
18.794476190476193 0.16611181640625 0.001577054172992706 
18.67161904761905 0.15362744140625 0.004039902714252472 
17.895428571428575 0.17331860351562497 0.008316189463198185 
20.297666666666668 0.08614013671875 0.006976077840328216 
17.85261904761905 0.17652587890625 0.016081268551349635 
18.511380952380954 0.143211669921875 0.01050698939949274 
18.891952380952382 0.131768310546875 0.008575456101953982 
17.57638095238095 0.194375 0.016707809861898425 
17.773761904761905 0.19633422851562501 0.005004738031923771 
20.62461904761905 0.089113525390625 0.0029380748491883274 
17.394714285714283 0.20070605468749997 0.03151504093146324 
19.83766666666667 0.09797802734374998 0.008105336307048796 
19.345666666666666 0.11046240234375 0.008294028369426725 
17.515666666666664 0.187205810546875 0.01842105881363153 
22.965333333333337 0.037404541015625 0.004728282840788366 
18.71309523809524 0.133582763671875 0.011386850000917909 
19.16166666666667 0.11771166992187501 0.00996752629524469 
18.681714285714285 0.13976806640625 0.009918129675388335 
18.30538095238095 0.14856787109375 0.012387785091638563 
19.461666666666666 0.108874755859375 0.008955407851278782 
17.656666666666666 0.21097338867187504 0.01357013657337427 
18.283761904761906 0.152400634765625 0.011256481659471986 
