27.473571428571425 0.027031738281250002 0.0018264634928703307 
27.56357142857143 0.038840087890625 0.0016172167521119121 
23.022238095238095 0.061092529296874996 0.0016672357812523842 
24.133238095238095 0.044506591796875 0.0019566146999001515 
26.15957142857143 0.025425292968750002 0.0019712432596683503 
26.98357142857143 0.031603759765625 0.001782300930559635 
23.460238095238093 0.041531494140625 0.0026602139211297036 
25.916238095238093 0.027992431640625 0.0018614322734475139 
24.648999999999997 0.059272216796875 0.0010022140222191811 
26.44557142857143 0.024725830078125 0.002096284570753574 
25.571571428571428 0.0628017578125 0.0007693991556167603 
23.39033333333333 0.063873779296875 0.0012356382012963295 
23.650333333333332 0.055009765625 0.0016108129155635834 
22.308238095238096 0.069573486328125 0.0017839489079117775 
24.748238095238094 0.045938720703125005 0.0015651891270279882 
23.842 0.06880859375000001 0.0007022926461696625 
27.51957142857143 0.045082275390625 0.0014830066729187962 
26.33490476190476 0.064109130859375 0.0006092108493447304 
23.674238095238096 0.036069580078125 0.002929910786688329 
25.259571428571427 0.023945556640625 0.0025396708303093915 
27.778238095238095 0.051324462890625 0.001270866784155369 
27.50319047619048 0.058568359375000004 0.0009481518259048464 
23.324238095238094 0.046993408203125 0.0023893535032868387 
24.05057142857143 0.028229492187500003 0.0033305518350601206 
22.998238095238094 0.05323559570312499 0.0021533543158173563 
22.986904761904764 0.043727783203125 0.0030365311079621313 
26.901857142857146 0.06350317382812501 0.0006771419363617898 
25.98157142857143 0.044075195312499996 0.0015587399170398715 
27.469857142857144 0.05202587890625 0.0012606827661991121 
24.667238095238098 0.032802490234375 0.002254610193312168 
23.005857142857145 0.034804931640625 0.004853082318842414 
26.113238095238096 0.0503173828125 0.0013529091751575471 
23.411571428571428 0.030716308593750002 0.0038148605444431314 
24.422238095238093 0.052180908203125 0.0013423570538163188 
21.836190476190474 0.057960693359375 0.004201785259306432 
22.465857142857143 0.04728930664062501 0.004607485158503056 
24.97557142857143 0.024725830078125 0.0026398799610733983 
21.938190476190478 0.057180419921875 0.00403572912746668 
23.28990476190476 0.0333310546875 0.003715761922836304 
26.113238095238096 0.056559570312499995 0.0010754122421741488 
24.23990476190476 0.027040283203125005 0.003138296866476535 
22.64185714285714 0.041047119140625005 0.00476924864345789 
22.37890476190476 0.08015234375 0.001160966495513917 
21.660190476190472 0.064202880859375 0.0038288663712143906 
21.957857142857144 0.05534594726562501 0.004429684383928775 
21.97590476190476 0.06739062500000001 0.0024964634141921996 
24.523904761904763 0.026033203125000005 0.002995392547607422 
22.524904761904764 0.06167407226562499 0.002102637908518314 
26.8432380952381 0.057566650390624995 0.0009840101361870768 
22.249904761904766 0.056739257812499985 0.002698808082580566 
23.366333333333333 0.076436767578125 0.0004137768021225931 
26.99257142857143 0.0378330078125 0.0016741136124134065 
23.88490476190476 0.028520019531250003 0.0033813894388675693 
22.204190476190476 0.049904052734375 0.004421718173086642 
21.435523809523808 0.07678393554687499 0.0026956765199303637 
22.951571428571427 0.075433837890625 0.0009857581592202188 
22.884190476190476 0.037419677734375004 0.004732602274954323 
21.521190476190476 0.06689428710937499 0.004741428964674473 
24.69157142857143 0.02573291015625 0.0027854175386428834 
22.065190476190473 0.05078100585937499 0.005339374893248082 
24.43233333333333 0.06639135742187499 0.0006144189983010291 
22.520190476190475 0.043661865234375 0.00461612512880564 
22.60990476190476 0.0458154296875 0.0035069656276702894 
22.642571428571426 0.07651440429687499 0.0011168409753441809 
24.920571428571428 0.06905688476562499 0.0003559612107872962 
23.72133333333333 0.07495703125 0.0003355845143795014 
21.660190476190472 0.082149169921875 0.002096264250338078 
23.76657142857143 0.029236572265625003 0.0035132692552208916 
21.585523809523806 0.069761474609375 0.003060063834249973 
22.21590476190476 0.07903735351562499 0.001243965184748173 
21.376190476190477 0.069798583984375 0.00599821406275034 
27.06980952380952 0.025842529296875 0.0019077880888581284 
26.77580952380952 0.045082275390624996 0.0015413688231110572 
25.58814285714286 0.023945556640624997 0.0023003027134537697 
27.06980952380952 0.026432373046874996 0.0018564276171326639 
24.807904761904762 0.0252529296875 0.002897223633766176 
25.162238095238095 0.03969653320312501 0.0017100913906693462 
25.341809523809523 0.05033032226562499 0.0014284964442849157 
26.008238095238095 0.059217529296874995 0.0009565502682328224 
27.954666666666668 0.063503173828125 0.0007350103693604469 
25.28890476190476 0.06465234375 0.000600057891845703 
23.710571428571427 0.062352294921874996 0.0011508212366700174 
26.298238095238094 0.052975341796875 0.0012672301579117775 
25.61490476190476 0.05216796875 0.001279188385009766 
23.322238095238095 0.07760961914062499 0.00028746042305231097 
25.28890476190476 0.05841015625 0.0009785880432128906 
27.167809523809524 0.031894287109375 0.001774216590464115 
23.205904761904762 0.0477099609375 0.0024835768640041355 
24.145571428571426 0.067356689453125 0.0006603966999650004 
22.043904761904763 0.091218505859375 0.000758144586622715 
23.679238095238095 0.045513671875 0.002224024398565292 
23.68657142857143 0.054495361328125005 0.0015717533445954329 
23.010380952380956 0.05768359375 0.0019197229156494148 
23.047571428571427 0.03695849609375 0.0037820707724094396 
23.08704761904762 0.034322998046875 0.003934812610208991 
26.339809523809528 0.025425292968749996 0.0019647081491947173 
23.815238095238094 0.0400517578125 0.0024556284520626075 
22.485047619047624 0.063000732421875 0.0020707922225594515 
22.723047619047623 0.040565185546875 0.0038569955745339406 
21.013190476190477 0.079378662109375 0.0036946007099747658 
22.104714285714287 0.08803515625 0.0006975438079833984 
21.13233333333333 0.08343725585937499 0.002387674649298192 
23.870238095238097 0.07609692382812498 0.0002490287495255469 
22.30757142857143 0.08704321289062499 0.0006298879914879799 
25.372904761904763 0.068151123046875 0.00058495763784647 
21.594380952380952 0.07780322265625 0.002110199529886246 
26.339809523809528 0.024835449218749996 0.002074282570123672 
21.749714285714287 0.08951489257812499 0.0008313866091370581 
22.954571428571427 0.07186743164062499 0.0009967847447991374 
21.677333333333333 0.06904174804687499 0.00279388859897852 
20.387619047619047 0.123553466796875 0.002400506073534489 
20.999380952380953 0.089643310546875 0.0018361665111184128 
22.37304761904762 0.05148901367187499 0.0031480638175606724 
21.16861904761905 0.07556787109375 0.004349290046930314 
21.381190476190476 0.07132202148437501 0.004259647378027439 
23.208714285714287 0.031708251953125 0.004039098591864109 
22.63204761904762 0.041442138671874997 0.0039022515798211093 
22.001333333333335 0.05089599609375001 0.004689003559350967 
25.746238095238095 0.027992431640625 0.0018953739476799969 
22.114238095238093 0.073030029296875 0.0018210904603600507 
20.361190476190476 0.14860205078125 0.0016710634424686426 
22.123 0.04828125000000001 0.0048799579048156745 
21.13485714285714 0.076763916015625 0.004034504934847356 
21.409190476190474 0.06751123046875 0.004852932367563249 
21.542333333333332 0.059829589843749996 0.004466093322992324 
20.53366666666667 0.09997412109375 0.0036657833292484286 
20.773333333333333 0.08821069335937501 0.0032353183656334875 
22.365333333333332 0.044653808593750004 0.00489579430794716 
21.86304761904762 0.061106201171875 0.003196954708635808 
20.655333333333335 0.097359375 0.004113391345977784 
21.792 0.055400390625000004 0.005537435569763185 
22.64090476190476 0.082538818359375 0.0004897815161347389 
19.972619047619045 0.14073950195312498 0.0036459788256287566 
20.59366666666667 0.09997412109375 0.0026599621012210846 
23.18204761904762 0.038477539062499996 0.0033646397473812103 
21.655190476190477 0.099732421875 0.0009125089254379273 
21.705714285714286 0.059368408203125 0.004343898463308812 
24.931238095238093 0.03571435546875 0.0020654949703216552 
23.56371428571429 0.030228515625000008 0.0037110866394042957 
23.68204761904762 0.029511962890625004 0.0035664127879738807 
22.26804761904762 0.047684326171875 0.004624336735308171 
21.197190476190475 0.072102294921875 0.005003622479975225 
23.213238095238097 0.06293383789062498 0.0014347773576378821 
20.999380952380953 0.095122314453125 0.0014105538492798805 
27.042238095238094 0.045925781250000006 0.0014957706711292266 
26.342571428571432 0.031603759765625 0.001788122625887394 
27.257238095238097 0.045082275390625 0.0014862197232842443 
24.138238095238098 0.05943017578125 0.001103545102119446 
25.650571428571432 0.05757958984374999 0.0010357155575752258 
25.684571428571427 0.023945556640624997 0.002294123821794987 
26.854571428571425 0.026141845703125 0.0018747811365723607 
26.974571428571426 0.027031738281250002 0.001830540021419525 
27.88752380952381 0.05826806640625 0.0009716032233238224 
23.33157142857143 0.06221728515624999 0.0013623714182376865 
23.028714285714287 0.037170166015625 0.003796641955912114 
23.96604761904762 0.028504882812500004 0.0033787032403945925 
24.23652380952381 0.07441528320312499 0.0001960425320267677 
23.145857142857142 0.07015283203124999 0.0009416711905002595 
23.128714285714288 0.056967041015625 0.00182557722812891 
26.272238095238095 0.071701904296875 0.00010140106016397477 
23.353047619047622 0.037778076171875 0.003233811197817326 
24.422238095238093 0.064665283203125 0.0006629034786820412 
25.692238095238093 0.07171484375 0.00014614035034179687 
22.93204761904762 0.04917456054687501 0.0027049155526757246 
22.27766666666667 0.08321215820312498 0.0006473448944687842 
26.152571428571427 0.044075195312499996 0.0015524762985706332 
23.896380952380955 0.04003662109375 0.002453739326000213 
27.07257142857143 0.03261083984375 0.001729061657428741 
26.8432380952381 0.051324462890625 0.001274079834520817 
22.27766666666667 0.07515551757812498 0.0012741617632508278 
22.168714285714287 0.055116455078124994 0.0030826388025879865 
24.830571428571428 0.035541992187499996 0.0020668659067153926 
23.500857142857143 0.07672973632812499 0.00032251798540353777 
24.168904761904763 0.027512939453125003 0.0032116612864136695 
22.844714285714286 0.037950439453125 0.0039939250269532215 
22.751 0.081015869140625 0.00043516814285516747 
20.897142857142857 0.103056884765625 0.002354506941378117 
23.88152380952381 0.07589501953125 0.0002460338487625122 
24.012571428571427 0.048253173828125 0.001823479918539524 
21.383809523809525 0.107103759765625 0.0009640872407555581 
22.344714285714286 0.049654541015625 0.003491987849771977 
22.953857142857142 0.08002392578124999 0.00036780245041847235 
22.48052380952381 0.08222021484375 0.0005407645037174224 
21.713714285714286 0.06379614257812499 0.003928762062132359 
21.77604761904762 0.06016870117187499 0.004057157192766668 
21.45561904761905 0.06975537109374999 0.0032761708376407633 
21.669333333333334 0.07372338867187499 0.002032516980707646 
23.42985714285714 0.07720239257812499 0.00034153432184457774 
25.571571428571428 0.056559570312499995 0.0011248258981704715 
20.406571428571432 0.10615356445312499 0.0039569547930359845 
21.85504761904762 0.065787841796875 0.0025098858476281178 
20.180857142857143 0.113308837890625 0.0037511760831475264 
22.439 0.04203906250000001 0.005054105182647704 
21.301333333333336 0.090616943359375 0.0018161326695084576 
21.592047619047623 0.064850341796875 0.003378866407930851 
21.203000000000003 0.075318359375 0.004075039752960206 
26.77057142857143 0.069851318359375 0.00023995079809427275 
22.655380952380956 0.059163330078124986 0.002143390336096287 
22.358857142857143 0.0848349609375 0.0005955886306762695 
25.532238095238093 0.0643623046875 0.0007324032220840454 
21.40004761904762 0.073687255859375 0.0030596138287186624 
21.577285714285715 0.067140625 0.0035657501373291024 
28.724571428571426 0.044894775390625 0.0015243821340203286 
26.93938095238095 0.05991894531249999 0.0009491846857070925 
27.78457142857143 0.026260009765624998 0.0018707441931366917 
26.15957142857143 0.0249375 0.002065127448081971 
26.85557142857143 0.0378330078125 0.00168072549366951 
27.52709523809524 0.0661611328125 0.0005518182458877564 
26.993761904761907 0.046627197265625 0.00149316009670496 
27.097714285714282 0.051018798828125 0.0013306924391388896 
22.13471428571429 0.0585185546875 0.003196171952247621 
25.282238095238096 0.034234619140625 0.0018624340644478794 
26.65909523809524 0.07159594726562499 9.987214809656144e-05 
26.356238095238098 0.027992431640625 0.001856151499807835 
24.89109523809524 0.077702392578125 8.429131323099137e-05 
24.230238095238093 0.066479736328125 0.0006843925219178201 
21.77304761904762 0.06918994140625 0.0025059430334568025 
22.704904761904764 0.063116455078125 0.0019386356368660922 
26.096476190476192 0.025252929687499998 0.001993201869964601 
23.84771428571429 0.029221435546875 0.0035103878241181377 
22.911047619047622 0.04137255859375 0.0037599128458499914 
25.422238095238093 0.0503173828125 0.0014023228311538696 
23.312714285714286 0.0361630859375 0.0035801204767227173 
23.458857142857145 0.078187255859375 0.00023896196037530895 
22.76985714285714 0.082391845703125 0.0003862409735321998 
26.142238095238092 0.05841015625 0.0009785880432128904 
26.65909523809524 0.06535375976562499 0.0005650888496041298 
23.107190476190475 0.08356909179687501 0.0002634559112191201 
23.49271428571429 0.030701171875 0.0038115759429931673 
20.11057142857143 0.12935058593749998 0.010520297893285752 
23.600857142857144 0.076530029296875 0.0002011626244187355 
23.00704761904762 0.03955810546875 0.0036473122084140783 
23.341904761904765 0.042248046875 0.002773446922063827 
20.535666666666664 0.111883544921875 0.002835328175127506 
22.529857142857143 0.08572314453124999 0.00047666363930702214 
23.678523809523806 0.079701416015625 0.00015561096435785291 
26.4542380952381 0.033454345703125006 0.0017533211379647255 
23.862523809523807 0.0786943359375 0.00011069042301177975 
19.996333333333332 0.13505737304687498 0.0032009116187691686 
23.371047619047623 0.03331591796875 0.003712556478738785 
20.732666666666667 0.11272216796874998 0.0011272035276889802 
19.996333333333332 0.12992211914062501 0.003630293675005436 
23.128714285714288 0.036943359375 0.0037789751434326177 
24.497238095238096 0.032802490234374995 0.002397765772879123 
22.300714285714285 0.053056640625 0.003626968994140626 
20.38304761904762 0.10692895507812501 0.007195161092817784 
23.061857142857143 0.07901684570312499 0.00031752737051248556 
21.485333333333337 0.08962695312499999 0.0011221949920654302 
19.633000000000003 0.140413818359375 0.007164252490103244 
22.005047619047623 0.07261059570312499 0.0018679648185372347 
19.499000000000002 0.15848803710937498 0.012991612801611421 
20.535666666666664 0.120782470703125 0.002573305214941501 
22.65152380952381 0.0831083984375 0.0004264842615127564 
19.832666666666668 0.1354453125 0.010708342511892318 
20.609380952380953 0.096809814453125 0.009595804247915746 
20.800047619047618 0.10878417968750002 0.00102434805393219 
22.63504761904762 0.071384033203125 0.001388238182604313 
20.077666666666666 0.134638916015625 0.0026537415557503705 
19.44721428571429 0.15433374023437502 0.013996985471785068 
26.561095238095238 0.0742177734375 6.993042850494385e-05 
22.45885714285714 0.08642260742187499 0.0005212033391594885 
19.600333333333335 0.15023828125 0.007590744779348372 
