21.285428571428575 0.088594482421875 0.0019403361440300942 
19.24814285714286 0.136312744140625 0.002289190514147281 
20.40966666666667 0.09295166015625 0.003334574018716812 
22.439 0.04203906250000001 0.005054105182647704 
23.81090476190476 0.061233398437499996 0.0013991657266616826 
19.707333333333334 0.12872119140625 0.0014213676664829255 
19.305476190476192 0.13187207031249998 0.0029970239219665523 
22.49752380952381 0.04977392578125 0.00419911552453041 
19.171952380952384 0.120662841796875 0.008173266650736331 
18.794809523809526 0.155450927734375 0.0014460121250748632 
19.202142857142857 0.1178701171875 0.009928276250600814 
21.56590476190476 0.09634326171875 0.0007319032213687896 
21.682333333333332 0.059829589843749996 0.004466093322992324 
21.670380952380953 0.086168212890625 0.0013696651473641401 
20.106238095238094 0.140607666015625 0.0006579094129204749 
17.75757142857143 0.17810668945312497 0.009430726794302463 
17.55561904761905 0.18997973632812498 0.0062422712660431855 
20.737190476190474 0.07947900390624998 0.005794741620063782 
18.98952380952381 0.136120849609375 0.005329759433805942 
27.241571428571426 0.051124755859375 0.001356079065859318 
19.934333333333335 0.093123779296875 0.008531307632029058 
18.209095238095237 0.169468017578125 0.004520359252035618 
19.402285714285718 0.125659912109375 0.004077963013708591 
18.357761904761908 0.14802709960937502 0.010674745114386082 
23.98204761904762 0.047867187500000005 0.002174284175872803 
22.367238095238093 0.06621875 0.0020974680492877964 
20.14395238095238 0.120427978515625 0.0013113500571846966 
19.634 0.13533642578125 0.0009464215013980868 
20.729238095238095 0.1214443359375 0.0009584909858703615 
17.67209523809524 0.196541259765625 0.005287716300547122 
20.247809523809526 0.1434658203125 0.000502265404701233 
23.28004761904762 0.046451171875 0.002865148777008058 
20.05552380952381 0.104204833984375 0.0037105039787888525 
22.628047619047617 0.055514892578124996 0.002864709408819675 
23.39704761904762 0.036631103515625 0.00352030278736353 
21.439 0.06439453125000001 0.005368391742706298 
18.19561904761905 0.173465087890625 0.0033858068490624426 
20.08852380952381 0.09930688476562499 0.004490402541697024 
20.394333333333332 0.082846435546875 0.007136946607172489 
21.64638095238095 0.076646728515625 0.0019682744756340993 
19.093285714285717 0.1448623046875 0.0014718309488296513 
21.002333333333333 0.07153369140625 0.004306129648447036 
23.227238095238096 0.0580830078125 0.0020745774147510527 
20.653285714285715 0.13456298828125 0.0004631531286239626 
22.08804761904762 0.05496069335937499 0.0034110203343033795 
26.632095238095236 0.039855712890625 0.001983721046984195 
24.053071428571428 0.03665087890625 0.002951409619808197 
19.262809523809526 0.14745849609375 0.0007796445333957675 
27.499571428571425 0.026315185546874998 0.0018746883297562605 
22.753714285714288 0.038827392578124995 0.004043767051756382 
20.93890476190476 0.090031494140625 0.0027673071437478076 
24.77504761904762 0.026244873046875 0.0027983538418412204 
21.559380952380955 0.068287353515625 0.00341909093528986 
22.287571428571425 0.07810131835937499 0.001413189292013645 
19.03095238095238 0.136068115234375 0.0041278737393021575 
18.811285714285717 0.152339599609375 0.0022200428438782687 
19.098857142857142 0.128756591796875 0.006102992541849613 
20.738238095238096 0.09899487304687499 0.0022446263909935956 
19.707333333333334 0.12432861328125 0.0021102517473697664 
18.714761904761907 0.149050537109375 0.0032901599817872045 
25.684571428571427 0.023945556640624997 0.002294123821794987 
21.862333333333332 0.051772949218749996 0.0056049205038547515 
22.547047619047625 0.047806884765625 0.0035046828294396414 
18.40304761904762 0.16017871093749997 0.009416755695104598 
18.30614285714286 0.173586181640625 0.0015450273709893224 
19.571190476190473 0.11304174804687499 0.005041922040522098 
18.48061904761905 0.14802709960937502 0.007275479214727878 
18.347238095238094 0.16401928710937502 0.0055334613276124 
20.86519047619047 0.0812490234375 0.003576273964881897 
21.13209523809524 0.09374658203125 0.001395879173517227 
18.152809523809527 0.17830493164062497 0.0021285279965996737 
22.659238095238095 0.06597460937499999 0.0019250854215621944 
22.212714285714284 0.08216894531249999 0.000615051506996155 
24.298380952380956 0.0674716796875 0.0007376668252944947 
22.577714285714286 0.044289306640625 0.003752691913187505 
18.779 0.144503662109375 0.0028779344797730437 
18.134333333333334 0.18811962890625 0.0022135514853000643 
23.112904761904762 0.047929687500000005 0.0030610331916809093 
21.363380952380954 0.076378662109375 0.0021435633850693707 
20.38495238095238 0.10588427734374999 0.0019320347521305085 
19.80409523809524 0.12265673828124998 0.0019180590174198153 
19.217666666666666 0.16158544921875 0.0006336218550205229 
20.53333333333333 0.14897924804687498 0.00034051936680078485 
19.956761904761905 0.14239697265625 0.0009247263357639313 
19.042333333333335 0.13999780273437498 0.0033895929890275 
25.36390476190476 0.03369140625000001 0.002190104333162308 
24.44457142857143 0.0336513671875 0.0026820640447139743 
23.580571428571428 0.05741650390624999 0.0018259193143844604 
21.701714285714285 0.066644775390625 0.0029605467200875283 
24.64671428571429 0.05834472656249999 0.0013961529362201694 
20.999380952380953 0.0850712890625 0.0023841089878082282 
18.000952380952384 0.16500683593749998 0.009481835018157959 
20.500666666666667 0.082258056640625 0.005868489018023013 
18.853666666666665 0.16421533203125 0.0012801712038516997 
17.879952380952382 0.18014819335937501 0.0031440880537629127 
22.276714285714284 0.055923828125 0.002977775424957277 
20.785666666666664 0.08021337890625 0.003601795873880387 
23.087 0.035016601562500006 0.004915023728370669 
21.462571428571426 0.11165356445312499 0.0007653771925568577 
23.43338095238095 0.04775854492187501 0.0024459043079018594 
19.88528571428572 0.1168603515625 0.0027157556772232057 
25.056714285714285 0.0249375 0.0026689540340900436 
19.691285714285716 0.11694189453125 0.004416052952051162 
22.109714285714283 0.05144677734374999 0.005982962230682374 
20.103 0.10787353515625002 0.003376225343942643 
18.83661904761905 0.14839233398437499 0.0019036888542771336 
25.44157142857143 0.046815673828125 0.0016010204554200175 
24.431238095238093 0.02762158203125 0.0031075799570083615 
22.407000000000004 0.047500976562500005 0.004664141434669497 
27.442571428571426 0.027133789062500004 0.0018270800435543065 
20.131285714285717 0.10025244140625 0.003894099531412125 
17.669285714285714 0.18486694335937498 0.0053145808973908415 
22.255000000000003 0.048189453125 0.007041937747240064 
18.853666666666665 0.16704736328124997 0.0008172375681400298 
19.455333333333332 0.12896142578125 0.003606720295190811 
20.32566666666667 0.09049072265625 0.0050502785551548 
19.790333333333333 0.10581103515625001 0.005426548902750015 
18.41728571428572 0.15938842773437498 0.004629337553083896 
26.538904761904764 0.06020947265625 0.001034703829050064 
22.996904761904762 0.0779736328125 0.0003046524631977082 
18.734476190476194 0.13526538085937498 0.009496320471823215 
21.460238095238097 0.09181005859375 0.0010286146178245543 
24.605047619047618 0.047167724609375 0.002077470794260502 
23.85290476190476 0.033981933593750006 0.003252664133310319 
20.441333333333333 0.136614990234375 0.0007016106501221657 
21.32938095238095 0.08596069335937499 0.0015647535648941999 
20.874380952380953 0.092025634765625 0.0018368628526329992 
20.46866666666667 0.0961142578125 0.0023910519495010376 
21.84352380952381 0.08609472656249999 0.0011301333322525028 
22.571380952380956 0.07426953124999999 0.0011512578735351565 
19.474333333333334 0.13076416015625 0.0026135654318332675 
19.522333333333332 0.10959228515625 0.008957301832437514 
23.235571428571426 0.03617822265625 0.0036278692343235017 
23.146047619047618 0.07325781249999999 0.0009570434906482697 
23.658571428571427 0.07507861328124998 0.00024638225650787366 
18.5 0.155451904296875 0.003842599940836429 
25.98957142857143 0.0274091796875 0.002169914132118225 
20.035666666666668 0.09386694335937498 0.005830737498342989 
20.562000000000005 0.092521240234375 0.0032510101795792585 
18.994095238095237 0.123667236328125 0.010943201473295689 
19.259476190476192 0.11752783203125002 0.012072073726892474 
18.601761904761904 0.1537353515625 0.006257605729103088 
21.715714285714288 0.0892880859375 0.0008181983234882353 
23.21357142857143 0.0646123046875 0.0013133192799091337 
19.335 0.12042675781250001 0.00654341102218628 
19.30566666666667 0.128761962890625 0.005972692280352116 
17.83309523809524 0.1665302734375 0.012464101482391354 
21.36885714285714 0.0682314453125 0.006285674617528915 
21.351999999999997 0.069926025390625 0.004177752232611179 
21.024 0.068019775390625 0.006994543791353701 
18.441 0.18256103515625 0.0012931290304660794 
18.802333333333333 0.133741943359375 0.007055280833303928 
19.17161904761905 0.13911572265625002 0.003529419080972672 
20.16952380952381 0.10748413085937499 0.0035782945623993867 
21.521190476190476 0.064299560546875 0.004547322536051275 
21.668 0.05721484375000001 0.005592546039581302 
21.25604761904762 0.06836035156249999 0.005952488277196884 
18.195 0.17604150390625 0.004480875330209732 
20.479 0.084882080078125 0.0040881287789940835 
26.974571428571426 0.027133789062500004 0.0018284516179561624 
21.377238095238095 0.09289526367187499 0.001380834963858127 
23.51104761904762 0.03585083007812501 0.0034664345589280133 
19.301000000000002 0.12190600585937499 0.006679640364706517 
18.55942857142857 0.16168017578125 0.0024682475969791413 
20.752714285714287 0.101173583984375 0.001191852030813694 
19.30966666666667 0.12682080078125 0.0050109751818180085 
21.771047619047618 0.06410717773437499 0.003346706337988376 
21.026333333333334 0.066987060546875 0.0073626856094002715 
17.850238095238097 0.18387866210937498 0.008254244217932223 
27.85857142857143 0.038824951171875004 0.0016205009627938273 
20.128047619047617 0.12722998046875003 0.0011468436911106113 
19.967666666666666 0.09374584960937499 0.007954679608404637 
18.582 0.146213623046875 0.012183594289362425 
18.73666666666667 0.14895458984374998 0.0039734534380435945 
19.226619047619046 0.154401611328125 0.0012770232015252116 
19.64304761904762 0.13006103515625003 0.002467320104837417 
24.33790476190476 0.07344165039062499 0.00020308849102258683 
26.802761904761905 0.065630859375 0.0006369068315029145 
24.90457142857143 0.025425292968750002 0.0027390259227752694 
21.756999999999998 0.08160986328125 0.0013965043606758115 
20.134999999999998 0.09203955078124999 0.005609928322076797 
22.200714285714287 0.050569824218750004 0.005955253423690793 
20.695 0.07863061523437499 0.0061308231716752076 
19.015571428571427 0.126880615234375 0.010398120489180086 
22.952714285714286 0.04240527343750001 0.0035241968164443985 
22.046333333333333 0.055400390625000004 0.004648655357360841 
24.84057142857143 0.060080322265625 0.0011107411270737649 
22.72304761904762 0.07284545898437499 0.001207785772383213 
18.049714285714284 0.192462646484375 0.0025886351585984223 
20.479 0.091124267578125 0.0033791132035851483 
20.480666666666668 0.081000244140625 0.007465603706896305 
24.20404761904762 0.0454794921875 0.002290715642213821 
18.878333333333337 0.13203491210937499 0.008877911500036716 
22.125 0.0727900390625 0.0023062596485614777 
19.593285714285717 0.10803173828124998 0.004967851364374161 
17.465714285714284 0.19016943359375 0.01089912065529823 
19.680809523809522 0.100121826171875 0.013780605192720891 
19.67114285714286 0.11838867187499999 0.0034952269876003263 
20.651285714285713 0.103869873046875 0.0023550809627175336 
19.767666666666667 0.097648193359375 0.009451817622244358 
23.903904761904762 0.07503857421875 0.00029732520318031305 
19.475476190476193 0.112261474609375 0.007891129918158055 
22.50104761904762 0.063435302734375 0.0024212002115845685 
18.849000000000004 0.14094580078125 0.004810366935968398 
24.89404761904762 0.036706298828125 0.0022479744988083837 
24.45290476190476 0.026732666015625007 0.0030927095914483073 
21.252714285714287 0.07273681640624999 0.0028828079056739805 
18.089809523809528 0.16404541015625 0.008050346838235857 
20.847 0.083067626953125 0.002986292964518071 
19.785285714285713 0.10086499023437501 0.005946153822004795 
22.433904761904763 0.053091796875 0.003225106734275818 
22.803000000000004 0.035796875000000006 0.005150322650909425 
23.910571428571426 0.04514794921875 0.0023538607122898106 
25.088380952380952 0.036103515625000006 0.0020600803959369657 
20.304285714285715 0.103276611328125 0.0024822202687859534 
25.079571428571427 0.06438940429687498 0.0007747406845688819 
21.833380952380953 0.060265380859374995 0.003047158117353917 
22.82890476190476 0.074496337890625 0.0009739979673027992 
22.780571428571427 0.047689941406250005 0.0033621715757846836 
24.34790476190476 0.03772436523437501 0.0027174042659401892 
23.445238095238093 0.07377441406249999 0.0005021859216690064 
23.944380952380953 0.02962060546875 0.003518510068893434 
24.319571428571425 0.052981689453125 0.0016122468281388283 
24.33457142857143 0.027449218750000004 0.003201536212921143 
21.749238095238095 0.075337158203125 0.0017223288016915324 
22.490571428571428 0.058670654296875 0.002716107455790044 
23.898238095238096 0.06771362304687499 0.000701581338942051 
20.48657142857143 0.11612817382812499 0.0009809657292962075 
20.973238095238095 0.11460083007812501 0.0007760936799645423 
21.87666666666667 0.089825927734375 0.0007241673517823218 
20.967714285714287 0.10282128906249999 0.0009734889271259307 
25.42957142857143 0.023945556640624997 0.002327967010080815 
22.782904761904764 0.07793945312499999 0.000425600014925003 
26.146238095238097 0.066336669921875 0.0005695339003205298 
26.321238095238094 0.040573486328125005 0.0017572033768296243 
21.259285714285717 0.09206298828125001 0.0014905358850955965 
20.935714285714287 0.0986044921875 0.0011186060383319854 
25.775238095238098 0.057339843749999994 0.0011507817795276642 
20.163000000000004 0.097331298828125 0.003897287331163883 
19.992785714285716 0.13355419921875 0.0009741282007694246 
22.769571428571428 0.0654541015625 0.00182987156033516 
23.670714285714286 0.055162841796874994 0.001966178269445896 
25.898238095238092 0.072578857421875 9.204617983102799e-05 
27.297571428571427 0.038840087890625 0.0016400391989350321 
23.624571428571425 0.0623818359375 0.00124789572262764 
22.627000000000002 0.04125878906250001 0.004828547486305239 
20.695 0.083023193359375 0.005843403143942357 
20.040333333333333 0.111491455078125 0.00168409977966547 
24.836238095238095 0.06623999023437499 0.0006079177718758582 
24.490238095238094 0.07157812499999999 0.00032885474705696106 
20.215 0.09625634765624999 0.0046313970472812655 
20.487190476190477 0.10957495117187499 0.0016461021428704266 
22.94190476190476 0.055596435546875 0.002260738980829715 
23.032714285714285 0.037170166015625 0.0038257917218804368 
22.395523809523812 0.0885390625 0.000422116875886917 
24.836238095238095 0.053755615234375 0.001326689813196659 
23.43223809523809 0.046739501953125 0.0027091035643219937 
20.304285714285715 0.10766918945312501 0.0019782813144326207 
28.336238095238095 0.044882568359375 0.0015657257371544842 
23.22357142857143 0.064447021484375 0.0015500128045678138 
20.060333333333332 0.12579736328125 0.0012740939297676084 
19.938000000000002 0.10996240234375002 0.003468112364053727 
20.567714285714285 0.1066611328125 0.0012610763981342316 
23.596238095238096 0.06782275390625 0.0010180661699771883 
26.15957142857143 0.0249375 0.002065127448081971 
23.144571428571428 0.075372314453125 0.0006678331437706947 
22.964571428571425 0.0698466796875 0.0012263003883361816 
22.326190476190476 0.074870361328125 0.0011122320752739907 
26.999571428571432 0.05736694335937499 0.0010685025849938394 
23.991904761904763 0.0609443359375 0.0010689224252700806 
26.23957142857143 0.0449521484375 0.0016409897317886356 
19.184285714285714 0.13904125976562498 0.003846566093027591 
20.78966666666667 0.1197958984375 0.0005486828937530518 
24.75190476190476 0.046150878906250005 0.002014599237680435 
24.34990476190476 0.0726484375 0.00012618218994140626 
21.163000000000004 0.07147314453125 0.004289687900781632 
23.59057142857143 0.03671264648437501 0.0032622692623734476 
20.812857142857144 0.09856591796875 0.0019941344275474547 
21.98257142857143 0.08567382812499999 0.0008808696377277377 
23.40957142857143 0.077050537109375 0.00029791594320535664 
21.53457142857143 0.092627685546875 0.0009143646145462989 
24.820238095238096 0.0475830078125 0.0016225211954116823 
21.71552380952381 0.10102343750000001 0.0007143292782306671 
21.786571428571428 0.085915283203125 0.001167998288214207 
24.73857142857143 0.036429931640625 0.002401378352701665 
22.04471428571429 0.0796083984375 0.0014369799509048463 
22.17457142857143 0.06402294921874999 0.0021581913790702833 
20.846 0.08817431640625 0.0031069408056735998 
22.378571428571426 0.080065185546875 0.0007625804877877234 
22.354571428571425 0.07221630859374999 0.0015250552866458897 
21.57957142857143 0.07174487304687499 0.0027554456234574315 
20.847 0.08210791015624999 0.003468695383310319 
