22.100190476190473 0.070116455078125 0.002580319867193699 
23.948904761904764 0.076224853515625 0.00046575378185510633 
22.33290476190476 0.067758544921875 0.0021764070301651963 
23.637238095238096 0.056990966796875 0.0016462089124321942 
22.54366666666667 0.05167578125 0.0049115556898117075 
22.064333333333334 0.06391162109375001 0.003237077066659927 
26.275571428571432 0.026141845703125 0.0019140564346909518 
20.66952380952381 0.117650390625 0.0024374942865371704 
26.743000000000002 0.05301708984375 0.0012690968439579011 
20.591523809523814 0.11954345703125 0.0020998860037326817 
21.87590476190476 0.07349658203125001 0.002047147152185441 
22.24828571428571 0.086162353515625 0.0011156439381241807 
24.807904761904762 0.0252529296875 0.002897223633766176 
24.457 0.05222265625 0.0013427061738967893 
24.193571428571428 0.044713378906250004 0.0023541161146163943 
22.272333333333336 0.056692626953125005 0.003906322071611882 
25.037 0.07053857421875 0.00041246686005592357 
23.58257142857143 0.035478759765625006 0.0034989530664086355 
22.01954761904762 0.05859765625 0.004623425868988038 
24.470142857142857 0.042517578125000004 0.0020329494581222537 
20.314 0.099909912109375 0.01008330296331644 
23.951285714285717 0.07693066406249999 0.00019832371330261227 
23.37990476190476 0.042248046875 0.0028207662389278403 
23.983666666666668 0.06768359375 0.0008598935995101928 
23.340761904761905 0.05919140625 0.0019883275184631355 
23.01057142857143 0.051637695312499995 0.00259124275302887 
26.063666666666666 0.066954345703125 0.0006133560171723365 
23.88957142857143 0.050728759765625 0.002117230197489262 
21.517690476190474 0.074651611328125 0.0033307161355614666 
22.522904761904762 0.057854248046875 0.0026514454084038746 
21.607333333333333 0.063407470703125 0.0036500800729393976 
25.359571428571428 0.023945556640624997 0.004568576124250886 
27.567571428571434 0.0378330078125 0.0017235272684097288 
24.273857142857146 0.07523730468749999 0.0002523591575622559 
25.059238095238094 0.032022216796875 0.0023101606488823883 
23.63052380952381 0.07119140624999999 0.0008730412721633912 
23.002428571428574 0.07850732421875 0.0008804716970920564 
22.456238095238096 0.07979052734375 0.0012646424601078037 
24.457 0.058464843749999995 0.001041423092842102 
25.42957142857143 0.023945556640624997 0.002327967010080815 
20.930666666666667 0.08570434570312499 0.004728085238039493 
22.73690476190476 0.052392333984375004 0.003119851401388646 
20.417333333333335 0.105214111328125 0.00787616202121973 
24.613904761904763 0.031495117187500005 0.0026635095300674445 
23.19457142857143 0.046175781250000006 0.0029917401924133306 
23.306238095238093 0.073443115234375 0.0008678205204606055 
21.419333333333334 0.0848125 0.0018689192161560064 
20.712333333333333 0.090367919921875 0.004064111645281315 
22.661714285714286 0.080979736328125 0.0005108583927750589 
23.49271428571429 0.030701171875 0.0038115759429931673 
21.26304761904762 0.08000610351562501 0.0037921683278679856 
24.38057142857143 0.04802636718750001 0.0018028652658462524 
23.247380952380954 0.053474609375 0.0025236253509521482 
24.082238095238097 0.039395507812499994 0.002542345818519593 
22.067714285714285 0.053034423828124996 0.006012902534544466 
23.850714285714286 0.06942919921874999 0.0008203930864334105 
19.99595238095238 0.10642968750000001 0.006735205953359605 
23.979571428571425 0.028928955078125002 0.0034555208874344837 
23.871238095238095 0.039503173828125 0.002869092182219029 
22.84390476190476 0.055173095703124994 0.0028597669439911844 
21.425714285714285 0.06574560546875 0.005345992120742797 
24.02490476190476 0.045486328125 0.002598553092241288 
20.467333333333336 0.09587939453125 0.004896326380729675 
21.84004761904762 0.0722841796875 0.0022873217477798464 
20.70733333333333 0.08885693359374999 0.005694274078369142 
21.40804761904762 0.07550170898437499 0.0030483629789948468 
20.345666666666666 0.10912890625000002 0.0030607414720058433 
21.151999999999997 0.080822509765625 0.002777953024446964 
22.36904761904762 0.060126220703125 0.002745802915155888 
19.93595238095238 0.12450976562500002 0.003360104760885238 
20.715333333333334 0.09889208984375 0.0022200417921543125 
21.540571428571425 0.08331005859375 0.002263120920419693 
20.437142857142856 0.09825634765624999 0.009113872891426086 
21.068285714285715 0.09421997070312499 0.0024749856224656097 
25.259571428571427 0.023945556640625 0.0025396708303093915 
22.503714285714285 0.05315332031250001 0.003522841271400453 
22.25604761904762 0.053834716796875 0.005736299350321291 
22.357666666666667 0.08426660156249999 0.0005012674417495728 
21.621714285714287 0.093606689453125 0.0008119304681420327 
23.389904761904763 0.038566162109375 0.00345862670904398 
25.328238095238095 0.045938720703125005 0.0015651891270279882 
21.190857142857144 0.08061083984375 0.006027913496255875 
21.383714285714284 0.073575439453125 0.004840600031912326 
20.329666666666668 0.105514404296875 0.0044033453345894815 
21.851714285714287 0.0656376953125 0.0028191077814102177 
23.332238095238093 0.047225097656250006 0.0029264416303634655 
22.88590476190476 0.067911376953125 0.0019134501591324808 
21.99304761904762 0.060245361328125004 0.0034673951664566994 
22.892714285714284 0.061064697265625 0.002359208784639835 
24.80457142857143 0.031064697265625003 0.002654866729319097 
24.05057142857143 0.028229492187500003 0.0033305518350601206 
23.044714285714285 0.0658310546875 0.0014152121438980106 
19.77409523809524 0.12702734375 0.006632997076749801 
20.802285714285713 0.08953833007812499 0.0054247971611619 
23.016714285714286 0.07949999999999999 0.0004167546043395996 
21.753714285714285 0.061182861328125004 0.0045016503849625595 
24.331238095238092 0.033260986328125 0.002933650665342809 
22.009714285714285 0.05950341796875001 0.005738170961380005 
25.844238095238097 0.033454345703125006 0.0017770638447403907 
20.36452380952381 0.11437915039062503 0.0029965802074074753 
21.63990476190476 0.07173779296875 0.0033325064203739165 
24.778238095238095 0.075173583984375 0.00010630065017938613 
19.848095238095237 0.130568115234375 0.004807722768843175 
21.269333333333336 0.089431884765625 0.0013205908036828043 
20.804619047619045 0.10321069335937498 0.002035915430128575 
24.921714285714287 0.041995849609375004 0.0019956830850243567 
20.59766666666667 0.102948974609375 0.003290744016706944 
22.15266666666667 0.078400390625 0.0012816287384033202 
23.024714285714285 0.046403808593750005 0.0034554729712009437 
24.60504761904762 0.026244873046875006 0.003023913157522678 
21.871000000000002 0.08045263671875 0.0017031315424442296 
22.877380952380953 0.07343994140625 0.0009704609489440917 
23.037714285714287 0.037820312499999995 0.003830583492279054 
22.264333333333333 0.07227978515624998 0.001821072467327118 
22.951285714285714 0.067736328125 0.0016184641835689545 
21.918 0.05981591796875001 0.00400939016366005 
23.458904761904762 0.035316650390625 0.004474621770441533 
22.329571428571427 0.05571215820312501 0.0039520782471299185 
24.138238095238098 0.033164306640625 0.0029953602986931794 
22.475190476190473 0.06401904296875001 0.002391472866296769 
28.134476190476185 0.03320166015625 0.0017880362513065338 
27.76614285714286 0.058132080078124995 0.0012046967416405679 
23.767619047619046 0.06328002929687501 0.0012492887654900551 
24.641 0.046760742187499996 0.001665386577606201 
22.829571428571427 0.044008056640625 0.0035899921298623095 
22.187571428571427 0.06454907226562501 0.0027885111261010164 
23.49828571428571 0.07149169921875 0.000894829374551773 
22.488523809523805 0.08196630859375001 0.0007270194342136385 
21.59485714285714 0.10372680664062499 0.0010069520297646519 
22.09352380952381 0.08443090820312499 0.0013961429291367532 
24.12757142857143 0.055183593749999996 0.0017540784606933598 
25.4622380952381 0.028772705078125 0.0019892677403092382 
22.98690476190476 0.054296142578125005 0.002838593750059606 
24.648999999999997 0.059272216796874985 0.0010022140222191813 
24.147238095238095 0.030189208984375004 0.003238175128996372 
20.514666666666663 0.09414477539062502 0.006678894040644171 
23.595571428571425 0.035575439453125 0.0034210799551606186 
24.604999999999997 0.073571044921875 0.0001414546847939491 
26.188714285714287 0.058145019531249995 0.0012526202604770658 
24.039238095238098 0.045568115234375 0.002303334434092045 
24.89557142857143 0.030187744140625 0.002591409664690494 
24.648999999999997 0.05303002929687499 0.0013135766511559485 
23.603619047619045 0.07654467773437498 0.000312047400534153 
22.67252380952381 0.06844775390624999 0.0017873549482822413 
22.675571428571427 0.05362524414062501 0.0033244820170998586 
19.961619047619045 0.124243408203125 0.006349586914122104 
22.337571428571426 0.057726318359374994 0.0028186876345276837 
22.15185714285714 0.070670166015625 0.002331105000078679 
21.286666666666665 0.07833154296875 0.0057789175226688385 
23.439571428571426 0.064839111328125 0.0013377008276581766 
24.761571428571425 0.03723730468750001 0.002463523034095765 
22.931238095238093 0.05986669921875 0.0022587053337097163 
24.957 0.041298828125000006 0.0018948974561691285 
24.157333333333334 0.06760205078124999 0.000741439316034317 
23.472571428571428 0.052961669921874996 0.0023154226356148716 
21.158285714285714 0.0773291015625 0.007214648118019104 
23.840238095238096 0.063031982421875 0.0012410794621109961 
23.190904761904765 0.072504638671875 0.0008881578331589698 
20.95885714285714 0.0838134765625 0.0042046746683120735 
25.29457142857143 0.035529052734375 0.002020669200479984 
26.002238095238095 0.03968359375 0.001646599639892578 
22.22757142857143 0.06449560546875 0.0022099813952445994 
21.989238095238097 0.08703808593750001 0.00045576286053657534 
21.086666666666666 0.093899169921875 0.0014620315414071087 
24.970809523809525 0.026205566406250002 0.0027501801881790154 
24.313714285714287 0.044590576171875 0.002223204822599888 
20.843666666666667 0.0982841796875 0.002061494604110718 
22.551904761904762 0.075654541015625 0.0011732797055840492 
20.86685714285714 0.0831669921875 0.0058363347635269165 
20.117190476190476 0.10620166015625002 0.00607809698319435 
23.59557142857143 0.0353486328125 0.0033847518548965456 
23.219238095238094 0.055174072265625006 0.002449418718874454 
20.734190476190477 0.09093261718750001 0.0034674542856216435 
23.043238095238095 0.062450439453125006 0.002047081942617893 
21.68790476190476 0.07435961914062501 0.002309180648386479 
20.252190476190474 0.10906982421875 0.0038234644472599035 
22.416571428571427 0.05213427734375 0.0044747147581577305 
23.953238095238095 0.07119824218750001 0.000783536383867264 
22.553904761904764 0.082930908203125 0.00047570402532815925 
22.47085714285714 0.047159179687500004 0.005272982224464418 
23.064238095238093 0.08092407226562501 0.00035470542579889297 
23.319238095238095 0.08003515625 0.0002658467438220978 
21.835904761904764 0.10070336914062498 0.0007998264461159708 
24.600238095238094 0.0385185546875 0.00249882524228096 
22.247904761904763 0.060060791015625004 0.003192491360247135 
26.002238095238095 0.033454345703125 0.0017770638447403907 
23.523904761904763 0.05385473632812501 0.0021911025028824803 
20.029857142857146 0.11065478515625 0.0052355594274997716 
21.575666666666667 0.079812744140625 0.0017598130870461466 
24.890809523809526 0.0702294921875 0.0006442625665664673 
20.718666666666667 0.104570556640625 0.0014949902682900428 
21.62757142857143 0.08523852539062501 0.001131022641718388 
23.775571428571432 0.0465146484375 0.002437560967445373 
23.69557142857143 0.029709228515625002 0.003605319290697574 
24.096238095238096 0.035897216796875006 0.002848261324465275 
20.62052380952381 0.10460498046875 0.002906013014078141 
22.759238095238096 0.06947290039062501 0.0017058567100167277 
22.037190476190478 0.0583857421875 0.005271717225074768 
21.282857142857143 0.10391503906249999 0.0009909021463394168 
21.87990476190476 0.068117431640625 0.0028089000659585 
23.025238095238095 0.066326171875 0.0013698976395130158 
22.83190476190476 0.05018969726562501 0.0033722441506981856 
21.657238095238093 0.087313232421875 0.0010632444587349895 
21.10219047619048 0.088337890625 0.002411447788238525 
