26.930097222222223 6.0
26.96409722222222 6.0
27.019125000000003 5.0
27.249085317460317 5.0
27.249085317460317 5.0
27.249085317460317 5.0
27.249085317460317 5.0
27.249085317460317 5.0
27.249085317460317 5.0
27.249085317460317 5.0
27.249085317460317 5.0
27.249085317460317 5.0
27.249085317460317 5.0
27.249085317460317 5.0
27.249085317460317 5.0
27.249085317460317 5.0
27.249085317460317 5.0
27.501291666666667 4.0
27.501291666666667 4.0
27.501291666666667 4.0
27.501291666666667 4.0
27.501291666666667 4.0
27.501291666666667 4.0
27.501291666666667 4.0
27.501291666666667 4.0
27.501291666666667 4.0
27.501291666666667 4.0
27.501291666666667 4.0
27.501291666666667 4.0
27.501291666666667 4.0
27.501291666666667 4.0
27.501291666666667 4.0
27.501291666666667 4.0
27.501291666666667 4.0
27.501291666666667 4.0
27.501291666666667 4.0
27.501291666666667 4.0
27.845755952380955 3.0
27.845755952380955 3.0
27.845755952380955 3.0
27.845755952380955 3.0
27.845755952380955 3.0
27.845755952380955 3.0
27.845755952380955 3.0
28.27686309523809 3.0
28.27686309523809 3.0
28.27686309523809 3.0
28.27686309523809 3.0
28.650613095238093 2.0
28.650613095238093 2.0
28.92247420634921 2.0
29.20664087301588 2.0