26.919125 5.0
26.990553571428574 5.0
27.249085317460317 5.0
27.249085317460317 5.0
27.249085317460317 5.0
27.289513888888887 5.0
27.289513888888887 5.0
27.289513888888887 5.0
27.289513888888887 5.0
27.289513888888887 5.0
27.289513888888887 5.0
27.289513888888887 5.0
27.289513888888887 5.0
27.289513888888887 5.0
27.289513888888887 5.0
27.501291666666667 4.0
27.501291666666667 4.0
27.501291666666667 4.0
27.501291666666667 4.0
27.501291666666667 4.0
27.501291666666667 4.0
27.501291666666667 4.0
27.501291666666667 4.0
27.501291666666667 4.0
27.501291666666667 4.0
27.501291666666667 4.0
27.501291666666667 4.0
27.501291666666667 4.0
27.501291666666667 4.0
27.501291666666667 4.0
27.501291666666667 4.0
27.501291666666667 4.0
27.501291666666667 4.0
27.501291666666667 4.0
27.59140277777778 4.0
27.845755952380955 3.0
27.864327380952382 3.0