41.42559737293837 41.42559737293837 16.0 3.480929836434635 0.056850537109375 0.01224112901842354 250.09057849121095 0.4931506849315068 
33.906924263230756 33.906924263230756 15.0 2.8927574060957966 0.10644785156250001 0.04559616406463623 216.7623047688802 0.3972602739726027 
39.957263077588046 39.957263077588046 31.0 3.389678109248852 0.074561865234375 0.010082590297510624 417.23996533203126 0.4315068493150685 
39.59629142731538 39.59629142731538 13.0 3.332202319180648 0.049586669921875 0.015671559308111652 180.83586560058595 0.4178082191780822 
35.05938802561216 35.05938802561216 8.0 2.9918017865519415 0.09863217773437499 0.06495299044628372 136.35903186035156 0.4041095890410959 
43.220034812557586 43.220034812557586 18.0 3.579678395392018 0.05611669921875 0.012282052211761447 234.34056966145832 0.4383561643835616 
34.24479699050348 34.24479699050348 13.0 2.938807550395941 0.09608007812499998 0.049248591911077486 190.60676534016926 0.3904109589041096 
35.94135977549626 35.94135977549626 9.0 3.0939485094368995 0.07842314453125 0.03631348953882213 129.34804659016928 0.3972602739726027 
35.63481688394337 35.63481688394337 8.0 3.0524805884689785 0.08018955078125 0.042434380219879116 132.006133585612 0.410958904109589 
39.201866926058116 39.201866926058116 30.0 3.3964549951080913 0.078172802734375 0.009025207471392162 408.03650614420565 0.4178082191780822 
33.70608017398666 33.70608017398666 14.0 2.8769232402616307 0.10146201171875001 0.04782512174114223 224.06698006184897 0.4041095890410959 
38.729961211772405 38.729961211772405 31.0 3.293670868123964 0.080535986328125 0.009768874305536742 405.7763520507812 0.4178082191780822 
35.087904628617 35.087904628617 10.0 2.99009240279844 0.09076513671875 0.058282463062524874 143.44108146158854 0.4178082191780822 
34.2608548306372 34.2608548306372 12.0 2.9096931242991615 0.101066943359375 0.05410194546949626 182.66238049316408 0.410958904109589 
41.194303669256435 41.194303669256435 17.0 3.495872678886301 0.05751997070312499 0.01187293563501594 247.42819222005207 0.4863013698630137 
42.22192682459783 42.22192682459783 21.0 3.570049600004398 0.065165478515625 0.010722707840034975 303.1182359212239 0.4863013698630137 
37.99751527098804 37.99751527098804 27.0 3.2712444293580516 0.0760509765625 0.010346096640882499 347.5399647623698 0.4520547945205479 
42.80325006635608 42.80325006635608 21.0 3.5652756027598134 0.057769677734375 0.011879130953838812 285.7860733642578 0.4452054794520548 
42.64434248037481 42.64434248037481 18.0 3.558332516606201 0.05611826171874999 0.012253280201187117 257.52951407877606 0.4452054794520548 
40.4457734502271 40.4457734502271 24.0 3.4296612886425577 0.068462353515625 0.010680218972847466 296.1507611897787 0.4931506849315068 
41.68852502616235 41.68852502616235 20.0 3.5039221325458167 0.0579943359375 0.011776065202054995 274.4379110107422 0.4589041095890411 
37.536198577447664 37.536198577447664 24.0 3.2149791113427337 0.075767529296875 0.012617172326300162 311.14428605143223 0.410958904109589 
35.81218183343832 35.81218183343832 19.0 3.0301931370315276 0.073862744140625 0.02181397672455073 237.31349772135417 0.4041095890410959 
36.578070139576624 36.578070139576624 15.0 3.1293340294724192 0.06844970703125001 0.019008940679550147 183.5858994954427 0.4178082191780822 
36.953595737013245 36.953595737013245 20.0 3.1580102068554083 0.05902744140625 0.019291973238410965 255.5163907063802 0.4383561643835616 
40.31078544113953 40.31078544113953 25.0 3.420418449782072 0.07004794921875 0.010552792088689795 323.2889774576823 0.4246575342465753 
39.12496406996684 39.12496406996684 28.0 3.3544536645672873 0.075237939453125 0.010186697907021047 385.0561356201172 0.4315068493150685 
42.028843260834456 42.028843260834456 14.0 3.4374208099949586 0.05869838867187499 0.01306473804497955 213.254359375 0.4657534246575342 
40.640685016242784 40.640685016242784 18.0 3.399381414595037 0.05632255859375 0.013007980799446081 234.58989204915363 0.4452054794520548 
40.22371924668555 40.22371924668555 21.0 3.446672712512805 0.067459912109375 0.010826049995682232 306.44777734375 0.4794520547945205 
34.83689817353098 34.83689817353098 13.0 2.9820823486970545 0.088311181640625 0.037874043270065716 184.83774344889324 0.3904109589041096 
34.58131479714129 34.58131479714129 11.0 2.9579490366874266 0.09854931640625 0.05382773745918277 156.49453771972657 0.4041095890410959 
37.49986360131269 37.49986360131269 26.0 3.249912150525773 0.078530712890625 0.010690801910326482 377.0682374674479 0.410958904109589 
38.983874888298836 38.983874888298836 14.0 3.3106498161281444 0.052742138671875 0.013812219881937503 196.92521708170574 0.4657534246575342 
41.76684406957508 41.76684406957508 17.0 3.485818525523324 0.059192041015624995 0.011488327414133557 240.9581045735677 0.4726027397260274 
37.01125063422817 37.01125063422817 20.0 3.2092282101455476 0.079578369140625 0.021636806062281147 256.74915173339843 0.3972602739726027 
34.12940056003336 34.12940056003336 13.0 2.92138281431331 0.098308984375 0.05226926233643537 184.2056102294922 0.3972602739726027 
40.23562360624755 40.23562360624755 16.0 3.366803967532296 0.051848876953125 0.014422268676817436 225.03976851399742 0.4794520547945205 
36.99278422730177 36.99278422730177 17.0 3.186841480208818 0.057605566406249996 0.01394699272240642 235.3449787597656 0.4246575342465753 
37.41930818257937 37.41930818257937 15.0 3.205317848920945 0.06686791992187499 0.017977481452286264 210.93810563151038 0.4520547945205479 
36.96927320499074 36.96927320499074 13.0 3.186004816872154 0.05435908203124999 0.019474826241073592 200.57029939778647 0.4315068493150685 
40.21060589924867 40.21060589924867 16.0 3.4002390070026296 0.053035205078124995 0.012888654774258162 230.9607501220703 0.4589041095890411 
37.77214640514628 37.77214640514628 18.0 3.233189628311145 0.064295361328125 0.014084316987488276 232.98905090332033 0.4726027397260274 
34.33882621788428 34.33882621788428 12.0 2.9539887206876374 0.0972607421875 0.04028535752034191 183.50149645996095 0.410958904109589 
38.20370824322049 38.20370824322049 28.0 3.271102289334333 0.068825146484375 0.01090361827714205 397.29118778483064 0.4246575342465753 
39.761138014910784 39.761138014910784 29.0 3.3615120783757004 0.07125 0.010645010659456252 393.6815607910156 0.4178082191780822 
36.46271178126827 36.46271178126827 19.0 3.093594790933181 0.0866142578125 0.023924739647626866 251.02323384602866 0.3972602739726027 
39.20016106192225 39.20016106192225 30.0 3.3536225053756015 0.08135263671874998 0.009895158464899061 397.56628499348955 0.4246575342465753 
38.60627672473897 38.60627672473897 27.0 3.2895718198038626 0.068665771484375 0.011023240838348873 376.67901322428384 0.4246575342465753 
39.34855799881577 39.34855799881577 25.0 3.341622212685835 0.066920654296875 0.011361022908031935 314.70805631510416 0.4315068493150685 
39.80151527595384 39.80151527595384 23.0 3.429612643015739 0.0705328125 0.01079961611451149 324.7466853434245 0.4178082191780822 
37.94021297305206 37.94021297305206 26.0 3.2186693322329543 0.07633696289062501 0.01211748066637279 354.28787874348956 0.4383561643835616 
35.080790603323415 35.080790603323415 13.0 2.9996617575922535 0.077617236328125 0.026805924731848188 168.7161826171875 0.4041095890410959 
37.313170190636676 37.313170190636676 23.0 3.1503990200374097 0.07201201171874999 0.01604236817518232 314.1854687093099 0.410958904109589 
36.747223068577455 36.747223068577455 22.0 3.1361051653540817 0.083079833984375 0.015494897848665696 297.2379129638672 0.410958904109589 
34.86663802391452 34.86663802391452 11.0 2.9857177402061303 0.07223330078125 0.038469207229270844 158.60539538574216 0.3972602739726027 
33.86537436400717 33.86537436400717 13.0 2.913203465883961 0.09262211914062501 0.04874729836618659 191.51118957519532 0.3972602739726027 
34.763674941207746 34.763674941207746 9.0 2.997480522161018 0.07484536132812501 0.03853773156037567 152.05429219563803 0.3972602739726027 
38.74312740849965 38.74312740849965 16.0 3.258021131603175 0.060330810546875 0.014245976254522834 227.41971842447919 0.4520547945205479 
34.27862775506056 34.27862775506056 14.0 2.9336612580917536 0.1047966796875 0.037449722474107695 207.67093359375 0.4041095890410959 
33.751487001696276 33.751487001696276 15.0 2.8847778816642595 0.103075390625 0.04727151599822994 245.49614790852866 0.3972602739726027 
38.52750877745921 38.52750877745921 29.0 3.2538294469204687 0.07022075195312501 0.011174137622377877 360.3274688313802 0.4383561643835616 
38.22860138382946 38.22860138382946 21.0 3.276307490806407 0.062551171875 0.012894232706775652 271.2052997233073 0.4178082191780822 
36.73093912614561 36.73093912614561 17.0 3.114068095406486 0.069679833984375 0.01686267546415564 215.4493153483073 0.4589041095890411 
37.79663434152535 37.79663434152535 22.0 3.233990837525048 0.064788671875 0.012626802122392639 267.26988220214844 0.4931506849315068 
37.244576606209414 37.244576606209414 18.0 3.153549102273715 0.063615625 0.019923935144891727 221.98114872233072 0.4041095890410959 
35.20160672354822 35.20160672354822 10.0 2.989942770731161 0.08220791015625001 0.050325132330598724 137.365271484375 0.410958904109589 
37.431081794179335 37.431081794179335 16.0 3.2056277328450706 0.06373452148437501 0.01681412809362647 206.34168294270833 0.4246575342465753 
34.71899560825999 34.71899560825999 14.0 2.951924934473851 0.081476953125 0.03260021082066541 211.8375211181641 0.4041095890410959 
35.642817764174254 35.642817764174254 10.0 3.0301451572335476 0.07168784179687498 0.027968706684734838 135.32593811035156 0.4041095890410959 
42.38545266114174 42.38545266114174 22.0 3.5040158079794304 0.06372783203125 0.01097803851982117 283.29329752604167 0.4452054794520548 
42.476920373429465 42.476920373429465 19.0 3.510868537121633 0.05761777343749999 0.012141718428983659 232.4707010904948 0.410958904109589 
33.94037581460336 33.94037581460336 15.0 2.883813513730851 0.102580224609375 0.04068263756895303 221.85502498372398 0.4178082191780822 
39.972585590989674 39.972585590989674 29.0 3.401697530350626 0.07539638671875 0.009790695012512216 359.35511120605474 0.4315068493150685 
40.413755780543845 40.413755780543845 15.0 3.3840573520562685 0.0514771484375 0.015153076668252927 207.93143786621096 0.4315068493150685 
34.010347345703835 34.010347345703835 15.0 2.896201073539464 0.097591455078125 0.035487905363848174 220.1810467936198 0.4178082191780822 
40.49477767057675 40.49477767057675 30.0 3.4661859247048104 0.07843193359375 0.009631712135562904 389.3013409830729 0.4178082191780822 
33.771658514535005 33.771658514535005 14.0 2.8861859386743287 0.101307373046875 0.04406052193385361 222.5107900390625 0.410958904109589 
40.95554446597606 40.95554446597606 26.0 3.4508722743888383 0.068400146484375 0.011222979053318503 364.6275241292318 0.410958904109589 
40.11790840200735 40.11790840200735 14.0 3.350407197635526 0.051076757812500005 0.014994598367204648 212.81935884602865 0.4315068493150685 
40.54617077992354 40.54617077992354 15.0 3.41150873727236 0.054294384765625 0.012868834686634528 228.2909882405599 0.4315068493150685 
34.15340686951336 34.15340686951336 14.0 2.931092126930517 0.100497021484375 0.037727442632935024 222.59404821777346 0.4041095890410959 
36.03421764177515 36.03421764177515 15.0 3.0708769345721363 0.075061376953125 0.026474908379557058 198.25039591471352 0.3972602739726027 
41.85743450361301 41.85743450361301 30.0 3.5524364976612657 0.077909814453125 0.00979123933768511 390.18484952799474 0.4178082191780822 
39.89636750789458 39.89636750789458 28.0 3.44239937424117 0.073230810546875 0.01033611480512858 369.8138340657552 0.4178082191780822 
37.686526452513775 37.686526452513775 26.0 3.2446487518329628 0.077750048828125 0.011633365326902855 372.82658418782546 0.4315068493150685 
34.228551742614115 34.228551742614115 15.0 2.934742220301199 0.09996337890625 0.03403289018082614 225.0200281575521 0.4383561643835616 
42.55649905028064 42.55649905028064 22.0 3.5360552247717885 0.060763330078125 0.01185373675050973 292.93434016927085 0.410958904109589 
39.63245266045615 39.63245266045615 29.0 3.396266595925574 0.078013134765625 0.009529349543974396 360.3226780192057 0.4246575342465753 
36.242506139541575 36.242506139541575 25.0 3.127051591442613 0.082466357421875 0.016123077104876028 323.96301578776036 0.4041095890410959 
41.36829327354104 41.36829327354104 23.0 3.5296004955141176 0.067771875 0.010813871827306738 272.6652360839844 0.4657534246575342 
40.792388644243616 40.792388644243616 25.0 3.45658988636063 0.066060009765625 0.010740071658537392 338.6680373128255 0.4520547945205479 
36.108006009262496 36.108006009262496 10.0 3.0753729294613197 0.060106884765625 0.02332081479699372 139.55781514485676 0.4178082191780822 
38.06982025759758 38.06982025759758 25.0 3.279491753275964 0.072428759765625 0.010816336947367184 356.42329353841143 0.4452054794520548 
41.97144844892122 41.97144844892122 22.0 3.492498813862436 0.059652587890625004 0.012089832125961758 287.8658422851563 0.4041095890410959 
41.925504016295015 41.925504016295015 16.0 3.5102419909467892 0.0572591796875 0.011682647694053631 223.05723360188802 0.4794520547945205 
39.30864767168676 39.30864767168676 26.0 3.3310329130965353 0.07272041015625001 0.010420836768875133 367.1969709065755 0.4246575342465753 
38.41591386683663 38.41591386683663 29.0 3.287615613729236 0.07880341796875 0.010233435930643074 400.8239051920572 0.4315068493150685 
34.59567872674109 34.59567872674109 11.0 2.959538290244327 0.098133544921875 0.049851745841562795 175.50097094726564 0.4041095890410959 
34.0761037060102 34.0761037060102 13.0 2.9459812378196286 0.09706162109375001 0.04601625408748626 184.24127119954426 0.3972602739726027 
34.43127875073155 34.43127875073155 16.0 2.9019715755520714 0.089003369140625 0.04091477383572818 211.82958671061198 0.3972602739726027 
42.142797751579344 42.142797751579344 19.0 3.517741760458324 0.058462451171875006 0.011992601868221774 264.9448321940104 0.4178082191780822 
40.32457045778782 40.32457045778782 14.0 3.3482977500655524 0.056832177734374996 0.014900941843798136 207.43119474283853 0.4178082191780822 
35.32430831806481 35.32430831806481 10.0 3.0326561184945087 0.07183896484375 0.029702181488885836 138.2702920735677 0.4041095890410959 
34.36697007852656 34.36697007852656 13.0 2.905809381897772 0.09135424804687499 0.04416587968093157 195.24779793294272 0.4041095890410959 
36.0041883548323 36.0041883548323 13.0 3.072583754412083 0.063970947265625 0.03028805060178045 165.74256429036458 0.4041095890410959 
34.93242087217736 34.93242087217736 11.0 2.9947733623617525 0.07650634765625 0.03466901261758811 144.91221317545572 0.4041095890410959 
35.89860204100852 35.89860204100852 10.0 3.0878134056517954 0.06233310546875 0.03441412371224398 141.9789357096354 0.410958904109589 
40.861104269416515 40.861104269416515 18.0 3.450150019382063 0.056269970703125 0.011992276616737834 255.48912414550782 0.4383561643835616 
39.84215943375338 39.84215943375338 15.0 3.36702545160378 0.051630322265625 0.015073511703083497 215.20402970377603 0.4246575342465753 
35.28029077116726 35.28029077116726 13.0 3.009905469143859 0.07046933593749999 0.029300274754896178 149.70464261881511 0.4041095890410959 
39.70009704261511 39.70009704261511 16.0 3.3404202336191497 0.052582861328124994 0.014559031224110102 225.22164750162761 0.4315068493150685 
34.063516404749365 34.063516404749365 18.0 2.890539558583831 0.10396015625 0.04069970398779872 253.55145971679687 0.4041095890410959 
42.205878070895395 42.205878070895395 18.0 3.5114694629931473 0.054848974609375 0.012616473521950238 229.26076106770833 0.4383561643835616 
34.792890586673394 34.792890586673394 19.0 2.973987792668288 0.09837314453125 0.03323973181599614 281.50117472330726 0.3972602739726027 
34.015918557825046 34.015918557825046 14.0 2.904571564159955 0.09367744140624999 0.044565323310146294 199.1052315673828 0.3972602739726027 
42.31176580133489 42.31176580133489 19.0 3.531092957146053 0.057723828125 0.011937230867967592 275.50068652343754 0.4315068493150685 
41.270293613685936 41.270293613685936 20.0 3.429065117338802 0.058328369140624996 0.011913317667305441 291.06563041178384 0.4383561643835616 
35.27227822169059 35.27227822169059 9.0 3.0240743652804025 0.073413671875 0.039608483204498224 133.7162100423177 0.4041095890410959 
41.045526677125764 41.045526677125764 18.0 3.4725772339803296 0.05524008789062499 0.012365667411472762 257.7490880126953 0.4383561643835616 
41.10072237717734 41.10072237717734 25.0 3.547377681898425 0.06983681640625 0.009792422121849064 319.44491369628906 0.4589041095890411 
42.56378565060842 42.56378565060842 20.0 3.548648775012397 0.058779150390625 0.011434843409874445 271.17026261393227 0.4383561643835616 
34.386217040774845 34.386217040774845 15.0 2.8906612580917534 0.10160478515625002 0.03605600425945282 234.04385388183596 0.4041095890410959 
34.53787557612838 34.53787557612838 16.0 2.918641128221623 0.10382163085937499 0.03909110847177741 209.12635668945313 0.4041095890410959 
42.054902595390516 42.054902595390516 21.0 3.4911993251158884 0.06053852539062501 0.011915831237814416 272.94701057942706 0.4178082191780822 
41.31729114729611 41.31729114729611 28.0 3.4448627871440567 0.071846630859375 0.010359371408913133 349.53035705566407 0.4246575342465753 
41.56283777071054 41.56283777071054 15.0 3.4847099360735583 0.052443310546875 0.013017581903049922 206.41605017089842 0.4452054794520548 
34.72944062131711 34.72944062131711 10.0 2.962951506439897 0.08678081054687499 0.04711741539623494 164.63114294433595 0.4041095890410959 
35.572227998705806 35.572227998705806 19.0 3.061775466105961 0.08400039062499999 0.02172262694291115 247.92764196777344 0.4041095890410959 
34.62471107951388 34.62471107951388 11.0 2.956993303823799 0.078209912109375 0.04046106519777536 163.40450081380206 0.3972602739726027 
34.50519859200139 34.50519859200139 12.0 2.9406721250026204 0.08344936523437499 0.04503449789309746 178.17659167480468 0.3972602739726027 
40.47538480233389 40.47538480233389 21.0 3.381559545528431 0.06620283203125 0.011478146573886867 282.50685502115886 0.4315068493150685 
36.31215430424237 36.31215430424237 13.0 3.120759710808627 0.07258818359375001 0.025147281010303467 162.2567284342448 0.4041095890410959 
37.81827837122114 37.81827837122114 28.0 3.212814892228514 0.07287597656250001 0.011166266519784926 401.68391638183596 0.4520547945205479 
33.97252438200088 33.97252438200088 14.0 2.914562145800536 0.087101611328125 0.043630141997025085 210.70282759602867 0.3972602739726027 
34.575413094165896 34.575413094165896 12.0 2.9438471166776123 0.083647265625 0.04489200498505591 179.432182413737 0.4041095890410959 
40.053194686141175 40.053194686141175 23.0 3.394956357144747 0.06487724609375001 0.011156479465255728 301.5191350097656 0.4246575342465753 
37.36127645542452 37.36127645542452 24.0 3.1891287195776363 0.06809609375 0.012350610864486702 334.57933068847655 0.4520547945205479 
38.76837465359374 38.76837465359374 25.0 3.319689528703151 0.071707568359375 0.010798039525053505 386.62046008300774 0.4246575342465753 
34.19190072232721 34.19190072232721 11.0 2.950521492009882 0.094643896484375 0.04557203179455045 177.95407299804688 0.4041095890410959 
34.21494520778327 34.21494520778327 17.0 2.9152369835359 0.09527578125 0.035701044518938116 254.6171482747396 0.4041095890410959 
35.57271727910377 35.57271727910377 12.0 3.0260681675565575 0.069106005859375 0.02581793982164615 153.4229744059245 0.410958904109589 
39.2673041501481 39.2673041501481 13.0 3.3063904754688043 0.050456249999999994 0.02157805323496815 181.5810106608073 0.4315068493150685 
41.86723657801434 41.86723657801434 16.0 3.4549929530565753 0.056693017578125 0.013374013470222958 234.52145845540363 0.4041095890410959 
34.64573773397054 34.64573773397054 17.0 2.980257606188102 0.09302724609375002 0.02914464055179598 208.49487707519532 0.4041095890410959 
33.955484127810614 33.955484127810614 16.0 2.8984908282292183 0.08990625 0.03666972515106205 217.80700122070314 0.410958904109589 
41.34297266098367 41.34297266098367 22.0 3.4395989849331956 0.059436328125 0.011565662519607557 326.0797589111328 0.4520547945205479 
41.52560199870477 41.52560199870477 18.0 3.4789565450201665 0.056590136718749996 0.012191296398744571 243.18801106770835 0.4520547945205479 
38.81874479603129 38.81874479603129 14.0 3.2689396571780476 0.049893457031250005 0.015935030296268495 193.34710172526042 0.4178082191780822 
38.49536508213321 38.49536508213321 27.0 3.3191677000673905 0.0754515625 0.010054895960321416 365.64399902343746 0.4383561643835616 
40.77934352824849 40.77934352824849 28.0 3.411005644286914 0.07096474609375 0.010209594710674286 353.57083451334637 0.4178082191780822 
39.51571017684242 39.51571017684242 27.0 3.4204791957612395 0.07905434570312501 0.010342862846758363 344.935247273763 0.4383561643835616 
39.33780676615954 39.33780676615954 28.0 3.361261578875201 0.07448217773437499 0.009974495078861707 341.8792067057292 0.4383561643835616 
41.942573926776696 41.942573926776696 21.0 3.522877929191551 0.05923833007812499 0.012114586940643763 265.4374707845052 0.4178082191780822 
40.729722716483714 40.729722716483714 20.0 3.433857393191604 0.05822670898437499 0.01174140743055581 275.01290450032553 0.4520547945205479 
36.61372931331826 36.61372931331826 12.0 3.1054398594181873 0.061277685546875 0.0204509701053166 147.12863635253905 0.410958904109589 
36.40673235325219 36.40673235325219 12.0 3.109465859561835 0.056709912109375 0.0246424066099858 167.9301990559896 0.410958904109589 
36.27882752067506 36.27882752067506 18.0 3.0678279326452698 0.0708724609375 0.016820862284841562 219.11652323404945 0.4178082191780822 
34.41895460703899 34.41895460703899 17.0 2.9497459356948523 0.08620126953125 0.03258330436085697 239.68488500976562 0.410958904109589 
39.163702228540295 39.163702228540295 14.0 3.3228852519341685 0.05469775390625 0.015233307042121853 180.14861678059896 0.410958904109589 
34.687220435032806 34.687220435032806 13.0 2.9424630321690692 0.08383867187499999 0.03375357850037577 175.60817517089842 0.410958904109589 
42.286842165498754 42.286842165498754 19.0 3.4951835520001153 0.05548891601562501 0.013027084846928138 247.03155383300782 0.4246575342465753 
34.04644244504893 34.04644244504893 13.0 2.9312653426037327 0.10008837890625 0.049053043210983305 195.4876725667318 0.3904109589041096 
41.58553575138484 41.58553575138484 22.0 3.502351559070445 0.063991259765625 0.011005648807451722 298.7915411376953 0.4452054794520548 
37.7228711265635 37.7228711265635 14.0 3.1929424582984955 0.070137646484375 0.018795847934696665 196.89731278483075 0.4246575342465753 
36.19787629250866 36.19787629250866 21.0 3.0675641976702352 0.077803125 0.01635392444213867 276.6771792805989 0.4178082191780822 
40.8694405362405 40.8694405362405 22.0 3.5404057538264966 0.06640478515624999 0.010135248510599134 293.94836486816405 0.4589041095890411 
35.62760442196091 35.62760442196091 12.0 3.027670548508939 0.07198071289062499 0.02760380877453092 160.76604947916667 0.4041095890410959 
41.81472202201479 41.81472202201479 19.0 3.48817367070494 0.058669384765625006 0.012310097358820424 280.09146175130206 0.4246575342465753 
36.415750821351 36.415750821351 23.0 3.1187979611547725 0.08209482421874999 0.015870434550037366 266.2252227376302 0.4246575342465753 
34.906734421201435 34.906734421201435 12.0 2.975228735935547 0.09395004882812501 0.050228830552198976 155.08155513509115 0.4041095890410959 
39.53300471765249 39.53300471765249 17.0 3.336390266853889 0.0520337890625 0.015683263204326642 236.17553108723956 0.4178082191780822 
41.145370093942866 41.145370093942866 19.0 3.46319622755985 0.05850224609375 0.011790193994579298 254.89846305338543 0.4520547945205479 
37.63543677177484 37.63543677177484 24.0 3.216036545085461 0.06925424804687501 0.011599626548101889 331.33503706868487 0.4520547945205479 
38.02725127671434 38.02725127671434 11.0 3.223576366375283 0.056694921875 0.018351896884336485 168.0556228434245 0.4178082191780822 
36.69904008313496 36.69904008313496 24.0 3.155490310961828 0.08175268554687501 0.01334036768394709 326.5216409098307 0.4178082191780822 
40.90417614122891 40.90417614122891 20.0 3.46074264780627 0.060833203125 0.012608982819566716 251.1319484863281 0.410958904109589 
34.28715660620941 34.28715660620941 16.0 2.9469385252690206 0.10380502929687502 0.03203306514506579 237.4152069905599 0.410958904109589 
34.05860436400717 34.05860436400717 12.0 2.9119860055665003 0.089352294921875 0.04435182257276768 182.38475012207033 0.4041095890410959 
34.66113903401552 34.66113903401552 10.0 2.958377191865582 0.08541210937499999 0.04665589805579179 164.79929724121095 0.4041095890410959 
39.76131383984608 39.76131383984608 23.0 3.3757376428696864 0.06598037109374999 0.010960638673343657 304.22094588216146 0.4452054794520548 
39.92658945236222 39.92658945236222 19.0 3.378788635152257 0.05721044921875 0.013773029841661453 246.12646317545574 0.4178082191780822 
38.07871938441847 38.07871938441847 25.0 3.286041326904949 0.0752033203125 0.01066707078696251 332.44351981608065 0.4178082191780822 
34.88448544094194 34.88448544094194 12.0 2.9790802221686126 0.076974462890625 0.031654950172617415 159.3244647623698 0.410958904109589 
35.4886478927007 35.4886478927007 17.0 3.049738558569054 0.0775716796875 0.022907695275726326 202.86285229492188 0.4041095890410959 
41.674201545621564 41.674201545621564 23.0 3.4702162345222716 0.065805419921875 0.011731285729229459 319.30126647949214 0.410958904109589 
39.46373494168542 39.46373494168542 17.0 3.318266923719555 0.05217666015624999 0.013962159339227696 236.77106018066405 0.4452054794520548 
34.52737713943951 34.52737713943951 11.0 2.954963975670013 0.09676484375000001 0.04880613931408883 175.78706274414063 0.4041095890410959 
35.76419312436961 35.76419312436961 22.0 3.086310025698416 0.08580517578124999 0.016301102815628066 294.58875187174476 0.410958904109589 
39.38607921452816 39.38607921452816 12.0 3.302702568930897 0.053083544921875 0.015139300726769011 175.84407678222658 0.4383561643835616 
34.54311363012118 34.54311363012118 16.0 2.9362367072040443 0.08870825195312498 0.03243292115098246 213.97072188313803 0.410958904109589 
42.24870170531395 42.24870170531395 19.0 3.5564244394064826 0.058165966796875 0.011476441274473647 258.46926802571613 0.4452054794520548 
34.99349422525703 34.99349422525703 20.0 3.004460170290665 0.08266918945312499 0.024767012680590197 259.0548779296875 0.4041095890410959 
39.237315932672416 39.237315932672416 15.0 3.3101094429478333 0.05458237304687501 0.023866886031010188 208.16177705891926 0.3972602739726027 
40.99026304397528 40.99026304397528 21.0 3.5215932261752694 0.06501567382812501 0.011107068985245216 280.105786336263 0.4178082191780822 
39.051428357373624 39.051428357373624 15.0 3.2602865501543516 0.05330717773437501 0.016987544814322013 197.49808085123698 0.4178082191780822 
36.53233920594198 36.53233920594198 22.0 3.1164724457860675 0.073983056640625 0.017096130611946595 312.79837854003904 0.4041095890410959 
41.49801736529896 41.49801736529896 20.0 3.4417091930257566 0.055610156249999994 0.012447312524280565 259.50945768229167 0.4178082191780822 
40.206508544446606 40.206508544446606 14.0 3.414756985755902 0.050685302734375 0.014804684052765334 198.69597957356768 0.4383561643835616 
37.97092830795108 37.97092830795108 28.0 3.289306533920156 0.07683686523437501 0.010723961509439939 362.9617111409505 0.410958904109589 
37.072330837000976 37.072330837000976 25.0 3.178189834245562 0.07860292968749999 0.015697303672208774 351.0353907877604 0.4041095890410959 
34.13124788493069 34.13124788493069 17.0 2.904401157081652 0.09289345703124999 0.03993683150085451 208.89113301595054 0.3972602739726027 
39.40014774331963 39.40014774331963 23.0 3.3431816826276575 0.06530859375 0.011526515516757978 308.63053116861977 0.4178082191780822 
34.302089986396474 34.302089986396474 13.0 2.9681502077385975 0.08723935546875 0.03696692283119197 183.14504406738283 0.4246575342465753 
35.68691853915091 35.68691853915091 10.0 3.017404524010561 0.06918671875 0.028442182806406105 134.81027091471353 0.410958904109589 
41.4470708976421 41.4470708976421 16.0 3.403432539785636 0.058393017578125 0.014549459982464341 217.02264416503908 0.410958904109589 
34.32492286100725 34.32492286100725 18.0 2.9676745071234234 0.094199755859375 0.03055847885591748 269.1222740071615 0.410958904109589 
35.138488049771006 35.138488049771006 15.0 2.963657163201436 0.0765951171875 0.038127216606798214 214.61612532552084 0.4041095890410959 
37.66336941145026 37.66336941145026 19.0 3.1945777924002385 0.070283154296875 0.01430560773217441 266.5756561686198 0.4041095890410959 
35.77550102111339 35.77550102111339 10.0 3.0574895889456264 0.064150341796875 0.03541604358827822 146.2889629720052 0.4178082191780822 
40.06396493935888 40.06396493935888 19.0 3.3955620261403543 0.058864941406249996 0.013269372176847472 276.8576947021484 0.4178082191780822 
39.580569175971945 39.580569175971945 15.0 3.3801217964354193 0.053736376953125 0.01468119934251067 244.49707861328125 0.410958904109589 
42.11677743160521 42.11677743160521 23.0 3.5669579047715274 0.065596728515625 0.010760939626238348 312.2429774983724 0.4383561643835616 
37.882057358051306 37.882057358051306 13.0 3.1979118429901714 0.05371616210937501 0.026080062695267126 173.3048631591797 0.4315068493150685 
35.477244104500585 35.477244104500585 13.0 3.0019796560680465 0.072551123046875 0.03474724160490277 173.8599560953776 0.3972602739726027 
35.21171093877743 35.21171093877743 11.0 2.988177696916088 0.080758203125 0.04298371930984499 152.29468994140626 0.3972602739726027 
39.27518815599777 39.27518815599777 21.0 3.3899313853844815 0.06156953125 0.013058953193578695 292.4780862630208 0.4178082191780822 
38.29827435135213 38.29827435135213 25.0 3.2583795109431333 0.07363212890625 0.011369883864173877 337.73836332194014 0.4383561643835616 
34.94609344959994 34.94609344959994 14.0 3.006758072096462 0.0773169921875 0.026926035786619243 182.45266630045572 0.4041095890410959 
34.60387939698589 34.60387939698589 11.0 2.925210258798649 0.087743017578125 0.037942326521923586 168.76122391764324 0.4041095890410959 
35.340956264270645 35.340956264270645 24.0 3.037362330411247 0.09718505859375 0.02316729120540619 335.8630951334635 0.4041095890410959 
36.88855822038471 36.88855822038471 24.0 3.1830853059736954 0.07976127929687499 0.014178314978191872 297.82912906901043 0.410958904109589 
34.74985055448336 34.74985055448336 16.0 2.978569572000067 0.09355913085937502 0.027604611617491222 227.66135139973957 0.4041095890410959 
35.24538780050531 35.24538780050531 16.0 2.9996991567943576 0.09536401367187501 0.030589821165621256 242.85798974609375 0.3972602739726027 
39.43062509364217 39.43062509364217 25.0 3.3342770658478087 0.070044189453125 0.010819699439585209 327.5543562011718 0.410958904109589 
35.11323342073991 35.11323342073991 17.0 2.983713283551674 0.079555712890625 0.03196473771393058 230.21141707356773 0.3972602739726027 
37.73944787949065 37.73944787949065 22.0 3.2229492856129083 0.06806123046875 0.012625941482696523 299.24944616699224 0.4178082191780822 
36.434678292534784 36.434678292534784 16.0 3.055209620548011 0.069380810546875 0.02124667008325815 204.2109404296875 0.4041095890410959 
41.641839771226365 41.641839771226365 18.0 3.455295873012437 0.059839062500000005 0.01356389374395373 258.72733426920576 0.4041095890410959 
36.795812952319444 36.795812952319444 24.0 3.173867407205797 0.075882421875 0.013479410947122551 346.1894604085286 0.410958904109589 
38.4318609555649 38.4318609555649 13.0 3.219586806915135 0.055895361328125 0.018912327800705415 185.26698811848956 0.4178082191780822 
34.400515430542974 34.400515430542974 13.0 2.9603225879899253 0.09482128906250001 0.03721984953808779 195.45821122233073 0.410958904109589 
35.960731772388264 35.960731772388264 13.0 3.063504797593188 0.069934814453125 0.020715968998491766 170.62398201497396 0.410958904109589 
35.659106528509334 35.659106528509334 16.0 3.0293741729546686 0.070421142578125 0.020357604409754256 186.56774837239584 0.4178082191780822 
36.842927019129824 36.842927019129824 20.0 3.1706616909921865 0.08319121093749998 0.01778688711253167 254.07906587727862 0.4041095890410959 
34.64781848698086 34.64781848698086 14.0 2.9478186765247143 0.094396728515625 0.03264865751510857 200.93171207682292 0.4041095890410959 
40.68785692263189 40.68785692263189 23.0 3.549966914887658 0.075244580078125 0.010483247548983093 278.69385115559896 0.4383561643835616 
34.752301925334734 34.752301925334734 10.0 2.9808932205737158 0.07990341796875 0.04153387892202379 152.75394576009117 0.3972602739726027 
34.338568254794744 34.338568254794744 18.0 2.9659399624283527 0.090783154296875 0.03336671524317021 263.02508341471355 0.410958904109589 
39.03874624673744 39.03874624673744 16.0 3.2316825564356524 0.0637369140625 0.020143064879121785 207.7046231282552 0.3972602739726027 
35.23669494564775 35.23669494564775 11.0 3.0188624901929857 0.076137158203125 0.028808066854784452 156.82884908040364 0.4041095890410959 
42.23514244688404 42.23514244688404 21.0 3.5176041758207397 0.060834375 0.011808812966718667 286.581640218099 0.410958904109589 
36.97055552600306 36.97055552600306 17.0 3.16486098292832 0.070745849609375 0.016759599138796332 205.1928050130208 0.4246575342465753 
36.334444328720814 36.334444328720814 12.0 3.091106851095241 0.061872656250000005 0.02362414123748775 148.7240526529948 0.4041095890410959 
41.95518637210915 41.95518637210915 20.0 3.476097548461171 0.05911064453124999 0.011591570539484026 292.2695011393229 0.4315068493150685 
36.913173379903554 36.913173379903554 23.0 3.1261936321504438 0.07545810546875001 0.014485875798168162 304.0136094563802 0.4178082191780822 
35.44572430721326 35.44572430721326 11.0 3.0324999578165217 0.066405517578125 0.028452649995148228 141.03351029459637 0.4178082191780822 
37.466338397108565 37.466338397108565 17.0 3.174210415367227 0.060691650390625 0.0170606074219346 208.86995434570315 0.410958904109589 
36.946207035955105 36.946207035955105 15.0 3.1485867615356784 0.06783544921875001 0.018097891820430766 185.2979452718099 0.410958904109589 
38.28758895602334 38.28758895602334 18.0 3.2490601104090264 0.0599740234375 0.014220918052377714 238.30680021158855 0.410958904109589 
38.55867387548297 38.55867387548297 18.0 3.24570339816702 0.05877236328125 0.011778651465978616 240.192193359375 0.4246575342465753 
40.87896232376671 40.87896232376671 27.0 3.465160826359743 0.069865380859375 0.010212036541702744 344.3926430257161 0.4246575342465753 
37.11531837189986 37.11531837189986 12.0 3.1626729905113806 0.065950048828125 0.019633878026726285 157.08749833170572 0.4246575342465753 
38.93304692016446 38.93304692016446 22.0 3.3656490060163433 0.069541357421875 0.012617256793262968 319.02116052246095 0.4178082191780822 
34.512117172309985 34.512117172309985 15.0 2.923722546803042 0.08465883789062499 0.043971460273220526 205.5562928466797 0.3972602739726027 
37.3380286166173 37.3380286166173 14.0 3.1660223479822553 0.05983427734375 0.018806730665836352 201.23232661946614 0.4178082191780822 
38.14296577048854 38.14296577048854 24.0 3.251534089697712 0.073085302734375 0.012410670971825109 330.00267846679685 0.4383561643835616 
40.316815122306316 40.316815122306316 21.0 3.4150997947528907 0.061730859374999995 0.011590680997600576 290.22409484863283 0.4315068493150685 
35.52848299338948 35.52848299338948 10.0 3.0298110246994145 0.06937255859375 0.02557493291974068 136.1427958984375 0.410958904109589 
40.695203413956186 40.695203413956186 17.0 3.373542536806159 0.056423925781249995 0.014347457869663214 218.41220133463543 0.4315068493150685 
34.401115982213526 34.401115982213526 18.0 2.9693542119215492 0.09699902343750001 0.030452799309492132 229.96163911946616 0.410958904109589 
35.83503700401938 35.83503700401938 13.0 3.0472227139905157 0.065865576171875 0.024231460184624215 165.4726599934896 0.4041095890410959 
35.926695670499086 35.926695670499086 14.0 3.0831564358414205 0.07306972656249999 0.02143632126969335 185.98671936035154 0.4178082191780822 
34.07312581491608 34.07312581491608 17.0 2.9264749272914914 0.09649555664062501 0.03609978914930585 253.15655041503908 0.4041095890410959 
37.21706916519154 37.21706916519154 12.0 3.1372428605106624 0.060054394531250006 0.023006279125938396 158.3115684814453 0.4041095890410959 
35.3312114149679 35.3312114149679 10.0 2.9945737286621186 0.075607470703125 0.03304453521554232 135.77353454589843 0.4041095890410959 
36.15491127702879 36.15491127702879 18.0 3.084824392669594 0.08460083007812498 0.024688360081732252 290.3482821858724 0.3972602739726027 
38.070892126004374 38.070892126004374 29.0 3.2277323259643698 0.07223564453125 0.010870417785654058 393.4065060221354 0.4178082191780822 
36.563908390214884 36.563908390214884 18.0 3.099269144357535 0.07084863281249999 0.017755257902145372 213.4115888671875 0.4178082191780822 
34.040453844760336 34.040453844760336 13.0 2.942278412866803 0.09255126953125002 0.04064221496510514 189.50948950195314 0.4178082191780822 
41.485451288362476 41.485451288362476 24.0 3.505347749721898 0.06672021484375 0.01039000657320023 316.2044579264323 0.4589041095890411 
39.33902093538213 39.33902093538213 26.0 3.324414735367832 0.073489208984375 0.011548108554050916 339.95649039713544 0.4041095890410959 
39.902123541827976 39.902123541827976 18.0 3.328243838617523 0.057476806640625 0.012485285855591262 239.0572376302083 0.4520547945205479 
33.93206028919309 33.93206028919309 13.0 2.889975360655856 0.09456547851562501 0.04278021778285261 210.22348685709636 0.3972602739726027 
34.38966898517547 34.38966898517547 14.0 2.939537542625933 0.08511572265624999 0.03499509193634994 208.73875150553383 0.4041095890410959 
41.73975204346393 41.73975204346393 19.0 3.4683308125826704 0.060475634765625 0.01274709603039979 242.62419384765627 0.4178082191780822 
41.469883539707624 41.469883539707624 23.0 3.4896057665588627 0.07098374023437498 0.010802580904819965 322.3604004720052 0.4178082191780822 
38.636613034596984 38.636613034596984 17.0 3.273533593461922 0.06200522460937499 0.013572088997509495 200.0442539876302 0.4452054794520548 
39.18824222181499 39.18824222181499 23.0 3.3475492634128856 0.062230615234375 0.011449608314421164 315.5348979899088 0.4315068493150685 
38.84440863843071 38.84440863843071 23.0 3.3681450811658245 0.06738339843749999 0.009815137713088985 300.7591504720052 0.4520547945205479 
34.36486987317636 34.36486987317636 14.0 2.9246009514393414 0.08848613281249999 0.043570610384664546 191.5495381266276 0.3972602739726027 
42.269801381282974 42.269801381282974 23.0 3.5497894905060536 0.06309863281250001 0.011632080896139138 320.27036153157553 0.4041095890410959 
34.04548512227539 34.04548512227539 13.0 2.9124597757763393 0.09011923828124999 0.041228980102624824 210.84002115885417 0.4178082191780822 
37.93369382138501 37.93369382138501 15.0 3.2299391220922185 0.054439062499999996 0.01737814249791143 208.3113536376953 0.4383561643835616 
36.302122964111916 36.302122964111916 12.0 3.069868430846759 0.065197314453125 0.025919823210880776 147.59535778808595 0.410958904109589 
35.9913464534004 35.9913464534004 12.0 3.107686263014591 0.06834150390625 0.0270717266439056 176.65645235188802 0.4246575342465753 
34.377208620861424 34.377208620861424 17.0 2.8898857169662118 0.10148999023437501 0.046192169578611886 240.6266344401042 0.3972602739726027 
35.46469266371915 35.46469266371915 11.0 3.00558404057243 0.06743149414062499 0.030389797772982168 129.89130033365885 0.410958904109589 
34.45645686396335 34.45645686396335 15.0 2.9207355945739852 0.09594775390624999 0.03889643143749245 222.42919966634113 0.3972602739726027 
41.11587233702142 41.11587233702142 21.0 3.513319142072238 0.06473369140625 0.011334974821052547 267.9019957682292 0.4178082191780822 
36.759496423059225 36.759496423059225 18.0 3.0962019285324236 0.0706068359375 0.01610062206868174 241.1733210449219 0.4315068493150685 
41.821510720859806 41.821510720859806 24.0 3.5133666737802955 0.06379511718750001 0.011086358717260358 293.80049060058593 0.4178082191780822 
33.96573227743877 33.96573227743877 12.0 2.9147907616291513 0.091777783203125 0.046448080600664694 174.56959118652344 0.4041095890410959 
37.06012050546804 37.06012050546804 16.0 3.15331224277958 0.062300878906249996 0.018560187362232205 221.02411747233072 0.410958904109589 
34.24926944337225 34.24926944337225 12.0 2.9260790791595745 0.089489404296875 0.04216393713999029 177.5368962402344 0.3972602739726027 
37.094699006461376 37.094699006461376 10.0 3.145507939875742 0.060779052734375 0.021166074037611442 130.71615205891928 0.410958904109589 
35.358928191758366 35.358928191758366 16.0 2.98054541925223 0.09202202148437498 0.0308671308081841 200.91725642903648 0.3972602739726027 
34.81644394577044 34.81644394577044 15.0 2.9662745167629065 0.085410791015625 0.03100536527867557 188.1185839436849 0.3972602739726027 
40.44736832349109 40.44736832349109 16.0 3.422022845386467 0.055045410156249995 0.012949784735679617 214.60447875976564 0.4589041095890411 
37.84948598206747 37.84948598206747 12.0 3.2185100145984054 0.056277001953124996 0.017310425896265472 160.89792130533854 0.4315068493150685 
35.42865783331564 35.42865783331564 12.0 3.055687398617894 0.06829765625 0.03255413832069394 152.6550693359375 0.3972602739726027 
37.53370557828996 37.53370557828996 19.0 3.1823791802280965 0.066831201171875 0.012575740010120852 263.53602144368494 0.4246575342465753 
36.78946415334064 36.78946415334064 16.0 3.140815908704299 0.068908154296875 0.01681063366920711 194.06339217122394 0.4178082191780822 
37.75924389207284 37.75924389207284 15.0 3.2086985285268566 0.057017382812499996 0.018265735878572456 203.31445556640625 0.4246575342465753 
34.89962716342997 34.89962716342997 13.0 2.974342759923255 0.08289013671875 0.03874752761960025 180.58171138509115 0.3972602739726027 
34.496327596564086 34.496327596564086 11.0 2.9526460341344243 0.09045634765624999 0.041932309859237675 185.11300488281253 0.4041095890410959 
36.95805676339313 36.95805676339313 16.0 3.1218257237430613 0.07723525390625001 0.018239993669309604 201.36904341634116 0.4041095890410959 
38.58339521297417 38.58339521297417 13.0 3.2239304355087643 0.055775537109375 0.017232957418110362 178.34450427246094 0.4178082191780822 
36.69098069983508 36.69098069983508 25.0 3.1339607819596984 0.08037636718749999 0.013165442935075766 343.0180963134766 0.410958904109589 
34.85529918053567 34.85529918053567 15.0 2.9613852393736293 0.087440234375 0.03167927492195133 192.02705411783856 0.4041095890410959 
35.71670085879205 35.71670085879205 20.0 3.0442557887588846 0.080509033203125 0.023168534426987134 262.12430859374996 0.4041095890410959 
34.383266770314314 34.383266770314314 18.0 2.9468761621935 0.09232114257812502 0.030907493483021284 244.83427274576826 0.4383561643835616 
35.157829250232055 35.157829250232055 20.0 3.035072169402665 0.08550600585937498 0.023999956395103935 261.95008748372396 0.410958904109589 
39.09083874908889 39.09083874908889 27.0 3.335496843902572 0.076128662109375 0.010400061042845238 367.38179972330727 0.4315068493150685 
41.71820752960662 41.71820752960662 20.0 3.4866668388199344 0.058001171875 0.012265931426296237 269.7842829996745 0.410958904109589 
35.007942918727295 35.007942918727295 14.0 2.959096585045502 0.081216259765625 0.03136290055839772 206.0814425455729 0.410958904109589 
38.13399128085365 38.13399128085365 15.0 3.2764948418626436 0.053146142578125 0.023388890958216123 202.06118644205728 0.410958904109589 
35.17873261744963 35.17873261744963 11.0 2.9971876103944215 0.071996337890625 0.03952503865414865 143.03476656087238 0.410958904109589 
37.166291258158765 37.166291258158765 18.0 3.2021322792274804 0.08100859374999998 0.0209092131127453 241.98558837890624 0.3972602739726027 
35.86510372484241 35.86510372484241 16.0 3.074649268447411 0.079179052734375 0.023614159910156744 214.61901786295573 0.4041095890410959 
36.67588103701252 36.67588103701252 12.0 3.1056901122785026 0.06326865234375 0.02020012065633771 176.1606619873047 0.4178082191780822 
36.666577779648975 36.666577779648975 25.0 3.1150044956075913 0.08191240234375 0.015328984028205865 342.37944783528644 0.410958904109589 
38.448348324666384 38.448348324666384 15.0 3.2842660822149994 0.053476123046875 0.013698548276588935 207.37084606933595 0.4383561643835616 
40.643143528248494 40.643143528248494 28.0 3.4090056442869137 0.07026669921874999 0.010235090463771818 362.35328243001305 0.4178082191780822 
41.85894278236556 41.85894278236556 18.0 3.473762383626006 0.056492333984375 0.01207421527095081 277.7683131103516 0.4315068493150685 
40.719812392521476 40.719812392521476 26.0 3.407982929746552 0.072051904296875 0.010501355625441076 331.0788371582031 0.4246575342465753 
34.179559993757536 34.179559993757536 15.0 2.886439376756714 0.09570317382812502 0.04658641340243575 241.93493953450522 0.4041095890410959 
34.222295541952036 34.222295541952036 13.0 2.915636138474529 0.088850439453125 0.03970968662739046 207.05591837565106 0.3972602739726027 
37.5902391595917 37.5902391595917 17.0 3.1877055938729315 0.06359794921875 0.015600612015495324 235.8344865315755 0.410958904109589 
37.180678144904626 37.180678144904626 11.0 3.1522179067062965 0.060250537109374995 0.022296120621654952 158.15262003580727 0.4452054794520548 
34.257244782477585 34.257244782477585 13.0 2.9063953850758804 0.08859252929687499 0.04265294760328531 178.01526310221354 0.3972602739726027 
39.47519460272957 39.47519460272957 24.0 3.418323015804285 0.068846044921875 0.01040105428209544 334.8593903401692 0.4383561643835616 
37.27399202824351 37.27399202824351 17.0 3.1602137719521624 0.06462587890625 0.018950293508424764 218.57137174479163 0.4041095890410959 
36.516685436697806 36.516685436697806 16.0 3.1119657794218165 0.0622787109375 0.020590849978151336 211.80390474446614 0.410958904109589 
35.50657624370642 35.50657624370642 14.0 3.019822475529287 0.086983935546875 0.028163085812303975 167.42843408203123 0.3972602739726027 
36.37158813955051 36.37158813955051 20.0 3.0947343996904366 0.07400668945312501 0.017931868241789356 269.46799540201823 0.4041095890410959 
37.23010146380795 37.23010146380795 12.0 3.1255712866596768 0.06342070312499999 0.022777123566541678 157.81541467285155 0.4041095890410959 
38.595377507355046 38.595377507355046 16.0 3.281785619402957 0.054251025390625006 0.013147530553886882 237.9421309814453 0.4315068493150685 
36.334753729086536 36.334753729086536 11.0 3.0928679680484636 0.069747216796875 0.022502757262041536 140.5038993326823 0.4178082191780822 
34.17535698138979 34.17535698138979 14.0 2.8994958124263075 0.09577841796874999 0.03499290898832325 213.87003039550783 0.4041095890410959 
35.40778752904989 35.40778752904989 11.0 2.9987237159297537 0.071501171875 0.037267377997074136 163.81921171061197 0.410958904109589 
39.80976117964767 39.80976117964767 18.0 3.320531908064416 0.053577001953125 0.014959987682106511 249.45687556966146 0.410958904109589 
34.40376275806925 34.40376275806925 17.0 2.9302141160525057 0.094006884765625 0.035796201149294354 238.70411584472657 0.4041095890410959 
37.07522586578025 37.07522586578025 27.0 3.199395125394042 0.07957280273437499 0.011557607062933456 371.2717842610677 0.410958904109589 
38.65038015364924 38.65038015364924 23.0 3.3265836068472288 0.06856093749999999 0.010636024073638919 297.4792978922526 0.4315068493150685 
40.65505854525763 40.65505854525763 25.0 3.5332629094160053 0.070499365234375 0.01079468523483514 319.6265315755208 0.4246575342465753 
40.11962285340562 40.11962285340562 25.0 3.3925641485277707 0.06723662109375 0.011579706610116957 321.43399178059894 0.410958904109589 
41.10759429950339 41.10759429950339 24.0 3.5154748600384824 0.06537236328125 0.01070548791104317 305.08972953287764 0.4589041095890411 
35.38968458069107 35.38968458069107 11.0 3.0181030881914785 0.069491845703125 0.028318908903839576 139.0999110921224 0.3972602739726027 
38.474437140714464 38.474437140714464 21.0 3.2886194589036695 0.064048779296875 0.011367212086174474 298.1374423014323 0.4452054794520548 
34.86931062131711 34.86931062131711 11.0 2.9866390244774146 0.07999301757812499 0.042236825558903235 152.4063505452474 0.410958904109589 
38.873210496522745 38.873210496522745 23.0 3.3146197441017877 0.064275927734375 0.011774772347710122 323.06052730305987 0.4383561643835616 
39.42282496328405 39.42282496328405 24.0 3.4084286839923066 0.067653564453125 0.010529409577429295 322.91113496907553 0.4315068493150685 
35.713466445492934 35.713466445492934 12.0 3.031549158787549 0.068402783203125 0.029013918052265626 155.0967206624349 0.410958904109589 
40.06227315136875 40.06227315136875 26.0 3.4835059705860014 0.072945263671875 0.009908939088795182 336.57401656087245 0.4246575342465753 
36.410103011025775 36.410103011025775 15.0 3.101045889009512 0.06209868164062501 0.021902229891512408 203.75448217773436 0.4178082191780822 
35.03520906819187 35.03520906819187 16.0 2.989797982478478 0.078367724609375 0.027200345268747775 205.59966955566406 0.410958904109589 
35.184902973409464 35.184902973409464 9.0 3.0355120403504303 0.068733984375 0.035347086801328614 132.91816475423178 0.3972602739726027 
38.98266813812091 38.98266813812091 15.0 3.26256282762645 0.05915283203125 0.014850780435562132 192.82233076985676 0.4315068493150685 
34.39457765533572 34.39457765533572 15.0 2.927196041144957 0.08971845703125 0.031964835885868056 216.2502510579427 0.410958904109589 
38.456531700696964 38.456531700696964 16.0 3.2550134954312973 0.057091650390625005 0.015328819071962834 201.65790201822918 0.4383561643835616 
35.632082292920366 35.632082292920366 17.0 3.0384911737900904 0.07888481445312501 0.02429193151719333 238.8156747233073 0.4041095890410959 
37.12680336412985 37.12680336412985 14.0 3.1609985427369325 0.0597314453125 0.022144875256299962 200.64771321614586 0.410958904109589 
35.48142789731596 35.48142789731596 14.0 3.040186839235756 0.07018720703125 0.0266619747816181 174.75604923502604 0.4041095890410959 
41.007039116325714 41.007039116325714 18.0 3.43523692640349 0.057210351562500004 0.012896735579910263 255.88629532877604 0.410958904109589 
37.485329624470815 37.485329624470815 23.0 3.240485114988211 0.075774072265625 0.0128146800769353 311.48092716471353 0.410958904109589 
38.17667481837736 38.17667481837736 16.0 3.2361494000667377 0.062565087890625 0.014202492051508428 190.0393016357422 0.4246575342465753 
35.566480136246625 35.566480136246625 11.0 3.0351515008898913 0.067348681640625 0.027845325930473813 151.01035083007812 0.4041095890410959 
40.15054196726562 40.15054196726562 21.0 3.3796314629127324 0.06712299804687501 0.01177103437282801 276.4529972330729 0.4178082191780822 
38.900748690346454 38.900748690346454 18.0 3.3057000681636906 0.05888408203125001 0.014962459781608574 252.2629736735026 0.4178082191780822 
41.59790910469819 41.59790910469819 19.0 3.503124033087655 0.059672265625000005 0.011444881538286218 253.41887239583332 0.4520547945205479 
37.617550317967215 37.617550317967215 16.0 3.1898365901384476 0.06220375976562499 0.020056830043461288 221.71701326497396 0.410958904109589 
38.37049800276606 38.37049800276606 17.0 3.2627806287795456 0.06623974609375001 0.012833821357965484 223.2305545247396 0.4246575342465753 
35.74277500985255 35.74277500985255 15.0 3.0796848923522298 0.08065595703124999 0.022623878661022192 195.03680566406248 0.4041095890410959 
37.04368885994123 37.04368885994123 18.0 3.149401834869637 0.069077001953125 0.016671927597382067 224.6066203613281 0.410958904109589 
34.90367202102851 34.90367202102851 10.0 3.0094644213028117 0.06475791015624999 0.030787583536472294 146.1004080810547 0.410958904109589 
34.91041027943677 34.91041027943677 13.0 2.995257644746035 0.08179838867187499 0.03155605824920887 186.24345776367187 0.4041095890410959 
35.114566644183135 35.114566644183135 14.0 2.9945364215248116 0.07424072265625 0.02528905758428579 198.77619364420573 0.4041095890410959 
36.63405117110959 36.63405117110959 16.0 3.1291230163197654 0.064629296875 0.017619557220544802 184.79872261555988 0.4178082191780822 
42.08980413353073 42.08980413353073 19.0 3.4813801553967187 0.057515966796875005 0.012280249630501259 253.23314786783854 0.4315068493150685 
36.168407339794705 36.168407339794705 10.0 3.0926409930970307 0.06587143554687501 0.03229493288455256 143.24496248372395 0.3972602739726027 
34.53251113746763 34.53251113746763 12.0 2.931878423966814 0.084452685546875 0.03781017787163021 172.4404060465495 0.4041095890410959 
35.222032877715684 35.222032877715684 11.0 3.0423971888276844 0.065607373046875 0.03326771539480448 154.25545780436198 0.4041095890410959 
36.12972771416578 36.12972771416578 15.0 3.077766570615487 0.07055029296875001 0.021539575400829337 189.3041903889974 0.4041095890410959 
34.810535775870164 34.810535775870164 16.0 2.9462394421883586 0.08397646484375 0.031874430353775025 220.13117907714846 0.410958904109589 
34.699232901259386 34.699232901259386 19.0 2.9690431370315276 0.090534228515625 0.028036900411055082 243.4448308919271 0.4041095890410959 
34.59511092966373 34.59511092966373 13.0 2.9347670300975257 0.08499140624999998 0.04337780896550178 176.6564228108724 0.3972602739726027 
37.77663823634398 37.77663823634398 24.0 3.227292445858235 0.064846533203125 0.011992645485880355 307.90357360839846 0.4589041095890411 
38.82518931221685 38.82518931221685 14.0 3.2938240309913684 0.05515322265624999 0.017529719209566072 193.3568620605469 0.4041095890410959 
38.340705249612796 38.340705249612796 19.0 3.242640869708207 0.0618291015625 0.014091101069688772 235.05436189778646 0.4383561643835616 
36.37262215311865 36.37262215311865 20.0 3.064955524643915 0.074666455078125 0.017781902933332917 260.21997106933594 0.4178082191780822 
35.27940006941287 35.27940006941287 15.0 2.987673013003508 0.073759326171875 0.028500397296831563 203.33702799479167 0.4041095890410959 
38.15736010954818 38.15736010954818 21.0 3.2230271711260876 0.070796728515625 0.01616713869729277 261.21794034830725 0.4041095890410959 
35.91534132865071 35.91534132865071 15.0 3.0417963019952183 0.06522084960937499 0.023687506809999984 195.99159411621093 0.410958904109589 
37.086795269592805 37.086795269592805 22.0 3.123518186835524 0.077772900390625 0.015523087904522392 279.0195878499349 0.410958904109589 
37.868789650035204 37.868789650035204 22.0 3.263307242688512 0.06672822265625 0.012107670716199883 302.1002261962891 0.4315068493150685 
40.414004167609136 40.414004167609136 15.0 3.3920951977159404 0.0541275390625 0.01559319164771079 214.43251513671873 0.410958904109589 
40.16971200121859 40.16971200121859 20.0 3.3920328693494333 0.056546630859375 0.013725022160589677 272.8680428873698 0.4246575342465753 
38.88452561201956 38.88452561201956 13.0 3.298619080197409 0.051891552734375 0.022778588211844017 179.26404280598956 0.4315068493150685 
41.178660898459995 41.178660898459995 25.0 3.51444181384491 0.070463525390625 0.010341751368048192 341.7562572428385 0.4383561643835616 
37.28541949813344 37.28541949813344 23.0 3.1796681229846864 0.06780791015625001 0.013545360551271432 266.83532368977865 0.4383561643835616 
35.39400826034475 35.39400826034475 12.0 3.0524005296389203 0.075466650390625 0.02593399923706295 164.9269875895182 0.3972602739726027 
41.75329447729945 41.75329447729945 25.0 3.5297976578289276 0.06805512695312499 0.010505497697327129 338.1379685465495 0.4246575342465753 
39.06704401109898 39.06704401109898 22.0 3.3386120933933627 0.06567397460937499 0.01393240284095051 322.18191434733075 0.4041095890410959 
34.978430591113394 34.978430591113394 15.0 3.0131941141246097 0.08832163085937499 0.025438457266619193 207.5662940266927 0.4041095890410959 
38.61878490660698 38.61878490660698 26.0 3.29590093642168 0.070464697265625 0.010575537921335698 351.60907584635413 0.4246575342465753 
38.68254137231362 38.68254137231362 16.0 3.265336149918194 0.056089501953125 0.016269606446697716 236.17598978678387 0.4178082191780822 
41.30785747878024 41.30785747878024 17.0 3.4124524768660995 0.065365380859375 0.013414559758331761 246.37956018066407 0.4041095890410959 
39.133215690568456 39.133215690568456 17.0 3.3131081434217657 0.059446093750000005 0.014394059094104779 230.90918530273436 0.410958904109589 
35.130271131003504 35.130271131003504 10.0 3.0099668783229157 0.06707500000000001 0.03686739648433683 135.84587670898438 0.410958904109589 
35.177022892379384 35.177022892379384 16.0 2.991351645190035 0.08068896484374999 0.027468363619089168 232.93770629882812 0.4041095890410959 
34.27001767759417 34.27001767759417 14.0 2.8876033823417724 0.0876814453125 0.03401778199254041 191.8091286214193 0.410958904109589 
40.13105389546299 40.13105389546299 22.0 3.394833301596924 0.0648638671875 0.011130205770864496 296.81987674967445 0.4246575342465753 
35.78792949210233 35.78792949210233 18.0 3.0538549102428356 0.07117143554687501 0.01951794438998461 270.12619063313804 0.4452054794520548 
35.54886394886675 35.54886394886675 20.0 3.012387215467711 0.0873095703125 0.026275991690397234 246.3623008219401 0.3972602739726027 
38.702737870260115 38.702737870260115 18.0 3.276980150362194 0.066648583984375 0.015887077628090357 272.47640193684896 0.4041095890410959 
35.968426744959544 35.968426744959544 22.0 3.0473748223053176 0.09367001953125 0.0218028978575611 270.2816415201823 0.4041095890410959 
35.15576747557396 35.15576747557396 13.0 3.0213280576664476 0.07139829101562499 0.02498616931028606 176.65535990397137 0.410958904109589 
34.97145947834244 34.97145947834244 18.0 2.9746248399691124 0.08919628906249999 0.027181323771238372 238.9137995605469 0.4041095890410959 
41.28642972352382 41.28642972352382 19.0 3.424908933979677 0.056920166015625 0.0134484258220792 228.27482731119795 0.410958904109589 
39.220313560600054 39.220313560600054 15.0 3.2951509556834635 0.05297934570312499 0.016604622464802262 236.15744075520834 0.410958904109589 
37.31280845645754 37.31280845645754 28.0 3.2113810982447206 0.08028901367187499 0.010647641672346593 367.75067521158854 0.410958904109589 
38.25494234058511 38.25494234058511 25.0 3.312240949504572 0.0703560546875 0.012460042485084538 355.25070902506513 0.4178082191780822 
36.02655156481806 36.02655156481806 19.0 3.080250096738487 0.07800341796874999 0.01781698513245582 231.1409523111979 0.410958904109589 
38.75254040696318 38.75254040696318 23.0 3.317746399610022 0.062389990234375005 0.011476717840769281 329.1470725504557 0.4315068493150685 
39.07342304964214 39.07342304964214 15.0 3.2710669426376855 0.058479443359374994 0.02767896619431741 196.69218876139323 0.4041095890410959 
35.884465960422446 35.884465960422446 20.0 3.039089962428352 0.070245654296875 0.023582263595316393 227.93972460937502 0.3972602739726027 
34.58652813380462 34.58652813380462 15.0 2.916475066213456 0.08680341796875 0.042804724960670414 218.0582625325521 0.410958904109589 
36.644106743753326 36.644106743753326 15.0 3.079597567224657 0.066010400390625 0.0184195349833989 188.60759737141927 0.410958904109589 
37.680154819537194 37.680154819537194 20.0 3.231277786695589 0.06448613281249999 0.012905595827875167 251.43830989583336 0.4178082191780822 
37.60302220159957 37.60302220159957 18.0 3.2157045795106165 0.069648388671875 0.017175258543846633 250.16615079752603 0.4041095890410959 
39.734074895750965 39.734074895750965 16.0 3.3117256888106734 0.061185986328125004 0.014773298722813128 216.47890384928385 0.4041095890410959 
41.43856698593975 41.43856698593975 16.0 3.4816707807844036 0.057407177734375 0.012183504296658019 226.36023864746093 0.4589041095890411 
40.25593719905997 40.25593719905997 21.0 3.399157433021055 0.063214697265625 0.011430820112659919 286.08084313964844 0.4315068493150685 
34.95571522449171 34.95571522449171 12.0 2.9608759708643606 0.08094291992187501 0.03322283421642545 167.4224744466146 0.410958904109589 
34.72535035598904 34.72535035598904 15.0 2.930477828775971 0.07622895507812501 0.03995788618395084 181.72277974446615 0.4041095890410959 
40.2754810099876 40.2754810099876 19.0 3.3662623065788706 0.054973828125 0.013825408180723213 263.3669801839193 0.4178082191780822 
42.30829553937463 42.30829553937463 22.0 3.4806242369773326 0.06260966796875 0.011935053305826166 284.7636656901042 0.4178082191780822 
41.279761298060386 41.279761298060386 18.0 3.4875280886811852 0.059537744140625 0.011326462870266436 244.25533833821612 0.4657534246575342 
34.957289986396475 34.957289986396475 10.0 2.9963951572335477 0.07778017578125 0.041680688670768754 140.47397896321615 0.3972602739726027 
34.76344952718248 34.76344952718248 16.0 2.951354632398905 0.08598232421875 0.03725159911507606 233.3938707682292 0.3972602739726027 
40.29122931787683 40.29122931787683 20.0 3.39871715984394 0.058254248046875005 0.012233804675199982 284.45622245279947 0.4452054794520548 
36.80873024823302 36.80873024823302 21.0 3.1299748045384264 0.06995058593750002 0.017771208487405737 295.0209246419271 0.4041095890410959 
39.71718982205101 39.71718982205101 24.0 3.395031685084781 0.07261953125 0.011905015189399723 318.09925854492184 0.4041095890410959 
36.7745682178726 36.7745682178726 21.0 3.1448020518009683 0.073062060546875 0.014023114674398896 302.73679073079427 0.410958904109589 
35.64552980899218 35.64552980899218 10.0 3.0301082758143125 0.07486357421874999 0.03413683543435094 137.04980729166667 0.4041095890410959 
38.710005857388225 38.710005857388225 14.0 3.2781016572694592 0.05413408203125 0.015430687030658698 194.58640397135417 0.4246575342465753 
38.72280643321763 38.72280643321763 20.0 3.274897419350515 0.072993212890625 0.016471143493530724 260.0931191813151 0.3972602739726027 
35.36166776417426 35.36166776417426 14.0 3.04205027988867 0.069826123046875 0.024997710567066657 174.2524632568359 0.4041095890410959 
39.48544004066281 39.48544004066281 20.0 3.3528449677085903 0.0642853515625 0.011665108536252996 311.68574613444014 0.4178082191780822 
35.03168363719013 35.03168363719013 13.0 2.999061823900214 0.08089755859375 0.03249574940771097 176.30451477050784 0.4041095890410959 
41.03453765477557 41.03453765477557 15.0 3.4256611965777597 0.051908984374999995 0.01349614169379231 227.21322420247395 0.4315068493150685 
37.90728728054023 37.90728728054023 11.0 3.1847905908848633 0.05696533203125 0.024778135581970243 168.99837642415363 0.410958904109589 
35.551853402746204 35.551853402746204 20.0 3.0369063463368415 0.081029541015625 0.022306034800112253 244.52171846516924 0.4041095890410959 
34.56758180323461 34.56758180323461 14.0 2.9566940752745707 0.075840869140625 0.038637548268816435 173.38732600911456 0.3972602739726027 
34.23857523535804 34.23857523535804 14.0 2.9352440086745037 0.09025043945312498 0.03776167134668589 194.89781001790368 0.4315068493150685 
35.87172619101057 35.87172619101057 21.0 3.0637998817487984 0.08760004882812499 0.019062429401991394 287.2557777913411 0.410958904109589 
38.81865682616489 38.81865682616489 16.0 3.2562746014735184 0.06240048828124999 0.01665025278033254 205.66233170572917 0.4178082191780822 
38.77958022880799 38.77958022880799 13.0 3.2955585541221764 0.05189218749999999 0.023661511097898557 215.89919437662758 0.4452054794520548 
38.95110652084929 38.95110652084929 26.0 3.3208649810286035 0.074758056640625 0.010498573408901691 342.1900159098307 0.4178082191780822 
38.356133456749646 38.356133456749646 24.0 3.323979781432877 0.07414287109375 0.010588602573118215 311.29879431152335 0.4178082191780822 
36.73085607586256 36.73085607586256 16.0 3.1352162250546156 0.07563408203125001 0.02012942271138193 195.29678002929688 0.4041095890410959 
40.194465202167976 40.194465202167976 21.0 3.354276891340513 0.0631517578125 0.012181888661613469 262.8828030598958 0.4041095890410959 
41.17050875844314 41.17050875844314 25.0 3.5350211972753773 0.0748267578125 0.010752469964017863 328.9877699381511 0.410958904109589 
36.59579705488354 36.59579705488354 18.0 3.092090450828841 0.062726904296875 0.01501734880767108 244.64701253255208 0.4315068493150685 
35.6952500063765 35.6952500063765 14.0 3.045808011046401 0.06512963867187502 0.022709592347919912 169.52561568196614 0.410958904109589 
38.09026954311426 38.09026954311426 19.0 3.2388610671406344 0.067340576171875 0.014578496119081963 234.66044356282552 0.4315068493150685 
39.74950994193114 39.74950994193114 18.0 3.2978462926993886 0.06554726562499999 0.01736526379784586 225.7600625813802 0.4041095890410959 
37.90765130799026 37.90765130799026 12.0 3.211857053335381 0.052835205078124996 0.01898801010423899 158.9591494547526 0.4246575342465753 
38.5758199222123 38.5758199222123 13.0 3.238058758664796 0.059462060546874994 0.021678721277859178 161.13807926432293 0.4178082191780822 
36.00412743783392 36.00412743783392 12.0 3.077890633979024 0.0622806640625 0.026153522543516133 172.43151098632814 0.4041095890410959 
37.81905383510367 37.81905383510367 18.0 3.2281853733813484 0.06318422851562501 0.01624723531861543 226.06829610188802 0.4315068493150685 
38.26413349857745 38.26413349857745 14.0 3.2762147998372457 0.052828173828125 0.020428547221920498 185.64682206217446 0.410958904109589 
34.595269876506364 34.595269876506364 14.0 2.941479422967813 0.09004326171875 0.03529709437442781 182.83153959147137 0.4041095890410959 
38.11480966449615 38.11480966449615 17.0 3.1774713020038097 0.06631083984375 0.027865823317966467 229.15083715820313 0.3972602739726027 
35.12416768778005 35.12416768778005 11.0 2.9887298486858858 0.07349365234375 0.03970786725330348 151.80027974446614 0.4041095890410959 
38.31627857225506 38.31627857225506 16.0 3.2194496112590536 0.064310986328125 0.016558425106833016 231.84775236002602 0.410958904109589 
37.02813373007282 37.02813373007282 25.0 3.1280054128190353 0.07928320312499999 0.013868973576784127 329.0952186279296 0.4452054794520548 
39.60979277484984 39.60979277484984 25.0 3.370795861087657 0.069111474609375 0.011057991155006894 328.8060185953776 0.4178082191780822 
38.12514101752221 38.12514101752221 18.0 3.2264643302174263 0.06281826171875 0.018061165709199897 240.59449055989586 0.4041095890410959 
34.44850136612786 34.44850136612786 16.0 2.953394868633259 0.0845255859375 0.036467946136102616 236.92635205078128 0.3972602739726027 
36.49570448482202 36.49570448482202 25.0 3.158233088600426 0.08751279296875002 0.016086753561630262 324.27015372721354 0.4178082191780822 
36.821275484231975 36.821275484231975 14.0 3.1478399624283524 0.062479345703125 0.01982351134543661 190.4915770263672 0.4452054794520548 
37.37709468052587 37.37709468052587 25.0 3.2337926130457095 0.07584384765625 0.011822934734764088 360.1645223795573 0.410958904109589 
37.97399851961077 37.97399851961077 16.0 3.1808990314810752 0.06298115234375 0.01568557892509458 206.34788293457032 0.4178082191780822 
36.54263539977566 36.54263539977566 20.0 3.1501432282715562 0.0698880859375 0.01918865357645989 272.3980725504557 0.4041095890410959 
37.55900536650656 37.55900536650656 15.0 3.199805405808502 0.06377529296875001 0.021913587997856143 215.79365104166666 0.4041095890410959 
37.307039523460716 37.307039523460716 18.0 3.1856960817991777 0.061383984375000006 0.020012824272069935 234.19531945800782 0.4178082191780822 
34.60418703379352 34.60418703379352 12.0 2.9565634056517958 0.084501611328125 0.0321125369629884 192.0849179280599 0.4041095890410959 
34.90599215089864 34.90599215089864 14.0 2.9663746222130123 0.08145146484374999 0.031125933210430085 187.15123889160154 0.4041095890410959 
38.882442509363706 38.882442509363706 18.0 3.2958737929768893 0.053831640625 0.015559161181488037 242.33824458821613 0.4178082191780822 
38.11100467030905 38.11100467030905 24.0 3.235166437415354 0.07473671875 0.012225117807474135 285.4072869466146 0.4178082191780822 
34.64615354593635 34.64615354593635 17.0 2.965484712415208 0.0979673828125 0.028219346209564223 238.69372493489584 0.4041095890410959 
37.15686874430523 37.15686874430523 15.0 3.1592290344674243 0.06399960937499999 0.018715998702182792 182.40617956542968 0.410958904109589 
39.26583038587316 39.26583038587316 26.0 3.363827501841124 0.068833251953125 0.010164433499872685 353.9160444335937 0.4246575342465753 
34.457851958634755 34.457851958634755 12.0 2.948222086152582 0.09075624999999998 0.034979037246599246 172.48413354492186 0.4041095890410959 
34.28319665633473 34.28319665633473 13.0 2.930282354831271 0.09652890625000002 0.036599805732622136 181.34954325358075 0.4041095890410959 
41.33176774185052 41.33176774185052 21.0 3.45811101832464 0.060328515624999995 0.012086619951524753 255.91453682454426 0.4178082191780822 
37.24345415210692 37.24345415210692 22.0 3.1580899394035615 0.07023164062500001 0.012991650083456048 309.3025625813802 0.4178082191780822 
34.44869875073155 34.44869875073155 15.0 2.9215879980184933 0.091755517578125 0.03786806311593291 235.0114987792969 0.4041095890410959 
