2024-02-14 21:13:01.945685 1 49.02092489120357 49.02092489120357 57.0 4.091848376296906 0.20262299804687497 0.0922265673411823 1045.3328682454428 0.13574660633484162 
2024-02-14 21:13:01.945685 1 48.73258080367344 48.73258080367344 58.0 4.059392184612773 0.192706103515625 0.0820836966182209 1084.2164146321613 0.14027149321266968 
2024-02-14 21:13:01.945685 1 47.493459847913535 47.493459847913535 66.0 3.9473400365973896 0.18925859375 0.06349965619109639 1095.8204820149738 0.13574660633484162 
2024-02-14 21:13:01.945685 1 48.13281819226524 48.13281819226524 60.0 4.042332035611447 0.20045456542968748 0.08984525606521304 1063.3720564778644 0.13574660633484162 
2024-02-14 21:13:01.945685 1 47.656703453817414 47.656703453817414 63.0 4.038642696355931 0.19892282714843745 0.08797834097472364 1176.1395083821617 0.14027149321266968 
2024-02-14 21:13:01.945685 1 46.35187289099788 46.35187289099788 58.0 3.934116857815387 0.17662038574218747 0.07632963419202514 1029.3209540608723 0.14479638009049775 
2024-02-14 21:13:02.470623 2 47.656703453817414 47.656703453817414 63.0 4.038642696355931 0.19892282714843745 0.08797834097472364 1176.1395083821617 0.14027149321266968 
2024-02-14 21:13:02.470623 2 46.35187289099788 46.35187289099788 58.0 3.934116857815387 0.17662038574218747 0.07632963419202514 1029.3209540608723 0.14479638009049775 
2024-02-14 21:13:02.470623 2 47.69261602229469 47.69261602229469 66.0 4.056415544422897 0.181069873046875 0.062303545384714595 1096.7471702880857 0.13574660633484162 
2024-02-14 21:13:02.470623 2 47.59874470031602 47.59874470031602 56.0 4.008422341547342 0.2040593017578125 0.08543249091466615 1107.2524126790365 0.13574660633484162 
2024-02-14 21:13:02.470623 2 49.02092489120357 49.02092489120357 57.0 4.091848376296906 0.20262299804687497 0.0922265673411823 1045.3328682454428 0.13574660633484162 
2024-02-14 21:13:02.470623 2 48.97800575339693 48.97800575339693 61.0 4.107613347436876 0.19823051757812502 0.08389595640737785 1089.10003511556 0.13574660633484162 
2024-02-14 21:13:02.470623 2 48.90289794315163 48.90289794315163 67.0 3.9854737900987907 0.19492551269531247 0.06638843313986008 1133.1447224527992 0.13122171945701358 
2024-02-14 21:13:02.470623 2 47.493459847913535 47.493459847913535 66.0 3.9473400365973896 0.18925859375 0.06349965619109639 1095.8204820149738 0.13574660633484162 
2024-02-14 21:13:02.470623 2 48.13281819226524 48.13281819226524 60.0 4.042332035611447 0.20045456542968748 0.08984525606521304 1063.3720564778644 0.13574660633484162 
2024-02-14 21:13:02.470623 2 47.838310688739355 47.838310688739355 62.0 3.997862376185905 0.17784692382812498 0.06941874657708409 1113.659728881836 0.14027149321266968 
2024-02-14 21:13:02.812296 3 49.02092489120357 49.02092489120357 57.0 4.091848376296906 0.20262299804687497 0.0922265673411823 1045.3328682454428 0.13574660633484162 
2024-02-14 21:13:02.812296 3 47.166215592006026 47.166215592006026 64.0 4.0270710343578 0.18916127929687498 0.08679629176562076 1183.6269576416018 0.13574660633484162 
2024-02-14 21:13:02.812296 3 47.59874470031602 47.59874470031602 56.0 4.008422341547342 0.2040593017578125 0.08543249091466615 1107.2524126790365 0.13574660633484162 
2024-02-14 21:13:02.812296 3 48.74270232063689 48.74270232063689 60.0 4.064466777503543 0.20760100097656248 0.08347700602324654 1156.4327561442058 0.13122171945701358 
2024-02-14 21:13:02.812296 3 47.44152226800977 47.44152226800977 64.0 4.035775282723812 0.1911952880859375 0.07300444479228199 1140.789545735677 0.14479638009049775 
2024-02-14 21:13:02.812296 3 48.90289794315163 48.90289794315163 67.0 3.9854737900987907 0.19492551269531247 0.06638843313986008 1133.1447224527992 0.13122171945701358 
2024-02-14 21:13:02.812296 3 47.69084898932767 47.69084898932767 70.0 4.049180627379157 0.179559228515625 0.06122319881491904 1150.499090576172 0.14027149321266968 
2024-02-14 21:13:02.812296 3 48.97800575339693 48.97800575339693 61.0 4.107613347436876 0.19823051757812502 0.08389595640737785 1089.10003511556 0.13574660633484162 
2024-02-14 21:13:02.812296 3 46.35187289099788 46.35187289099788 58.0 3.934116857815387 0.17662038574218747 0.07632963419202514 1029.3209540608723 0.14479638009049775 
2024-02-14 21:13:02.812296 3 48.24674877842745 48.24674877842745 63.0 4.081499875124876 0.187414453125 0.06484212145601756 1099.8713534342448 0.13122171945701358 
2024-02-14 21:13:03.188940 4 49.02092489120357 49.02092489120357 57.0 4.091848376296906 0.20262299804687497 0.0922265673411823 1045.3328682454428 0.13574660633484162 
2024-02-14 21:13:03.188940 4 47.45785368724413 47.45785368724413 66.0 4.010936113722879 0.19899416503906248 0.07657184319525903 1238.246172607422 0.13574660633484162 
2024-02-14 21:13:03.188940 4 47.69084898932767 47.69084898932767 70.0 4.049180627379157 0.179559228515625 0.06122319881491904 1150.499090576172 0.14027149321266968 
2024-02-14 21:13:03.188940 4 48.74270232063689 48.74270232063689 60.0 4.064466777503543 0.20760100097656248 0.08347700602324654 1156.4327561442058 0.13122171945701358 
2024-02-14 21:13:03.188940 4 46.35187289099788 46.35187289099788 58.0 3.934116857815387 0.17662038574218747 0.07632963419202514 1029.3209540608723 0.14479638009049775 
2024-02-14 21:13:03.188940 4 48.045083705918266 48.045083705918266 55.0 4.005158335945101 0.20503605957031248 0.08754529163036999 1082.3171149902346 0.13122171945701358 
2024-02-14 21:13:03.188940 4 48.90289794315163 48.90289794315163 67.0 3.9854737900987907 0.19492551269531247 0.06638843313986008 1133.1447224527992 0.13122171945701358 
2024-02-14 21:13:03.188940 4 47.166215592006026 47.166215592006026 64.0 4.0270710343578 0.18916127929687498 0.08679629176562076 1183.6269576416018 0.13574660633484162 
2024-02-14 21:13:03.188940 4 47.44152226800977 47.44152226800977 64.0 4.035775282723812 0.1911952880859375 0.07300444479228199 1140.789545735677 0.14479638009049775 
2024-02-14 21:13:03.188940 4 48.24674877842745 48.24674877842745 63.0 4.081499875124876 0.187414453125 0.06484212145601756 1099.8713534342448 0.13122171945701358 
2024-02-14 21:13:03.648721 5 49.36117299163255 49.36117299163255 63.0 4.10368214546891 0.20505224609374997 0.07499291483187673 1090.5494654947918 0.12669683257918551 
2024-02-14 21:13:03.648721 5 46.95265024420024 46.95265024420024 65.0 3.9967395684380977 0.18683369140624997 0.06765666651495454 1136.6206129964196 0.1493212669683258 
2024-02-14 21:13:03.648721 5 46.35187289099788 46.35187289099788 58.0 3.934116857815387 0.17662038574218747 0.07632963419202514 1029.3209540608723 0.14479638009049775 
2024-02-14 21:13:03.648721 5 48.74270232063689 48.74270232063689 60.0 4.064466777503543 0.20760100097656248 0.08347700602324654 1156.4327561442058 0.13122171945701358 
2024-02-14 21:13:03.648721 5 47.69084898932767 47.69084898932767 70.0 4.049180627379157 0.179559228515625 0.06122319881491904 1150.499090576172 0.14027149321266968 
2024-02-14 21:13:03.648721 5 48.045083705918266 48.045083705918266 55.0 4.005158335945101 0.20503605957031248 0.08754529163036999 1082.3171149902346 0.13122171945701358 
2024-02-14 21:13:03.648721 5 47.45785368724413 47.45785368724413 66.0 4.010936113722879 0.19899416503906248 0.07657184319525903 1238.246172607422 0.13574660633484162 
2024-02-14 21:13:03.648721 5 49.02092489120357 49.02092489120357 57.0 4.091848376296906 0.20262299804687497 0.0922265673411823 1045.3328682454428 0.13574660633484162 
2024-02-14 21:13:03.648721 5 48.90289794315163 48.90289794315163 67.0 3.9854737900987907 0.19492551269531247 0.06638843313986008 1133.1447224527992 0.13122171945701358 
2024-02-14 21:13:03.648721 5 47.166215592006026 47.166215592006026 64.0 4.0270710343578 0.18916127929687498 0.08679629176562076 1183.6269576416018 0.13574660633484162 
