2024-02-14 21:12:53.313755 1 47.13956496558997 47.13956496558997 58.0 3.9597672433775375 0.19545195312500002 0.08033119327286235 1030.7996616617838 0.14479638009049775 
2024-02-14 21:12:53.313755 1 48.89200857426886 48.89200857426886 59.0 4.068429448002977 0.18166035156250002 0.0768715341263628 1031.3441345621743 0.14479638009049775 
2024-02-14 21:12:53.313755 1 48.90917103019528 48.90917103019528 54.0 4.069882083602671 0.19813305664062497 0.09701208096903563 941.3620854492187 0.13122171945701358 
2024-02-14 21:12:53.313755 1 47.755530558657036 47.755530558657036 61.0 3.949206212088565 0.1977012451171875 0.09099229241266898 1039.5466223551432 0.12669683257918551 
2024-02-14 21:12:53.313755 1 48.358539036616975 48.358539036616975 52.0 4.023629416335298 0.19363359375000003 0.0811505629799224 948.1904783935546 0.13122171945701358 
2024-02-14 21:12:53.313755 1 47.70428097033684 47.70428097033684 63.0 3.9796807685778277 0.1887041015625 0.08038725035774714 998.5586853434245 0.13574660633484162 
2024-02-14 21:12:53.313755 1 46.81300856651518 46.81300856651518 58.0 3.8505400734886024 0.18729829101562498 0.0932389181221462 1013.7370574137369 0.13574660633484162 
2024-02-14 21:12:53.892362 2 46.622525423106296 46.622525423106296 67.0 3.9436718885689475 0.1998857421875 0.0709527439097166 1140.0525392659506 0.14479638009049775 
2024-02-14 21:12:53.892362 2 48.90917103019528 48.90917103019528 54.0 4.069882083602671 0.19813305664062497 0.09701208096903563 941.3620854492187 0.13122171945701358 
2024-02-14 21:12:53.892362 2 48.358539036616975 48.358539036616975 52.0 4.023629416335298 0.19363359375000003 0.0811505629799224 948.1904783935546 0.13122171945701358 
2024-02-14 21:12:53.892362 2 48.89200857426886 48.89200857426886 59.0 4.068429448002977 0.18166035156250002 0.0768715341263628 1031.3441345621743 0.14479638009049775 
2024-02-14 21:12:53.892362 2 49.13225625893713 49.13225625893713 65.0 4.115320241033476 0.20562805175781246 0.07738466261129083 1120.135794921875 0.12669683257918551 
2024-02-14 21:12:53.892362 2 46.81300856651518 46.81300856651518 58.0 3.8505400734886024 0.18729829101562498 0.0932389181221462 1013.7370574137369 0.13574660633484162 
2024-02-14 21:12:53.892362 2 47.755530558657036 47.755530558657036 61.0 3.949206212088565 0.1977012451171875 0.09099229241266898 1039.5466223551432 0.12669683257918551 
2024-02-14 21:12:53.892362 2 48.30025572434101 48.30025572434101 62.0 4.067193517267047 0.1855836669921875 0.06972359118345427 1017.1290474853515 0.13574660633484162 
2024-02-14 21:12:53.892362 2 48.68503383365001 48.68503383365001 56.0 4.074140953817425 0.19249941406249998 0.08490536730827347 1005.2035411783855 0.14027149321266968 
2024-02-14 21:12:53.892362 2 47.127881502810915 47.127881502810915 64.0 3.927195005974418 0.20164885253906248 0.08750321915705865 1077.4704895019531 0.13122171945701358 
2024-02-14 21:12:54.236862 3 48.90917103019528 48.90917103019528 54.0 4.069882083602671 0.19813305664062497 0.09701208096903563 941.3620854492187 0.13122171945701358 
2024-02-14 21:12:54.236862 3 47.36521675889471 47.36521675889471 62.0 3.928117382617383 0.19577941894531248 0.08204549999539557 1013.0297919921875 0.1493212669683258 
2024-02-14 21:12:54.236862 3 47.62730861638361 47.62730861638361 65.0 4.019354216045392 0.2089268310546875 0.07814903226462072 1157.411501220703 0.13122171945701358 
2024-02-14 21:12:54.236862 3 48.358539036616975 48.358539036616975 52.0 4.023629416335298 0.19363359375000003 0.0811505629799224 948.1904783935546 0.13122171945701358 
2024-02-14 21:12:54.236862 3 48.31834414327502 48.31834414327502 62.0 4.040352042565278 0.19532270507812502 0.07271916683535344 1059.0723569335937 0.12217194570135746 
2024-02-14 21:12:54.236862 3 47.64529785043388 47.64529785043388 64.0 3.9266988754709344 0.1808496826171875 0.06959516851680929 1079.2670799153645 0.13574660633484162 
2024-02-14 21:12:54.236862 3 48.68503383365001 48.68503383365001 56.0 4.074140953817425 0.19249941406249998 0.08490536730827347 1005.2035411783855 0.14027149321266968 
2024-02-14 21:12:54.236862 3 46.622525423106296 46.622525423106296 67.0 3.9436718885689475 0.1998857421875 0.0709527439097166 1140.0525392659506 0.14479638009049775 
2024-02-14 21:12:54.236862 3 46.81300856651518 46.81300856651518 58.0 3.8505400734886024 0.18729829101562498 0.0932389181221462 1013.7370574137369 0.13574660633484162 
2024-02-14 21:12:54.236862 3 47.755530558657036 47.755530558657036 61.0 3.949206212088565 0.1977012451171875 0.09099229241266898 1039.5466223551432 0.12669683257918551 
2024-02-14 21:12:54.630689 4 46.81300856651518 46.81300856651518 58.0 3.8505400734886024 0.18729829101562498 0.0932389181221462 1013.7370574137369 0.13574660633484162 
2024-02-14 21:12:54.630689 4 48.90917103019528 48.90917103019528 54.0 4.069882083602671 0.19813305664062497 0.09701208096903563 941.3620854492187 0.13122171945701358 
2024-02-14 21:12:54.630689 4 45.826090744386335 45.826090744386335 62.0 3.8505808064484537 0.1909249267578125 0.07484058515958486 1099.1609895833335 0.13574660633484162 
2024-02-14 21:12:54.630689 4 46.872157764376155 46.872157764376155 66.0 3.929542920314979 0.19482397460937498 0.06634635398405787 1108.9646604003906 0.13574660633484162 
2024-02-14 21:12:54.630689 4 48.68503383365001 48.68503383365001 56.0 4.074140953817425 0.19249941406249998 0.08490536730827347 1005.2035411783855 0.14027149321266968 
2024-02-14 21:12:54.630689 4 48.31834414327502 48.31834414327502 62.0 4.040352042565278 0.19532270507812502 0.07271916683535344 1059.0723569335937 0.12217194570135746 
2024-02-14 21:12:54.630689 4 48.358539036616975 48.358539036616975 52.0 4.023629416335298 0.19363359375000003 0.0811505629799224 948.1904783935546 0.13122171945701358 
2024-02-14 21:12:54.630689 4 47.64529785043388 47.64529785043388 64.0 3.9266988754709344 0.1808496826171875 0.06959516851680929 1079.2670799153645 0.13574660633484162 
2024-02-14 21:12:54.630689 4 47.36521675889471 47.36521675889471 62.0 3.928117382617383 0.19577941894531248 0.08204549999539557 1013.0297919921875 0.1493212669683258 
2024-02-14 21:12:54.630689 4 47.62730861638361 47.62730861638361 65.0 4.019354216045392 0.2089268310546875 0.07814903226462072 1157.411501220703 0.13122171945701358 
2024-02-14 21:12:55.112016 5 48.79903918091711 48.79903918091711 58.0 4.065540310996194 0.194117626953125 0.08293658263590094 1020.3308277994793 0.12669683257918551 
2024-02-14 21:12:55.112016 5 46.872157764376155 46.872157764376155 66.0 3.929542920314979 0.19482397460937498 0.06634635398405787 1108.9646604003906 0.13574660633484162 
2024-02-14 21:12:55.112016 5 48.68503383365001 48.68503383365001 56.0 4.074140953817425 0.19249941406249998 0.08490536730827347 1005.2035411783855 0.14027149321266968 
2024-02-14 21:12:55.112016 5 47.36521675889471 47.36521675889471 62.0 3.928117382617383 0.19577941894531248 0.08204549999539557 1013.0297919921875 0.1493212669683258 
2024-02-14 21:12:55.112016 5 45.826090744386335 45.826090744386335 62.0 3.8505808064484537 0.1909249267578125 0.07484058515958486 1099.1609895833335 0.13574660633484162 
2024-02-14 21:12:55.112016 5 46.81300856651518 46.81300856651518 58.0 3.8505400734886024 0.18729829101562498 0.0932389181221462 1013.7370574137369 0.13574660633484162 
2024-02-14 21:12:55.112016 5 47.64529785043388 47.64529785043388 64.0 3.9266988754709344 0.1808496826171875 0.06959516851680929 1079.2670799153645 0.13574660633484162 
2024-02-14 21:12:55.112016 5 47.933448862085626 47.933448862085626 51.0 3.98357833179892 0.1928825439453125 0.0845836992841594 891.3538810221354 0.11764705882352941 
2024-02-14 21:12:55.112016 5 47.62730861638361 47.62730861638361 65.0 4.019354216045392 0.2089268310546875 0.07814903226462072 1157.411501220703 0.13122171945701358 
2024-02-14 21:12:55.112016 5 48.049715448848545 48.049715448848545 53.0 3.9537317739450093 0.18250166015625 0.08690744416521548 932.4819167073567 0.13122171945701358 
