2024-02-14 21:12:54.917819 1 49.15881506932611 49.15881506932611 61.0 4.070493861530625 0.19331938476562502 0.08384316652331116 1082.8821698811846 0.12217194570135746 
2024-02-14 21:12:54.917819 1 47.94068251993106 47.94068251993106 55.0 3.939544563279858 0.18932529296874998 0.09299321909302707 908.2386142985026 0.13122171945701358 
2024-02-14 21:12:54.917819 1 47.45958541907439 47.45958541907439 57.0 3.9869903005491243 0.18516943359375 0.0868681023933887 1045.0621009928384 0.14027149321266968 
2024-02-14 21:12:54.917819 1 46.733880717158655 46.733880717158655 60.0 3.9240379383688206 0.18588879394531252 0.08045477990333728 1082.2783002929687 0.14479638009049775 
2024-02-14 21:12:54.917819 1 49.214427452531126 49.214427452531126 59.0 4.071596286066875 0.1960289306640625 0.0850665237619132 987.4959628092448 0.12669683257918551 
2024-02-14 21:12:54.917819 1 47.280982149631406 47.280982149631406 58.0 3.96044599191658 0.16265808105468746 0.06829688289611034 955.7561606852213 0.14027149321266968 
2024-02-14 21:12:55.404033 2 47.280982149631406 47.280982149631406 58.0 3.96044599191658 0.16265808105468746 0.06829688289611034 955.7561606852213 0.14027149321266968 
2024-02-14 21:12:55.404033 2 48.88045644739248 48.88045644739248 56.0 4.044843992608698 0.19668754882812498 0.08441416133017293 989.2911335449219 0.1493212669683258 
2024-02-14 21:12:55.404033 2 46.733880717158655 46.733880717158655 60.0 3.9240379383688206 0.18588879394531252 0.08045477990333728 1082.2783002929687 0.14479638009049775 
2024-02-14 21:12:55.404033 2 49.471269820457316 49.471269820457316 63.0 4.067049452997983 0.18063369140625002 0.06930206472126482 1073.7365061442058 0.12217194570135746 
2024-02-14 21:12:55.404033 2 47.65856411317441 47.65856411317441 57.0 3.949481627033098 0.16823034667968748 0.07044769226150224 902.5230372721354 0.14027149321266968 
2024-02-14 21:12:55.404033 2 47.94068251993106 47.94068251993106 55.0 3.939544563279858 0.18932529296874998 0.09299321909302707 908.2386142985026 0.13122171945701358 
2024-02-14 21:12:55.404033 2 48.15872574851618 48.15872574851618 65.0 4.013807420520656 0.20032697753906245 0.07194719252398672 1000.4498285725912 0.12217194570135746 
2024-02-14 21:12:55.404033 2 49.15881506932611 49.15881506932611 61.0 4.070493861530625 0.19331938476562502 0.08384316652331116 1082.8821698811846 0.12217194570135746 
2024-02-14 21:12:55.404033 2 47.45958541907439 47.45958541907439 57.0 3.9869903005491243 0.18516943359375 0.0868681023933887 1045.0621009928384 0.14027149321266968 
2024-02-14 21:12:55.404033 2 47.16226073183353 47.16226073183353 59.0 3.97455706711589 0.1827990478515625 0.08469024991565886 963.4575387369791 0.12669683257918551 
2024-02-14 21:12:55.872252 3 49.471269820457316 49.471269820457316 63.0 4.067049452997983 0.18063369140625002 0.06930206472126482 1073.7365061442058 0.12217194570135746 
2024-02-14 21:12:55.872252 3 47.65856411317441 47.65856411317441 57.0 3.949481627033098 0.16823034667968748 0.07044769226150224 902.5230372721354 0.14027149321266968 
2024-02-14 21:12:55.872252 3 48.15872574851618 48.15872574851618 65.0 4.013807420520656 0.20032697753906245 0.07194719252398672 1000.4498285725912 0.12217194570135746 
2024-02-14 21:12:55.872252 3 47.94068251993106 47.94068251993106 55.0 3.939544563279858 0.18932529296874998 0.09299321909302707 908.2386142985026 0.13122171945701358 
2024-02-14 21:12:55.872252 3 47.70564175620131 47.70564175620131 59.0 4.019695573217632 0.17939101562499996 0.06736738994649887 930.5142644042968 0.14027149321266968 
2024-02-14 21:12:55.872252 3 47.280982149631406 47.280982149631406 58.0 3.96044599191658 0.16265808105468746 0.06829688289611034 955.7561606852213 0.14027149321266968 
2024-02-14 21:12:55.872252 3 46.733880717158655 46.733880717158655 60.0 3.9240379383688206 0.18588879394531252 0.08045477990333728 1082.2783002929687 0.14479638009049775 
2024-02-14 21:12:55.872252 3 46.64187089797457 46.64187089797457 56.0 3.892027720645368 0.1933456787109375 0.09460271793066206 952.9608603515624 0.13574660633484162 
2024-02-14 21:12:55.872252 3 48.88045644739248 48.88045644739248 56.0 4.044843992608698 0.19668754882812498 0.08441416133017293 989.2911335449219 0.1493212669683258 
2024-02-14 21:12:55.872252 3 48.92565002587281 48.92565002587281 58.0 4.041430039731511 0.178713916015625 0.07111472620208033 951.5771526692707 0.12669683257918551 
2024-02-14 21:12:56.250308 4 47.280982149631406 47.280982149631406 58.0 3.96044599191658 0.16265808105468746 0.06829688289611034 955.7561606852213 0.14027149321266968 
2024-02-14 21:12:56.250308 4 49.471269820457316 49.471269820457316 63.0 4.067049452997983 0.18063369140625002 0.06930206472126482 1073.7365061442058 0.12217194570135746 
2024-02-14 21:12:56.250308 4 48.88045644739248 48.88045644739248 56.0 4.044843992608698 0.19668754882812498 0.08441416133017293 989.2911335449219 0.1493212669683258 
2024-02-14 21:12:56.250308 4 48.75624326074253 48.75624326074253 63.0 4.031007499853088 0.17277307128906247 0.06516862566022572 1082.5349329427086 0.13122171945701358 
2024-02-14 21:12:56.250308 4 45.77861430726136 45.77861430726136 59.0 3.886304044811398 0.1856646240234375 0.0817210114142723 1035.9939176839193 0.13122171945701358 
2024-02-14 21:12:56.250308 4 48.15872574851618 48.15872574851618 65.0 4.013807420520656 0.20032697753906245 0.07194719252398672 1000.4498285725912 0.12217194570135746 
2024-02-14 21:12:56.250308 4 47.69728115438484 47.69728115438484 53.0 3.9349941431117905 0.18529897460937497 0.08766746880905867 901.3429027913411 0.13122171945701358 
2024-02-14 21:12:56.250308 4 48.23713341233929 48.23713341233929 64.0 3.9728144763733 0.20035869140624998 0.07724201900883677 1017.2646326497395 0.12669683257918551 
2024-02-14 21:12:56.250308 4 46.64187089797457 46.64187089797457 56.0 3.892027720645368 0.1933456787109375 0.09460271793066206 952.9608603515624 0.13574660633484162 
2024-02-14 21:12:56.250308 4 47.39837064120519 47.39837064120519 62.0 3.920261614202791 0.19200212402343753 0.07631242879632164 1073.193129394531 0.13574660633484162 
2024-02-14 21:12:56.674333 5 48.88045644739248 48.88045644739248 56.0 4.044843992608698 0.19668754882812498 0.08441416133017293 989.2911335449219 0.1493212669683258 
2024-02-14 21:12:56.674333 5 45.96577135315664 45.96577135315664 59.0 3.873785837528485 0.20091787109375 0.09858547487877843 999.5545061848957 0.12669683257918551 
2024-02-14 21:12:56.674333 5 49.471269820457316 49.471269820457316 63.0 4.067049452997983 0.18063369140625002 0.06930206472126482 1073.7365061442058 0.12217194570135746 
2024-02-14 21:12:56.674333 5 48.24568710994887 48.24568710994887 64.0 3.9666146427102307 0.18269138183593747 0.06500548296617221 1098.96946488444 0.13122171945701358 
2024-02-14 21:12:56.674333 5 45.77861430726136 45.77861430726136 59.0 3.886304044811398 0.1856646240234375 0.0817210114142723 1035.9939176839193 0.13122171945701358 
2024-02-14 21:12:56.674333 5 47.280982149631406 47.280982149631406 58.0 3.96044599191658 0.16265808105468746 0.06829688289611034 955.7561606852213 0.14027149321266968 
2024-02-14 21:12:56.674333 5 48.15872574851618 48.15872574851618 65.0 4.013807420520656 0.20032697753906245 0.07194719252398672 1000.4498285725912 0.12217194570135746 
2024-02-14 21:12:56.674333 5 47.69728115438484 47.69728115438484 53.0 3.9349941431117905 0.18529897460937497 0.08766746880905867 901.3429027913411 0.13122171945701358 
2024-02-14 21:12:56.674333 5 46.64187089797457 46.64187089797457 56.0 3.892027720645368 0.1933456787109375 0.09460271793066206 952.9608603515624 0.13574660633484162 
2024-02-14 21:12:56.674333 5 47.39837064120519 47.39837064120519 62.0 3.920261614202791 0.19200212402343753 0.07631242879632164 1073.193129394531 0.13574660633484162 
