2024-02-14 21:12:52.495038 1 49.031172505435755 49.031172505435755 60.0 4.102879755865049 0.1897015380859375 0.09611448410932724 944.3878450520833 0.14479638009049775 
2024-02-14 21:12:52.495038 1 46.90119955657088 46.90119955657088 64.0 3.9474199770817417 0.1786221923828125 0.06762359320227794 1058.9247737223307 0.13574660633484162 
2024-02-14 21:12:52.495038 1 48.068426134894516 48.068426134894516 61.0 4.0339113288672115 0.1893426513671875 0.07773789227287463 955.8633936360676 0.13122171945701358 
2024-02-14 21:12:52.495038 1 47.89316530879251 47.89316530879251 56.0 4.028504509379509 0.1837115478515625 0.08618904452924418 980.1494313557943 0.12669683257918551 
2024-02-14 21:12:52.495038 1 48.42523548763329 48.42523548763329 62.0 3.960726731601732 0.19365419921875 0.07696336197711473 1046.430411010742 0.13574660633484162 
2024-02-14 21:12:52.495038 1 48.31645447828315 48.31645447828315 54.0 4.0309795808766395 0.19274753417968754 0.08541646169089022 978.6945339355469 0.1493212669683258 
2024-02-14 21:12:52.495038 1 48.80202551411007 48.80202551411007 56.0 4.026683310970076 0.2008887451171875 0.09894387596493427 1022.5607315266927 0.13122171945701358 
2024-02-14 21:12:52.495038 1 48.526317536874906 48.526317536874906 61.0 4.030770863123805 0.195708544921875 0.08960262456483602 1069.8295214436848 0.11764705882352941 
2024-02-14 21:12:52.495038 1 47.90028663974914 47.90028663974914 58.0 4.026542305733483 0.1854330078125 0.08300769415575512 1078.4470411783855 0.12669683257918551 
2024-02-14 21:12:52.495038 1 47.14736709067076 47.14736709067076 64.0 3.9873581532846236 0.19748291015624997 0.07841950068950662 1034.4410985107422 0.13574660633484162 
2024-02-14 21:12:53.026183 2 46.755717250804736 46.755717250804736 62.0 3.935021312837489 0.18755703125 0.08073947772103782 1123.533587158203 0.12669683257918551 
2024-02-14 21:12:53.026183 2 46.90119955657088 46.90119955657088 64.0 3.9474199770817417 0.1786221923828125 0.06762359320227794 1058.9247737223307 0.13574660633484162 
2024-02-14 21:12:53.026183 2 48.526317536874906 48.526317536874906 61.0 4.030770863123805 0.195708544921875 0.08960262456483602 1069.8295214436848 0.11764705882352941 
2024-02-14 21:12:53.026183 2 49.031172505435755 49.031172505435755 60.0 4.102879755865049 0.1897015380859375 0.09611448410932724 944.3878450520833 0.14479638009049775 
2024-02-14 21:12:53.026183 2 48.559594165066954 48.559594165066954 51.0 4.0687061533238005 0.18841384277343753 0.08216278375455077 934.5523489990235 0.1583710407239819 
2024-02-14 21:12:53.026183 2 48.80202551411007 48.80202551411007 56.0 4.026683310970076 0.2008887451171875 0.09894387596493427 1022.5607315266927 0.13122171945701358 
2024-02-14 21:12:53.026183 2 47.70064495447362 47.70064495447362 63.0 4.028554977702036 0.20620104980468754 0.07948944227652248 1047.662576171875 0.14027149321266968 
2024-02-14 21:12:53.026183 2 47.61115250852089 47.61115250852089 65.0 3.980760177730766 0.190049072265625 0.06445280911642308 1176.0909636230467 0.13574660633484162 
2024-02-14 21:12:53.026183 2 48.31645447828315 48.31645447828315 54.0 4.0309795808766395 0.19274753417968754 0.08541646169089022 978.6945339355469 0.1493212669683258 
2024-02-14 21:12:53.026183 2 47.258722101509605 47.258722101509605 62.0 4.017982962299139 0.18286708984375 0.07281404631179805 1101.6528376464844 0.13122171945701358 
2024-02-14 21:12:53.443770 3 47.61115250852089 47.61115250852089 65.0 3.980760177730766 0.190049072265625 0.06445280911642308 1176.0909636230467 0.13574660633484162 
2024-02-14 21:12:53.443770 3 47.70064495447362 47.70064495447362 63.0 4.028554977702036 0.20620104980468754 0.07948944227652248 1047.662576171875 0.14027149321266968 
2024-02-14 21:12:53.443770 3 48.526317536874906 48.526317536874906 61.0 4.030770863123805 0.195708544921875 0.08960262456483602 1069.8295214436848 0.11764705882352941 
2024-02-14 21:12:53.443770 3 48.80202551411007 48.80202551411007 56.0 4.026683310970076 0.2008887451171875 0.09894387596493427 1022.5607315266927 0.13122171945701358 
2024-02-14 21:12:53.443770 3 46.4908852331492 46.4908852331492 64.0 3.9270972826193407 0.1863859130859375 0.06967449214125344 1148.1294967041015 0.12217194570135746 
2024-02-14 21:12:53.443770 3 46.90119955657088 46.90119955657088 64.0 3.9474199770817417 0.1786221923828125 0.06762359320227794 1058.9247737223307 0.13574660633484162 
2024-02-14 21:12:53.443770 3 49.031172505435755 49.031172505435755 60.0 4.102879755865049 0.1897015380859375 0.09611448410932724 944.3878450520833 0.14479638009049775 
2024-02-14 21:12:53.443770 3 48.559594165066954 48.559594165066954 51.0 4.0687061533238005 0.18841384277343753 0.08216278375455077 934.5523489990235 0.1583710407239819 
2024-02-14 21:12:53.443770 3 48.21582657481408 48.21582657481408 59.0 4.060703921895098 0.19900859375 0.08085491557975757 1057.2127591959634 0.14027149321266968 
2024-02-14 21:12:53.443770 3 48.31645447828315 48.31645447828315 54.0 4.0309795808766395 0.19274753417968754 0.08541646169089022 978.6945339355469 0.1493212669683258 
2024-02-14 21:12:53.964001 4 47.67142191019765 47.67142191019765 62.0 3.985205152690446 0.17815617675781253 0.0655088098925179 1021.0958229980469 0.14479638009049775 
2024-02-14 21:12:53.964001 4 47.61115250852089 47.61115250852089 65.0 3.980760177730766 0.190049072265625 0.06445280911642308 1176.0909636230467 0.13574660633484162 
2024-02-14 21:12:53.964001 4 48.80202551411007 48.80202551411007 56.0 4.026683310970076 0.2008887451171875 0.09894387596493427 1022.5607315266927 0.13122171945701358 
2024-02-14 21:12:53.964001 4 49.54201650383929 49.54201650383929 58.0 4.069965990708638 0.19694514160156248 0.07465059739158814 1026.802389485677 0.15384615384615385 
2024-02-14 21:12:53.964001 4 47.86869744316141 47.86869744316141 64.0 3.983938982586041 0.1868927001953125 0.05753220154742904 1106.2160921630857 0.12669683257918551 
2024-02-14 21:12:53.964001 4 47.70064495447362 47.70064495447362 63.0 4.028554977702036 0.20620104980468754 0.07948944227652248 1047.662576171875 0.14027149321266968 
2024-02-14 21:12:53.964001 4 48.526317536874906 48.526317536874906 61.0 4.030770863123805 0.195708544921875 0.08960262456483602 1069.8295214436848 0.11764705882352941 
2024-02-14 21:12:53.964001 4 46.4908852331492 46.4908852331492 64.0 3.9270972826193407 0.1863859130859375 0.06967449214125344 1148.1294967041015 0.12217194570135746 
2024-02-14 21:12:53.964001 4 49.031172505435755 49.031172505435755 60.0 4.102879755865049 0.1897015380859375 0.09611448410932724 944.3878450520833 0.14479638009049775 
2024-02-14 21:12:53.964001 4 48.559594165066954 48.559594165066954 51.0 4.0687061533238005 0.18841384277343753 0.08216278375455077 934.5523489990235 0.1583710407239819 
2024-02-14 21:12:54.346340 5 48.526317536874906 48.526317536874906 61.0 4.030770863123805 0.195708544921875 0.08960262456483602 1069.8295214436848 0.11764705882352941 
2024-02-14 21:12:54.346340 5 47.95659935652584 47.95659935652584 65.0 3.972974447121506 0.18516826171875 0.061123392027935965 1151.9024792480468 0.12669683257918551 
2024-02-14 21:12:54.346340 5 46.4908852331492 46.4908852331492 64.0 3.9270972826193407 0.1863859130859375 0.06967449214125344 1148.1294967041015 0.12217194570135746 
2024-02-14 21:12:54.346340 5 47.70064495447362 47.70064495447362 63.0 4.028554977702036 0.20620104980468754 0.07948944227652248 1047.662576171875 0.14027149321266968 
2024-02-14 21:12:54.346340 5 49.54201650383929 49.54201650383929 58.0 4.069965990708638 0.19694514160156248 0.07465059739158814 1026.802389485677 0.15384615384615385 
2024-02-14 21:12:54.346340 5 49.512426307924095 49.512426307924095 56.0 4.103069248561895 0.19689587402343756 0.08445541224591434 969.6771089274089 0.1493212669683258 
2024-02-14 21:12:54.346340 5 48.559594165066954 48.559594165066954 51.0 4.0687061533238005 0.18841384277343753 0.08216278375455077 934.5523489990235 0.1583710407239819 
2024-02-14 21:12:54.346340 5 47.61115250852089 47.61115250852089 65.0 3.980760177730766 0.190049072265625 0.06445280911642308 1176.0909636230467 0.13574660633484162 
2024-02-14 21:12:54.346340 5 48.80202551411007 48.80202551411007 56.0 4.026683310970076 0.2008887451171875 0.09894387596493427 1022.5607315266927 0.13122171945701358 
2024-02-14 21:12:54.346340 5 48.752184360982156 48.752184360982156 58.0 4.058936228803876 0.1890965576171875 0.0744768532183618 1037.9874535319009 0.1583710407239819 
