2024-02-14 21:13:00.466306 1 46.913337644545 46.913337644545 59.0 3.902653045483928 0.1843147705078125 0.08231503205621893 985.7455758870443 0.13574660633484162 
2024-02-14 21:13:00.466306 1 47.45268588666236 47.45268588666236 55.0 4.0080858349167165 0.16929685058593752 0.07987933809393573 917.4870958251953 0.14027149321266968 
2024-02-14 21:13:00.466306 1 47.99604950498848 47.99604950498848 62.0 4.000028220145867 0.17861281738281248 0.07489252325113943 997.6852569580078 0.14479638009049775 
2024-02-14 21:13:00.466306 1 47.58978566898787 47.58978566898787 63.0 3.94985921921216 0.17605097656250002 0.06846091085308548 1067.293848388672 0.13574660633484162 
2024-02-14 21:13:00.466306 1 47.7203102027874 47.7203102027874 62.0 3.9394047855739043 0.18549592285156252 0.07621080688198262 1084.7195754801432 0.13122171945701358 
2024-02-14 21:13:00.847171 2 47.45268588666236 47.45268588666236 55.0 4.0080858349167165 0.16929685058593752 0.07987933809393573 917.4870958251953 0.14027149321266968 
2024-02-14 21:13:00.847171 2 47.5238266546362 47.5238266546362 60.0 3.9549307963278544 0.1894766845703125 0.07349430841545758 1019.8739458821614 0.12669683257918551 
2024-02-14 21:13:00.847171 2 47.37473931534152 47.37473931534152 62.0 3.9412143093834273 0.191934033203125 0.08753696869044068 1098.9638557942708 0.13122171945701358 
2024-02-14 21:13:00.847171 2 46.78420218702866 46.78420218702866 58.0 3.927037838795191 0.17331208496093747 0.06831951894708321 958.5229733479817 0.1583710407239819 
2024-02-14 21:13:00.847171 2 49.13176508817979 49.13176508817979 63.0 4.038921115649057 0.19400546875 0.06793480042833322 1100.6192916259768 0.13122171945701358 
2024-02-14 21:13:00.847171 2 46.913337644545 46.913337644545 59.0 3.902653045483928 0.1843147705078125 0.08231503205621893 985.7455758870443 0.13574660633484162 
2024-02-14 21:13:00.847171 2 48.12463201161583 48.12463201161583 57.0 3.977934771111241 0.18984638671875 0.08256381704362382 1014.0007979736328 0.13574660633484162 
2024-02-14 21:13:00.847171 2 47.722327161563925 47.722327161563925 60.0 3.98075046930194 0.17596311035156245 0.07100995216745072 962.1857352294924 0.14027149321266968 
2024-02-14 21:13:00.847171 2 47.92699239167695 47.92699239167695 58.0 3.925535689800396 0.183517236328125 0.07041564690747505 1020.2308097737629 0.14027149321266968 
2024-02-14 21:13:00.847171 2 47.7203102027874 47.7203102027874 62.0 3.9394047855739043 0.18549592285156252 0.07621080688198262 1084.7195754801432 0.13122171945701358 
2024-02-14 21:13:01.262239 3 47.72871450567406 47.72871450567406 62.0 3.9405860144757203 0.18704069824218744 0.0695890385053938 1054.4095448404948 0.12669683257918551 
2024-02-14 21:13:01.262239 3 47.044073725131085 47.044073725131085 59.0 3.9821296130340245 0.188958203125 0.0878876793392993 993.5285214436849 0.13122171945701358 
2024-02-14 21:13:01.262239 3 47.5238266546362 47.5238266546362 60.0 3.9549307963278544 0.1894766845703125 0.07349430841545758 1019.8739458821614 0.12669683257918551 
2024-02-14 21:13:01.262239 3 46.78420218702866 46.78420218702866 58.0 3.927037838795191 0.17331208496093747 0.06831951894708321 958.5229733479817 0.1583710407239819 
2024-02-14 21:13:01.262239 3 48.161842711700054 48.161842711700054 61.0 3.9312324105632928 0.1983078125 0.08069264016083245 1043.7866960042318 0.12669683257918551 
2024-02-14 21:13:01.262239 3 47.3122831394096 47.3122831394096 59.0 3.930275934033287 0.16817358398437499 0.06255943781775242 944.1941733398438 0.16289592760180996 
2024-02-14 21:13:01.262239 3 47.45268588666236 47.45268588666236 55.0 4.0080858349167165 0.16929685058593752 0.07987933809393573 917.4870958251953 0.14027149321266968 
2024-02-14 21:13:01.262239 3 48.27085837822308 48.27085837822308 59.0 4.028244708722649 0.18334306640624998 0.07024811612616531 1017.4979733479818 0.13122171945701358 
2024-02-14 21:13:01.262239 3 47.581875202901664 47.581875202901664 61.0 3.954232283239636 0.17848847656249997 0.06242225263956547 1015.7839303385416 0.12669683257918551 
2024-02-14 21:13:01.262239 3 47.37473931534152 47.37473931534152 62.0 3.9412143093834273 0.191934033203125 0.08753696869044068 1098.9638557942708 0.13122171945701358 
2024-02-14 21:13:01.597357 4 47.72871450567406 47.72871450567406 62.0 3.9405860144757203 0.18704069824218744 0.0695890385053938 1054.4095448404948 0.12669683257918551 
2024-02-14 21:13:01.597357 4 47.15134754183726 47.15134754183726 61.0 3.960993487721429 0.1620988525390625 0.05668680091544327 1007.6684194742837 0.14027149321266968 
2024-02-14 21:13:01.597357 4 46.35728469618616 46.35728469618616 62.0 3.908494565075447 0.19558776855468754 0.08057508353237813 1068.0834248860679 0.13122171945701358 
2024-02-14 21:13:01.597357 4 48.70083452291172 48.70083452291172 58.0 4.05371156213068 0.16835595703125 0.07158623149192325 990.2533381754557 0.14027149321266968 
2024-02-14 21:13:01.597357 4 47.45268588666236 47.45268588666236 55.0 4.0080858349167165 0.16929685058593752 0.07987933809393573 917.4870958251953 0.14027149321266968 
2024-02-14 21:13:01.597357 4 47.3122831394096 47.3122831394096 59.0 3.930275934033287 0.16817358398437499 0.06255943781775242 944.1941733398438 0.16289592760180996 
2024-02-14 21:13:01.597357 4 47.044073725131085 47.044073725131085 59.0 3.9821296130340245 0.188958203125 0.0878876793392993 993.5285214436849 0.13122171945701358 
2024-02-14 21:13:01.597357 4 46.93629292447746 46.93629292447746 62.0 3.8910498439469023 0.18665478515625 0.07729980953955645 997.1147375488281 0.13122171945701358 
2024-02-14 21:13:01.597357 4 48.161842711700054 48.161842711700054 61.0 3.9312324105632928 0.1983078125 0.08069264016083245 1043.7866960042318 0.12669683257918551 
2024-02-14 21:13:01.597357 4 47.33067953745601 47.33067953745601 66.0 3.9510342476151292 0.17211083984375 0.060898774059653375 999.6516230061849 0.13122171945701358 
2024-02-14 21:13:02.016172 5 47.06843338630322 47.06843338630322 63.0 3.8790042359601182 0.20034970703125 0.07494252486635677 1047.4188450113932 0.12669683257918551 
2024-02-14 21:13:02.016172 5 47.72871450567406 47.72871450567406 62.0 3.9405860144757203 0.18704069824218744 0.0695890385053938 1054.4095448404948 0.12669683257918551 
2024-02-14 21:13:02.016172 5 47.83396816957552 47.83396816957552 57.0 4.027121676526088 0.191247216796875 0.09353334659338247 988.8621698404949 0.13574660633484162 
2024-02-14 21:13:02.016172 5 47.30990802898083 47.30990802898083 66.0 3.935128695650754 0.1822216796875 0.0680007361248731 1074.825462198893 0.13122171945701358 
2024-02-14 21:13:02.016172 5 47.3122831394096 47.3122831394096 59.0 3.930275934033287 0.16817358398437499 0.06255943781775242 944.1941733398438 0.16289592760180996 
2024-02-14 21:13:02.016172 5 47.15134754183726 47.15134754183726 61.0 3.960993487721429 0.1620988525390625 0.05668680091544327 1007.6684194742837 0.14027149321266968 
2024-02-14 21:13:02.016172 5 47.45268588666236 47.45268588666236 55.0 4.0080858349167165 0.16929685058593752 0.07987933809393573 917.4870958251953 0.14027149321266968 
2024-02-14 21:13:02.016172 5 48.70083452291172 48.70083452291172 58.0 4.05371156213068 0.16835595703125 0.07158623149192325 990.2533381754557 0.14027149321266968 
2024-02-14 21:13:02.016172 5 46.0982291406306 46.0982291406306 61.0 3.883411231742114 0.16169521484375 0.05803260228210932 1024.6235850423177 0.14027149321266968 
2024-02-14 21:13:02.016172 5 47.538236430726144 47.538236430726144 63.0 3.9835768210547617 0.19326081542968748 0.07168235267825787 1115.4450544433594 0.13122171945701358 
