2024-02-14 21:13:00.405769 1 47.201941387534035 47.201941387534035 61.0 4.022437182915124 0.20080097656249996 0.07920020968087668 1052.075423095703 0.14027149321266968 
2024-02-14 21:13:00.405769 1 48.98118179369649 48.98118179369649 64.0 4.027870995834232 0.1844678955078125 0.06785575955800709 1095.5292274169924 0.12669683257918551 
2024-02-14 21:13:00.405769 1 47.257619861755884 47.257619861755884 56.0 3.950125072639779 0.1808535400390625 0.08745340420733631 1016.6926166178387 0.13574660633484162 
2024-02-14 21:13:00.405769 1 47.763742944065754 47.763742944065754 64.0 4.04225017139723 0.18492075195312502 0.0826272495130801 1010.62159773763 0.13122171945701358 
2024-02-14 21:13:00.405769 1 48.19589002574224 48.19589002574224 60.0 4.02163418689154 0.19999438476562503 0.08363551788598304 1128.0895325927736 0.13122171945701358 
2024-02-14 21:13:00.405769 1 47.73626342587151 47.73626342587151 61.0 3.9547619463869466 0.18680053710937497 0.0825356028000712 1010.6044360351563 0.12669683257918551 
2024-02-14 21:13:00.405769 1 47.3437841801989 47.3437841801989 59.0 3.9578537312360846 0.20230375976562498 0.08688390073976283 1091.6015227457683 0.12217194570135746 
2024-02-14 21:13:00.405769 1 47.198559182565795 47.198559182565795 63.0 3.939001293641 0.18743872070312503 0.08163612099605787 1054.9534311930338 0.14027149321266968 
2024-02-14 21:13:00.405769 1 48.61611893996526 48.61611893996526 55.0 4.077929363120539 0.18780664062500002 0.07713694542026531 930.9029887288411 0.13122171945701358 
2024-02-14 21:13:00.825017 2 48.98118179369649 48.98118179369649 64.0 4.027870995834232 0.1844678955078125 0.06785575955800709 1095.5292274169924 0.12669683257918551 
2024-02-14 21:13:00.825017 2 48.230207136409355 48.230207136409355 66.0 4.027148630780984 0.18804978027343747 0.08370732067807861 1075.0400994059244 0.12217194570135746 
2024-02-14 21:13:00.825017 2 47.198559182565795 47.198559182565795 63.0 3.939001293641 0.18743872070312503 0.08163612099605787 1054.9534311930338 0.14027149321266968 
2024-02-14 21:13:00.825017 2 48.61611893996526 48.61611893996526 55.0 4.077929363120539 0.18780664062500002 0.07713694542026531 930.9029887288411 0.13122171945701358 
2024-02-14 21:13:00.825017 2 47.10709102098881 47.10709102098881 57.0 3.943992369558546 0.19035573730468752 0.08140589400485693 1060.2940157470705 0.14027149321266968 
2024-02-14 21:13:00.825017 2 48.8259264796478 48.8259264796478 61.0 4.10070317264435 0.1972427734375 0.07383897184986125 1009.5142101643879 0.12669683257918551 
2024-02-14 21:13:00.825017 2 47.257619861755884 47.257619861755884 56.0 3.950125072639779 0.1808535400390625 0.08745340420733631 1016.6926166178387 0.13574660633484162 
2024-02-14 21:13:00.825017 2 48.19589002574224 48.19589002574224 60.0 4.02163418689154 0.19999438476562503 0.08363551788598304 1128.0895325927736 0.13122171945701358 
2024-02-14 21:13:00.825017 2 47.3437841801989 47.3437841801989 59.0 3.9578537312360846 0.20230375976562498 0.08688390073976283 1091.6015227457683 0.12217194570135746 
2024-02-14 21:13:00.825017 2 47.49921774565304 47.49921774565304 62.0 4.009096783118842 0.18216787109375002 0.06810205423020371 1007.797170694987 0.13122171945701358 
2024-02-14 21:13:01.204877 3 47.198559182565795 47.198559182565795 63.0 3.939001293641 0.18743872070312503 0.08163612099605787 1054.9534311930338 0.14027149321266968 
2024-02-14 21:13:01.204877 3 48.61611893996526 48.61611893996526 55.0 4.077929363120539 0.18780664062500002 0.07713694542026531 930.9029887288411 0.13122171945701358 
2024-02-14 21:13:01.204877 3 47.10709102098881 47.10709102098881 57.0 3.943992369558546 0.19035573730468752 0.08140589400485693 1060.2940157470705 0.14027149321266968 
2024-02-14 21:13:01.204877 3 47.257619861755884 47.257619861755884 56.0 3.950125072639779 0.1808535400390625 0.08745340420733631 1016.6926166178387 0.13574660633484162 
2024-02-14 21:13:01.204877 3 47.3437841801989 47.3437841801989 59.0 3.9578537312360846 0.20230375976562498 0.08688390073976283 1091.6015227457683 0.12217194570135746 
2024-02-14 21:13:01.204877 3 48.67819273757288 48.67819273757288 59.0 4.053370637532402 0.1948892333984375 0.08375564146645731 1047.956773885091 0.13122171945701358 
2024-02-14 21:13:01.204877 3 47.849516656627685 47.849516656627685 55.0 3.969835695350402 0.19132275390624998 0.08638906379342076 936.5840222574872 0.13122171945701358 
2024-02-14 21:13:01.204877 3 47.203987724367146 47.203987724367146 60.0 3.9269841996239063 0.1752290771484375 0.06557462936962316 997.9274060872395 0.12217194570135746 
2024-02-14 21:13:01.204877 3 48.7802812955835 48.7802812955835 65.0 4.076251250383603 0.1993427978515625 0.06498399003120604 1070.8352034912107 0.13122171945701358 
2024-02-14 21:13:02.012358 4 47.80603436408362 47.80603436408362 56.0 4.062716872996284 0.1845069580078125 0.07475457390694312 896.0842842203775 0.14479638009049775 
2024-02-14 21:13:02.012358 4 47.257619861755884 47.257619861755884 56.0 3.950125072639779 0.1808535400390625 0.08745340420733631 1016.6926166178387 0.13574660633484162 
2024-02-14 21:13:02.012358 4 47.03778124677609 47.03778124677609 54.0 3.9052289475230655 0.18392792968749996 0.08268269048837171 945.1652052815756 0.12669683257918551 
2024-02-14 21:13:02.012358 4 48.7802812955835 48.7802812955835 65.0 4.076251250383603 0.1993427978515625 0.06498399003120604 1070.8352034912107 0.13122171945701358 
2024-02-14 21:13:02.012358 4 47.203987724367146 47.203987724367146 60.0 3.9269841996239063 0.1752290771484375 0.06557462936962316 997.9274060872395 0.12217194570135746 
2024-02-14 21:13:02.012358 4 48.61611893996526 48.61611893996526 55.0 4.077929363120539 0.18780664062500002 0.07713694542026531 930.9029887288411 0.13122171945701358 
2024-02-14 21:13:02.012358 4 47.3437841801989 47.3437841801989 59.0 3.9578537312360846 0.20230375976562498 0.08688390073976283 1091.6015227457683 0.12217194570135746 
2024-02-14 21:13:02.012358 4 46.92273819122054 46.92273819122054 62.0 3.922266645935764 0.179340185546875 0.07213383296509018 1055.9550155436195 0.12217194570135746 
2024-02-14 21:13:02.012358 4 47.849516656627685 47.849516656627685 55.0 3.969835695350402 0.19132275390624998 0.08638906379342076 936.5840222574872 0.13122171945701358 
2024-02-14 21:13:02.012358 4 47.47531939490248 47.47531939490248 59.0 3.946342626327921 0.18732351074218748 0.08106103876331978 1019.8442312011717 0.12669683257918551 
2024-02-14 21:13:02.504445 5 47.257619861755884 47.257619861755884 56.0 3.950125072639779 0.1808535400390625 0.08745340420733631 1016.6926166178387 0.13574660633484162 
2024-02-14 21:13:02.504445 5 47.162483814469844 47.162483814469844 60.0 3.939648882163588 0.17904431152343747 0.07859760420624912 1039.204111694336 0.14479638009049775 
2024-02-14 21:13:02.504445 5 47.203987724367146 47.203987724367146 60.0 3.9269841996239063 0.1752290771484375 0.06557462936962316 997.9274060872395 0.12217194570135746 
2024-02-14 21:13:02.504445 5 46.44467381393117 46.44467381393117 56.0 3.82977513009866 0.1875947021484375 0.0754582858404274 1006.9340084635417 0.11764705882352941 
2024-02-14 21:13:02.504445 5 47.42650803461246 47.42650803461246 59.0 3.973261797026503 0.196152392578125 0.07477590828358888 1092.6657670491536 0.11764705882352941 
2024-02-14 21:13:02.504445 5 47.03778124677609 47.03778124677609 54.0 3.9052289475230655 0.18392792968749996 0.08268269048837171 945.1652052815756 0.12669683257918551 
2024-02-14 21:13:02.504445 5 47.80603436408362 47.80603436408362 56.0 4.062716872996284 0.1845069580078125 0.07475457390694312 896.0842842203775 0.14479638009049775 
2024-02-14 21:13:02.504445 5 47.25277679452899 47.25277679452899 63.0 3.9396397785221318 0.17949064941406256 0.06225496513255295 1021.0997926432291 0.13122171945701358 
2024-02-14 21:13:02.504445 5 48.61611893996526 48.61611893996526 55.0 4.077929363120539 0.18780664062500002 0.07713694542026531 930.9029887288411 0.13122171945701358 
2024-02-14 21:13:02.504445 5 46.92273819122054 46.92273819122054 62.0 3.922266645935764 0.179340185546875 0.07213383296509018 1055.9550155436195 0.12217194570135746 
