2024-02-14 21:12:52.598212 1 47.433054020570935 47.433054020570935 64.0 3.970351952785776 0.19414230957031248 0.06975667892583547 1100.5950990804038 0.14479638009049775 
2024-02-14 21:12:52.598212 1 47.30636607754991 47.30636607754991 57.0 3.929089559949854 0.19099228515625 0.08935415927020555 997.5655592041018 0.12669683257918551 
2024-02-14 21:12:52.598212 1 47.82576602841603 47.82576602841603 62.0 4.016855007737361 0.1883355712890625 0.08210113445143395 1071.6189998779298 0.15384615384615385 
2024-02-14 21:12:52.598212 1 48.177493148681386 48.177493148681386 59.0 4.049579321005791 0.192554736328125 0.08605244378819231 1075.2048858235678 0.12669683257918551 
2024-02-14 21:12:52.598212 1 48.06769791205527 48.06769791205527 58.0 4.056169443301797 0.19257910156250002 0.09323934446179857 951.0075291341146 0.13122171945701358 
2024-02-14 21:12:52.598212 1 48.820888479575984 48.820888479575984 50.0 4.082181821446528 0.17913342285156247 0.09063758033935727 848.6945575358072 0.13122171945701358 
2024-02-14 21:12:52.598212 1 46.98453326852886 46.98453326852886 50.0 4.021496840577723 0.18568779296874996 0.0881045810651876 953.755274576823 0.14479638009049775 
2024-02-14 21:12:53.032313 2 48.06769791205527 48.06769791205527 58.0 4.056169443301797 0.19257910156250002 0.09323934446179857 951.0075291341146 0.13122171945701358 
2024-02-14 21:12:53.032313 2 48.350051070253265 48.350051070253265 57.0 4.01686978381096 0.1733672607421875 0.07465150813065233 938.8935283610025 0.12669683257918551 
2024-02-14 21:12:53.032313 2 46.98453326852886 46.98453326852886 50.0 4.021496840577723 0.18568779296874996 0.0881045810651876 953.755274576823 0.14479638009049775 
2024-02-14 21:12:53.032313 2 48.820888479575984 48.820888479575984 50.0 4.082181821446528 0.17913342285156247 0.09063758033935727 848.6945575358072 0.13122171945701358 
2024-02-14 21:12:53.032313 2 48.550363153839626 48.550363153839626 62.0 4.08012592636122 0.17906196289062495 0.06606117852015247 1026.3962400716148 0.14027149321266968 
2024-02-14 21:12:53.032313 2 47.3543237362311 47.3543237362311 59.0 4.031364498246852 0.1846561279296875 0.07581216858689471 978.6161275634767 0.14479638009049775 
2024-02-14 21:12:53.032313 2 47.433054020570935 47.433054020570935 64.0 3.970351952785776 0.19414230957031248 0.06975667892583547 1100.5950990804038 0.14479638009049775 
2024-02-14 21:12:53.032313 2 47.30636607754991 47.30636607754991 57.0 3.929089559949854 0.19099228515625 0.08935415927020555 997.5655592041018 0.12669683257918551 
2024-02-14 21:12:53.032313 2 47.745537310891734 47.745537310891734 59.0 3.9947133185442016 0.190777978515625 0.0836397949091459 992.8629515380858 0.14027149321266968 
2024-02-14 21:12:53.032313 2 47.25585066714331 47.25585066714331 61.0 3.955680808570514 0.19164726562499998 0.07953828242743964 1014.2253291829428 0.13574660633484162 
2024-02-14 21:12:53.443079 3 47.433054020570935 47.433054020570935 64.0 3.970351952785776 0.19414230957031248 0.06975667892583547 1100.5950990804038 0.14479638009049775 
2024-02-14 21:12:53.443079 3 48.54726037606186 48.54726037606186 66.0 4.05564039881687 0.187976806640625 0.06427213439565894 1033.7803142496746 0.14027149321266968 
2024-02-14 21:12:53.443079 3 46.98453326852886 46.98453326852886 50.0 4.021496840577723 0.18568779296874996 0.0881045810651876 953.755274576823 0.14479638009049775 
2024-02-14 21:12:53.443079 3 47.38196818067554 47.38196818067554 61.0 4.056683359124537 0.1770551513671875 0.0662730921211593 1047.7949514160155 0.14479638009049775 
2024-02-14 21:12:53.443079 3 48.820888479575984 48.820888479575984 50.0 4.082181821446528 0.17913342285156247 0.09063758033935727 848.6945575358072 0.13122171945701358 
2024-02-14 21:12:53.443079 3 48.06769791205527 48.06769791205527 58.0 4.056169443301797 0.19257910156250002 0.09323934446179857 951.0075291341146 0.13122171945701358 
2024-02-14 21:12:53.443079 3 47.073097533838705 47.073097533838705 48.0 4.00680757559434 0.17073271484375002 0.07857719343129149 846.0907557779948 0.13574660633484162 
2024-02-14 21:12:53.443079 3 47.30636607754991 47.30636607754991 57.0 3.929089559949854 0.19099228515625 0.08935415927020555 997.5655592041018 0.12669683257918551 
2024-02-14 21:12:53.443079 3 47.911146469053826 47.911146469053826 62.0 4.083186759319113 0.17525856933593748 0.06776529584551985 1017.9849387613931 0.13574660633484162 
2024-02-14 21:12:53.443079 3 48.350051070253265 48.350051070253265 57.0 4.01686978381096 0.1733672607421875 0.07465150813065233 938.8935283610025 0.12669683257918551 
2024-02-14 21:12:53.925415 4 46.98453326852886 46.98453326852886 50.0 4.021496840577723 0.18568779296874996 0.0881045810651876 953.755274576823 0.14479638009049775 
2024-02-14 21:12:53.925415 4 48.54726037606186 48.54726037606186 66.0 4.05564039881687 0.187976806640625 0.06427213439565894 1033.7803142496746 0.14027149321266968 
2024-02-14 21:12:53.925415 4 47.40713080906023 47.40713080906023 62.0 4.022969423550307 0.173918994140625 0.06859153605754137 1035.6266106770831 0.1493212669683258 
2024-02-14 21:12:53.925415 4 47.911146469053826 47.911146469053826 62.0 4.083186759319113 0.17525856933593748 0.06776529584551985 1017.9849387613931 0.13574660633484162 
2024-02-14 21:12:53.925415 4 47.30636607754991 47.30636607754991 57.0 3.929089559949854 0.19099228515625 0.08935415927020555 997.5655592041018 0.12669683257918551 
2024-02-14 21:12:53.925415 4 47.073097533838705 47.073097533838705 48.0 4.00680757559434 0.17073271484375002 0.07857719343129149 846.0907557779948 0.13574660633484162 
2024-02-14 21:12:53.925415 4 47.173036782498556 47.173036782498556 67.0 3.961553495524084 0.1986511474609375 0.08003206263571919 1138.611008951823 0.12669683257918551 
2024-02-14 21:12:53.925415 4 48.081020596397074 48.081020596397074 50.0 4.063680358040653 0.1811180419921875 0.08411695350520311 809.2461038818359 0.13574660633484162 
2024-02-14 21:12:53.925415 4 48.06769791205527 48.06769791205527 58.0 4.056169443301797 0.19257910156250002 0.09323934446179857 951.0075291341146 0.13122171945701358 
2024-02-14 21:12:53.925415 4 48.820888479575984 48.820888479575984 50.0 4.082181821446528 0.17913342285156247 0.09063758033935727 848.6945575358072 0.13122171945701358 
2024-02-14 21:12:54.370679 5 48.820888479575984 48.820888479575984 50.0 4.082181821446528 0.17913342285156247 0.09063758033935727 848.6945575358072 0.13122171945701358 
2024-02-14 21:12:54.370679 5 46.98453326852886 46.98453326852886 50.0 4.021496840577723 0.18568779296874996 0.0881045810651876 953.755274576823 0.14479638009049775 
2024-02-14 21:12:54.370679 5 47.091422587951264 47.091422587951264 61.0 4.001083910370676 0.16737958984374998 0.06099561130856033 1009.346015991211 0.13122171945701358 
2024-02-14 21:12:54.370679 5 47.169118254947676 47.169118254947676 60.0 4.019526422107305 0.178602392578125 0.07554985662596468 996.489747273763 0.1493212669683258 
2024-02-14 21:12:54.370679 5 47.30636607754991 47.30636607754991 57.0 3.929089559949854 0.19099228515625 0.08935415927020555 997.5655592041018 0.12669683257918551 
2024-02-14 21:12:54.370679 5 47.173036782498556 47.173036782498556 67.0 3.961553495524084 0.1986511474609375 0.08003206263571919 1138.611008951823 0.12669683257918551 
2024-02-14 21:12:54.370679 5 48.06769791205527 48.06769791205527 58.0 4.056169443301797 0.19257910156250002 0.09323934446179857 951.0075291341146 0.13122171945701358 
2024-02-14 21:12:54.370679 5 47.073097533838705 47.073097533838705 48.0 4.00680757559434 0.17073271484375002 0.07857719343129149 846.0907557779948 0.13574660633484162 
2024-02-14 21:12:54.370679 5 48.081020596397074 48.081020596397074 50.0 4.063680358040653 0.1811180419921875 0.08411695350520311 809.2461038818359 0.13574660633484162 
2024-02-14 21:12:54.370679 5 48.21469318043068 48.21469318043068 52.0 4.063972724987431 0.17649838867187506 0.07711583760638482 886.6849962565103 0.13122171945701358 
