2024-02-14 21:12:54.734813 1 47.6590139795662 47.6590139795662 64.0 3.9754207704060645 0.19130390625000002 0.08200909610064988 1158.6215773111978 0.13574660633484162 
2024-02-14 21:12:54.734813 1 48.74170773842171 48.74170773842171 57.0 4.064430161341926 0.19038173828125 0.08293198576480398 1013.3531814778647 0.1493212669683258 
2024-02-14 21:12:54.734813 1 47.31009486346986 47.31009486346986 49.0 3.942028457653458 0.18235200195312498 0.08328749591419472 856.1223761800131 0.12217194570135746 
2024-02-14 21:12:54.734813 1 46.699414132354576 46.699414132354576 66.0 3.90009341149047 0.1835153076171875 0.0737706991388387 1078.0651261393232 0.14027149321266968 
2024-02-14 21:12:54.734813 1 49.40765632096661 49.40765632096661 64.0 4.092872229078112 0.18888771972656251 0.07650251322055994 1070.32042191569 0.13574660633484162 
2024-02-14 21:12:54.734813 1 47.50907853372118 47.50907853372118 59.0 3.968417459174812 0.1824924072265625 0.0823199896560782 1083.053321166992 0.13574660633484162 
2024-02-14 21:12:54.734813 1 48.557196520554605 48.557196520554605 59.0 4.064543881771823 0.19037958984375 0.08226304829114435 1053.7780157063803 0.13122171945701358 
2024-02-14 21:12:55.104951 2 46.493548411066065 46.493548411066065 61.0 3.890735918493272 0.1932111572265625 0.09479014719620885 1141.4348457031247 0.13574660633484162 
2024-02-14 21:12:55.104951 2 47.6590139795662 47.6590139795662 64.0 3.9754207704060645 0.19130390625000002 0.08200909610064988 1158.6215773111978 0.13574660633484162 
2024-02-14 21:12:55.104951 2 49.4982548270357 49.4982548270357 66.0 4.095332079685021 0.18385332031249998 0.07046930421207903 1135.3321348470051 0.14027149321266968 
2024-02-14 21:12:55.104951 2 47.31009486346986 47.31009486346986 49.0 3.942028457653458 0.18235200195312498 0.08328749591419472 856.1223761800131 0.12217194570135746 
2024-02-14 21:12:55.104951 2 48.061432350247784 48.061432350247784 63.0 4.031465428362487 0.18273969726562503 0.06847505716626401 1071.9614833170572 0.1493212669683258 
2024-02-14 21:12:55.104951 2 48.74170773842171 48.74170773842171 57.0 4.064430161341926 0.19038173828125 0.08293198576480398 1013.3531814778647 0.1493212669683258 
2024-02-14 21:12:55.104951 2 46.7149621938519 46.7149621938519 59.0 3.9568870402473344 0.19274072265624997 0.07577533680856222 977.4657791748048 0.12669683257918551 
2024-02-14 21:12:55.104951 2 47.52199601109675 47.52199601109675 65.0 4.001717114584761 0.1876103271484375 0.07823928249963465 1053.7351967773436 0.13574660633484162 
2024-02-14 21:12:55.104951 2 48.05968831585082 48.05968831585082 62.0 3.974228854478854 0.183972900390625 0.07875275076025716 1025.4088833007813 0.12669683257918551 
2024-02-14 21:12:55.104951 2 49.40765632096661 49.40765632096661 64.0 4.092872229078112 0.18888771972656251 0.07650251322055994 1070.32042191569 0.13574660633484162 
2024-02-14 21:12:55.575315 3 48.28756300023506 48.28756300023506 62.0 4.012432356042651 0.18080927734375002 0.06408725315183164 1090.459978881836 0.1493212669683258 
2024-02-14 21:12:55.575315 3 47.31009486346986 47.31009486346986 49.0 3.942028457653458 0.18235200195312498 0.08328749591419472 856.1223761800131 0.12217194570135746 
2024-02-14 21:12:55.575315 3 47.802367922273795 47.802367922273795 62.0 4.018093984446926 0.174989013671875 0.0742174208167194 1031.7360869140625 0.14027149321266968 
2024-02-14 21:12:55.575315 3 46.869003358651156 46.869003358651156 68.0 3.937503116164881 0.18515295410156252 0.07331248373691734 1221.716110595703 0.14027149321266968 
2024-02-14 21:12:55.575315 3 46.32734624019772 46.32734624019772 59.0 3.8717387196137194 0.18580996093750002 0.07976908967687138 1080.9403170572918 0.12669683257918551 
2024-02-14 21:12:55.575315 3 49.4982548270357 49.4982548270357 66.0 4.095332079685021 0.18385332031249998 0.07046930421207903 1135.3321348470051 0.14027149321266968 
2024-02-14 21:12:55.575315 3 46.7149621938519 46.7149621938519 59.0 3.9568870402473344 0.19274072265624997 0.07577533680856222 977.4657791748048 0.12669683257918551 
2024-02-14 21:12:55.575315 3 48.74170773842171 48.74170773842171 57.0 4.064430161341926 0.19038173828125 0.08293198576480398 1013.3531814778647 0.1493212669683258 
2024-02-14 21:12:55.575315 3 47.52199601109675 47.52199601109675 65.0 4.001717114584761 0.1876103271484375 0.07823928249963465 1053.7351967773436 0.13574660633484162 
2024-02-14 21:12:55.575315 3 49.40765632096661 49.40765632096661 64.0 4.092872229078112 0.18888771972656251 0.07650251322055994 1070.32042191569 0.13574660633484162 
2024-02-14 21:12:55.910571 4 47.31009486346986 47.31009486346986 49.0 3.942028457653458 0.18235200195312498 0.08328749591419472 856.1223761800131 0.12217194570135746 
2024-02-14 21:12:55.910571 4 46.7149621938519 46.7149621938519 59.0 3.9568870402473344 0.19274072265624997 0.07577533680856222 977.4657791748048 0.12669683257918551 
2024-02-14 21:12:55.910571 4 48.50108856045914 48.50108856045914 64.0 4.005731142223789 0.1761446044921875 0.06769039083910648 1031.7371860758465 0.13574660633484162 
2024-02-14 21:12:55.910571 4 46.869003358651156 46.869003358651156 68.0 3.937503116164881 0.18515295410156252 0.07331248373691734 1221.716110595703 0.14027149321266968 
2024-02-14 21:12:55.910571 4 48.28756300023506 48.28756300023506 62.0 4.012432356042651 0.18080927734375002 0.06408725315183164 1090.459978881836 0.1493212669683258 
2024-02-14 21:12:55.910571 4 46.32734624019772 46.32734624019772 59.0 3.8717387196137194 0.18580996093750002 0.07976908967687138 1080.9403170572918 0.12669683257918551 
2024-02-14 21:12:55.910571 4 46.83480802718523 46.83480802718523 58.0 3.889002415884769 0.17123173828125002 0.07400633231252189 961.8252370198568 0.12669683257918551 
2024-02-14 21:12:55.910571 4 48.0480923620497 48.0480923620497 63.0 4.0514618649324525 0.17965368652343752 0.0661062257171125 1088.586334309896 0.13122171945701358 
2024-02-14 21:12:55.910571 4 46.56867686627099 46.56867686627099 55.0 3.9202595500904325 0.18807272949218745 0.07806596962548429 895.9196438395181 0.12217194570135746 
2024-02-14 21:12:55.910571 4 47.63549593674299 47.63549593674299 62.0 3.976638705249 0.18657431640625 0.07235959381493567 1086.8291455485025 0.14479638009049775 
2024-02-14 21:12:56.268681 5 48.50108856045914 48.50108856045914 64.0 4.005731142223789 0.1761446044921875 0.06769039083910648 1031.7371860758465 0.13574660633484162 
2024-02-14 21:12:56.268681 5 48.28756300023506 48.28756300023506 62.0 4.012432356042651 0.18080927734375002 0.06408725315183164 1090.459978881836 0.1493212669683258 
2024-02-14 21:12:56.268681 5 47.07978628348775 47.07978628348775 60.0 3.902535679190091 0.17121418457031246 0.07666719646359149 915.9339051920573 0.14479638009049775 
2024-02-14 21:12:56.268681 5 47.31009486346986 47.31009486346986 49.0 3.942028457653458 0.18235200195312498 0.08328749591419472 856.1223761800131 0.12217194570135746 
2024-02-14 21:12:56.268681 5 45.84216330368977 45.84216330368977 63.0 3.8292466561216565 0.19349404296875 0.08421017320832243 993.0541995849608 0.12669683257918551 
2024-02-14 21:12:56.268681 5 48.300910304156616 48.300910304156616 65.0 3.992197878918467 0.17616215820312497 0.06122176923668139 1108.1233330891928 0.12669683257918551 
2024-02-14 21:12:56.268681 5 46.57008743576685 46.57008743576685 62.0 3.9067995199245202 0.1959263671875 0.07662906643597114 1092.6990100911457 0.13122171945701358 
2024-02-14 21:12:56.268681 5 46.56867686627099 46.56867686627099 55.0 3.9202595500904325 0.18807272949218745 0.07806596962548429 895.9196438395181 0.12217194570135746 
2024-02-14 21:12:56.268681 5 46.83480802718523 46.83480802718523 58.0 3.889002415884769 0.17123173828125002 0.07400633231252189 961.8252370198568 0.12669683257918551 
2024-02-14 21:12:56.268681 5 46.32734624019772 46.32734624019772 59.0 3.8717387196137194 0.18580996093750002 0.07976908967687138 1080.9403170572918 0.12669683257918551 
