2024-02-14 21:13:01.849845 1 47.700656109576705 47.700656109576705 58.0 4.050775789569907 0.181037255859375 0.07712965246212714 1002.9119075520833 0.14027149321266968 
2024-02-14 21:13:01.849845 1 47.744512036656154 47.744512036656154 54.0 4.045177943788238 0.18984934082031252 0.08779733166650465 995.787012898763 0.14479638009049775 
2024-02-14 21:13:01.849845 1 49.38027457452677 49.38027457452677 53.0 4.205150485135778 0.19372998046875003 0.08551509629452222 886.3136329345704 0.14027149321266968 
2024-02-14 21:13:01.849845 1 48.28665124915934 48.28665124915934 54.0 4.044521059006353 0.1722058349609375 0.07624890993159954 877.2268168945313 0.13574660633484162 
2024-02-14 21:13:01.849845 1 46.870872218467795 46.870872218467795 57.0 3.9369206577735993 0.182749951171875 0.08690171969434958 975.0089279378254 0.13122171945701358 
2024-02-14 21:13:01.849845 1 47.99231225424903 47.99231225424903 57.0 4.014034525931585 0.18528171386718753 0.08662445192097382 989.0136696777345 0.14027149321266968 
2024-02-14 21:13:01.849845 1 49.17589876847009 49.17589876847009 52.0 4.1235514901764905 0.19290651855468752 0.09610417800575448 908.6769447021484 0.14027149321266968 
2024-02-14 21:13:02.293759 2 49.09269669407389 49.09269669407389 59.0 4.1311237479840415 0.18885056152343752 0.07849056112428848 1012.5901549479167 0.12217194570135746 
2024-02-14 21:13:02.293759 2 48.173464145984724 48.173464145984724 57.0 4.029719471704766 0.18868291015625002 0.07840509845477107 986.4739654134114 0.14479638009049775 
2024-02-14 21:13:02.293759 2 47.88052892499657 47.88052892499657 61.0 3.99716027926322 0.18919941406250002 0.08331839198561682 1078.8671796874999 0.14027149321266968 
2024-02-14 21:13:02.293759 2 46.870872218467795 46.870872218467795 57.0 3.9369206577735993 0.182749951171875 0.08690171969434958 975.0089279378254 0.13122171945701358 
2024-02-14 21:13:02.293759 2 48.28665124915934 48.28665124915934 54.0 4.044521059006353 0.1722058349609375 0.07624890993159954 877.2268168945313 0.13574660633484162 
2024-02-14 21:13:02.293759 2 49.17589876847009 49.17589876847009 52.0 4.1235514901764905 0.19290651855468752 0.09610417800575448 908.6769447021484 0.14027149321266968 
2024-02-14 21:13:02.293759 2 47.87301464132273 47.87301464132273 60.0 4.065577376871494 0.16486706542968746 0.06412904245035352 952.6536007080077 0.12669683257918551 
2024-02-14 21:13:02.293759 2 49.38027457452677 49.38027457452677 53.0 4.205150485135778 0.19372998046875003 0.08551509629452222 886.3136329345704 0.14027149321266968 
2024-02-14 21:13:02.293759 2 47.10957592554503 47.10957592554503 58.0 4.022495404105698 0.19288063964843746 0.08172695714999378 1046.126952799479 0.13122171945701358 
2024-02-14 21:13:02.293759 2 47.53638332957892 47.53638332957892 61.0 3.9593531974561387 0.19024628906250002 0.0867995332446433 1000.7807162272135 0.12669683257918551 
2024-02-14 21:13:02.669453 3 49.17589876847009 49.17589876847009 52.0 4.1235514901764905 0.19290651855468752 0.09610417800575448 908.6769447021484 0.14027149321266968 
2024-02-14 21:13:02.669453 3 49.38027457452677 49.38027457452677 53.0 4.205150485135778 0.19372998046875003 0.08551509629452222 886.3136329345704 0.14027149321266968 
2024-02-14 21:13:02.669453 3 47.51181848233465 47.51181848233465 61.0 3.9805543672014263 0.1921093994140625 0.07968852282398889 1084.0028754069012 0.12669683257918551 
2024-02-14 21:13:02.669453 3 46.870872218467795 46.870872218467795 57.0 3.9369206577735993 0.182749951171875 0.08690171969434958 975.0089279378254 0.13122171945701358 
2024-02-14 21:13:02.669453 3 47.87301464132273 47.87301464132273 60.0 4.065577376871494 0.16486706542968746 0.06412904245035352 952.6536007080077 0.12669683257918551 
2024-02-14 21:13:02.669453 3 48.28665124915934 48.28665124915934 54.0 4.044521059006353 0.1722058349609375 0.07624890993159954 877.2268168945313 0.13574660633484162 
2024-02-14 21:13:02.669453 3 48.173464145984724 48.173464145984724 57.0 4.029719471704766 0.18868291015625002 0.07840509845477107 986.4739654134114 0.14479638009049775 
2024-02-14 21:13:02.669453 3 48.450608367531146 48.450608367531146 59.0 4.093695993548934 0.18438962402343748 0.07835414275413685 1035.3914563802084 0.12217194570135746 
2024-02-14 21:13:02.669453 3 48.569602967865464 48.569602967865464 55.0 4.092838464639936 0.17763552246093753 0.07391139538687398 916.8320309651692 0.12217194570135746 
2024-02-14 21:13:02.669453 3 47.10957592554503 47.10957592554503 58.0 4.022495404105698 0.19288063964843746 0.08172695714999378 1046.126952799479 0.13122171945701358 
2024-02-14 21:13:03.105077 4 46.870872218467795 46.870872218467795 57.0 3.9369206577735993 0.182749951171875 0.08690171969434958 975.0089279378254 0.13122171945701358 
2024-02-14 21:13:03.105077 4 47.4460391960164 47.4460391960164 55.0 4.017434493610964 0.18673132324218752 0.07985611609272651 858.3147018636068 0.12669683257918551 
2024-02-14 21:13:03.105077 4 49.38027457452677 49.38027457452677 53.0 4.205150485135778 0.19372998046875003 0.08551509629452222 886.3136329345704 0.14027149321266968 
2024-02-14 21:13:03.105077 4 47.87301464132273 47.87301464132273 60.0 4.065577376871494 0.16486706542968746 0.06412904245035352 952.6536007080077 0.12669683257918551 
2024-02-14 21:13:03.105077 4 48.450608367531146 48.450608367531146 59.0 4.093695993548934 0.18438962402343748 0.07835414275413685 1035.3914563802084 0.12217194570135746 
2024-02-14 21:13:03.105077 4 49.17589876847009 49.17589876847009 52.0 4.1235514901764905 0.19290651855468752 0.09610417800575448 908.6769447021484 0.14027149321266968 
2024-02-14 21:13:03.105077 4 47.51181848233465 47.51181848233465 61.0 3.9805543672014263 0.1921093994140625 0.07968852282398889 1084.0028754069012 0.12669683257918551 
2024-02-14 21:13:03.105077 4 47.92882733989866 47.92882733989866 53.0 4.043681221556222 0.18992431640624996 0.08907544372725494 953.0416115722655 0.14027149321266968 
2024-02-14 21:13:03.105077 4 48.569602967865464 48.569602967865464 55.0 4.092838464639936 0.17763552246093753 0.07391139538687398 916.8320309651692 0.12217194570135746 
2024-02-14 21:13:03.105077 4 48.28665124915934 48.28665124915934 54.0 4.044521059006353 0.1722058349609375 0.07624890993159954 877.2268168945313 0.13574660633484162 
2024-02-14 21:13:03.638724 5 47.59434261767643 47.59434261767643 61.0 3.9955165390165392 0.18422626953124996 0.07757263606925967 1048.3036712239584 0.14479638009049775 
2024-02-14 21:13:03.638724 5 49.17589876847009 49.17589876847009 52.0 4.1235514901764905 0.19290651855468752 0.09610417800575448 908.6769447021484 0.14027149321266968 
2024-02-14 21:13:03.638724 5 46.55844795670016 46.55844795670016 58.0 3.97118601986249 0.19835078125 0.07948255418544778 928.1866870117187 0.12669683257918551 
2024-02-14 21:13:03.638724 5 47.87301464132273 47.87301464132273 60.0 4.065577376871494 0.16486706542968746 0.06412904245035352 952.6536007080077 0.12669683257918551 
2024-02-14 21:13:03.638724 5 49.38027457452677 49.38027457452677 53.0 4.205150485135778 0.19372998046875003 0.08551509629452222 886.3136329345704 0.14027149321266968 
2024-02-14 21:13:03.638724 5 47.4460391960164 47.4460391960164 55.0 4.017434493610964 0.18673132324218752 0.07985611609272651 858.3147018636068 0.12669683257918551 
2024-02-14 21:13:03.638724 5 47.51181848233465 47.51181848233465 61.0 3.9805543672014263 0.1921093994140625 0.07968852282398889 1084.0028754069012 0.12669683257918551 
2024-02-14 21:13:03.638724 5 48.450608367531146 48.450608367531146 59.0 4.093695993548934 0.18438962402343748 0.07835414275413685 1035.3914563802084 0.12217194570135746 
2024-02-14 21:13:03.638724 5 46.870872218467795 46.870872218467795 57.0 3.9369206577735993 0.182749951171875 0.08690171969434958 975.0089279378254 0.13122171945701358 
2024-02-14 21:13:03.638724 5 48.28665124915934 48.28665124915934 54.0 4.044521059006353 0.1722058349609375 0.07624890993159954 877.2268168945313 0.13574660633484162 
