47.07978628348775 47.07978628348775 60.0 3.902535679190091 0.17121418457031246 0.07666719646359149 915.9339051920573 0.14479638009049775 
47.31009486346986 47.31009486346986 49.0 3.942028457653458 0.18235200195312498 0.08328749591419472 856.1223761800131 0.12217194570135746 
45.84216330368977 45.84216330368977 63.0 3.8292466561216565 0.19349404296875 0.08421017320832243 993.0541995849608 0.12669683257918551 
48.300910304156616 48.300910304156616 65.0 3.992197878918467 0.17616215820312497 0.06122176923668139 1108.1233330891928 0.12669683257918551 
46.56867686627099 46.56867686627099 55.0 3.9202595500904325 0.18807272949218745 0.07806596962548429 895.9196438395181 0.12217194570135746 
46.83480802718523 46.83480802718523 58.0 3.889002415884769 0.17123173828125002 0.07400633231252189 961.8252370198568 0.12669683257918551 
46.32734624019772 46.32734624019772 59.0 3.8717387196137194 0.18580996093750002 0.07976908967687138 1080.9403170572918 0.12669683257918551 
47.95659935652584 47.95659935652584 65.0 3.972974447121506 0.18516826171875 0.061123392027935965 1151.9024792480468 0.12669683257918551 
46.4908852331492 46.4908852331492 64.0 3.9270972826193407 0.1863859130859375 0.06967449214125344 1148.1294967041015 0.12217194570135746 
46.872157764376155 46.872157764376155 66.0 3.929542920314979 0.19482397460937498 0.06634635398405787 1108.9646604003906 0.13574660633484162 
45.826090744386335 45.826090744386335 62.0 3.8505808064484537 0.1909249267578125 0.07484058515958486 1099.1609895833335 0.13574660633484162 
46.81300856651518 46.81300856651518 58.0 3.8505400734886024 0.18729829101562498 0.0932389181221462 1013.7370574137369 0.13574660633484162 
47.64529785043388 47.64529785043388 64.0 3.9266988754709344 0.1808496826171875 0.06959516851680929 1079.2670799153645 0.13574660633484162 
47.933448862085626 47.933448862085626 51.0 3.98357833179892 0.1928825439453125 0.0845836992841594 891.3538810221354 0.11764705882352941 
48.820888479575984 48.820888479575984 50.0 4.082181821446528 0.17913342285156247 0.09063758033935727 848.6945575358072 0.13122171945701358 
46.98453326852886 46.98453326852886 50.0 4.021496840577723 0.18568779296874996 0.0881045810651876 953.755274576823 0.14479638009049775 
47.091422587951264 47.091422587951264 61.0 4.001083910370676 0.16737958984374998 0.06099561130856033 1009.346015991211 0.13122171945701358 
47.073097533838705 47.073097533838705 48.0 4.00680757559434 0.17073271484375002 0.07857719343129149 846.0907557779948 0.13574660633484162 
48.081020596397074 48.081020596397074 50.0 4.063680358040653 0.1811180419921875 0.08411695350520311 809.2461038818359 0.13574660633484162 
48.21469318043068 48.21469318043068 52.0 4.063972724987431 0.17649838867187506 0.07711583760638482 886.6849962565103 0.13122171945701358 
45.96577135315664 45.96577135315664 59.0 3.873785837528485 0.20091787109375 0.09858547487877843 999.5545061848957 0.12669683257918551 
45.77861430726136 45.77861430726136 59.0 3.886304044811398 0.1856646240234375 0.0817210114142723 1035.9939176839193 0.13122171945701358 
47.280982149631406 47.280982149631406 58.0 3.96044599191658 0.16265808105468746 0.06829688289611034 955.7561606852213 0.14027149321266968 
47.69728115438484 47.69728115438484 53.0 3.9349941431117905 0.18529897460937497 0.08766746880905867 901.3429027913411 0.13122171945701358 
46.64187089797457 46.64187089797457 56.0 3.892027720645368 0.1933456787109375 0.09460271793066206 952.9608603515624 0.13574660633484162 
46.35187289099788 46.35187289099788 58.0 3.934116857815387 0.17662038574218747 0.07632963419202514 1029.3209540608723 0.14479638009049775 
47.257619861755884 47.257619861755884 56.0 3.950125072639779 0.1808535400390625 0.08745340420733631 1016.6926166178387 0.13574660633484162 
47.203987724367146 47.203987724367146 60.0 3.9269841996239063 0.1752290771484375 0.06557462936962316 997.9274060872395 0.12217194570135746 
46.44467381393117 46.44467381393117 56.0 3.82977513009866 0.1875947021484375 0.0754582858404274 1006.9340084635417 0.11764705882352941 
47.42650803461246 47.42650803461246 59.0 3.973261797026503 0.196152392578125 0.07477590828358888 1092.6657670491536 0.11764705882352941 
47.03778124677609 47.03778124677609 54.0 3.9052289475230655 0.18392792968749996 0.08268269048837171 945.1652052815756 0.12669683257918551 
47.80603436408362 47.80603436408362 56.0 4.062716872996284 0.1845069580078125 0.07475457390694312 896.0842842203775 0.14479638009049775 
47.25277679452899 47.25277679452899 63.0 3.9396397785221318 0.17949064941406256 0.06225496513255295 1021.0997926432291 0.13122171945701358 
46.92273819122054 46.92273819122054 62.0 3.922266645935764 0.179340185546875 0.07213383296509018 1055.9550155436195 0.12217194570135746 
48.54698696385314 48.54698696385314 47.0 4.049655197743433 0.19788310546875 0.09727275410719877 858.9288720703124 0.13122171945701358 
47.356613271042676 47.356613271042676 62.0 3.9422147215529573 0.17214697265625 0.062498571918845135 1007.3680690917968 0.12669683257918551 
47.85417904007757 47.85417904007757 58.0 4.017680322945028 0.18870361328125 0.07118637229895583 1027.6690091145833 0.13574660633484162 
47.27022603091353 47.27022603091353 53.0 3.954844776955071 0.17866694335937502 0.07720103445350884 893.0744994710286 0.13574660633484162 
47.06843338630322 47.06843338630322 63.0 3.8790042359601182 0.20034970703125 0.07494252486635677 1047.4188450113932 0.12669683257918551 
47.3122831394096 47.3122831394096 59.0 3.930275934033287 0.16817358398437499 0.06255943781775242 944.1941733398438 0.16289592760180996 
47.15134754183726 47.15134754183726 61.0 3.960993487721429 0.1620988525390625 0.05668680091544327 1007.6684194742837 0.14027149321266968 
47.45268588666236 47.45268588666236 55.0 4.0080858349167165 0.16929685058593752 0.07987933809393573 917.4870958251953 0.14027149321266968 
46.0982291406306 46.0982291406306 61.0 3.883411231742114 0.16169521484375 0.05803260228210932 1024.6235850423177 0.14027149321266968 
46.55844795670016 46.55844795670016 58.0 3.97118601986249 0.19835078125 0.07948255418544778 928.1866870117187 0.12669683257918551 
47.87301464132273 47.87301464132273 60.0 4.065577376871494 0.16486706542968746 0.06412904245035352 952.6536007080077 0.12669683257918551 
47.4460391960164 47.4460391960164 55.0 4.017434493610964 0.18673132324218752 0.07985611609272651 858.3147018636068 0.12669683257918551 
48.450608367531146 48.450608367531146 59.0 4.093695993548934 0.18438962402343748 0.07835414275413685 1035.3914563802084 0.12217194570135746 
46.870872218467795 46.870872218467795 57.0 3.9369206577735993 0.182749951171875 0.08690171969434958 975.0089279378254 0.13122171945701358 
48.28665124915934 48.28665124915934 54.0 4.044521059006353 0.1722058349609375 0.07624890993159954 877.2268168945313 0.13574660633484162 
