2024-02-14 21:13:00.721255 1 47.125626271767445 47.125626271767445 59.0 3.8908538063243947 0.1773849853515625 0.08146487605105579 1061.5499462483724 0.14027149321266968 
2024-02-14 21:13:00.721255 1 47.02854408336761 47.02854408336761 55.0 3.97798176170235 0.17649082031250005 0.08433451625055312 931.5345623372397 0.14027149321266968 
2024-02-14 21:13:00.721255 1 47.27022603091353 47.27022603091353 53.0 3.954844776955071 0.17866694335937502 0.07720103445350884 893.0744994710286 0.13574660633484162 
2024-02-14 21:13:00.721255 1 48.027325720031605 48.027325720031605 62.0 3.9855315223991696 0.19584023437499998 0.08718534642669201 1132.1895773111978 0.12217194570135746 
2024-02-14 21:13:01.185509 2 47.125626271767445 47.125626271767445 59.0 3.8908538063243947 0.1773849853515625 0.08146487605105579 1061.5499462483724 0.14027149321266968 
2024-02-14 21:13:01.185509 2 47.02854408336761 47.02854408336761 55.0 3.97798176170235 0.17649082031250005 0.08433451625055312 931.5345623372397 0.14027149321266968 
2024-02-14 21:13:01.185509 2 47.27022603091353 47.27022603091353 53.0 3.954844776955071 0.17866694335937502 0.07720103445350884 893.0744994710286 0.13574660633484162 
2024-02-14 21:13:01.185509 2 48.027325720031605 48.027325720031605 62.0 3.9855315223991696 0.19584023437499998 0.08718534642669201 1132.1895773111978 0.12217194570135746 
2024-02-14 21:13:01.185509 2 47.32851000935339 47.32851000935339 60.0 3.9547261325276035 0.172561279296875 0.07047605584603543 988.5755145670573 0.13122171945701358 
2024-02-14 21:13:01.185509 2 48.04308545074206 48.04308545074206 62.0 3.973783952158952 0.2007353271484375 0.07185435770913305 1160.5930498046876 0.12669683257918551 
2024-02-14 21:13:01.185509 2 47.36849426970089 47.36849426970089 60.0 3.9382386902313375 0.17592465820312497 0.07365577560742147 971.6595384928386 0.13574660633484162 
2024-02-14 21:13:01.185509 2 46.97201857945974 46.97201857945974 58.0 3.8960872150725088 0.17625573730468752 0.07690368969897929 995.656043416341 0.13574660633484162 
2024-02-14 21:13:01.185509 2 47.39367677159443 47.39367677159443 49.0 4.021489295018707 0.183971826171875 0.08456875998687996 851.0006771647136 0.13574660633484162 
2024-02-14 21:13:01.185509 2 48.54698696385314 48.54698696385314 47.0 4.049655197743433 0.19788310546875 0.09727275410719877 858.9288720703124 0.13122171945701358 
2024-02-14 21:13:01.992523 3 48.027325720031605 48.027325720031605 62.0 3.9855315223991696 0.19584023437499998 0.08718534642669201 1132.1895773111978 0.12217194570135746 
2024-02-14 21:13:01.992523 3 47.356613271042676 47.356613271042676 62.0 3.9422147215529573 0.17214697265625 0.062498571918845135 1007.3680690917968 0.12669683257918551 
2024-02-14 21:13:01.992523 3 46.8934241284859 46.8934241284859 63.0 3.941870606517665 0.18875327148437498 0.06892766582312819 1120.243796101888 0.12669683257918551 
2024-02-14 21:13:01.992523 3 48.54698696385314 48.54698696385314 47.0 4.049655197743433 0.19788310546875 0.09727275410719877 858.9288720703124 0.13122171945701358 
2024-02-14 21:13:01.992523 3 47.125626271767445 47.125626271767445 59.0 3.8908538063243947 0.1773849853515625 0.08146487605105579 1061.5499462483724 0.14027149321266968 
2024-02-14 21:13:01.992523 3 47.39367677159443 47.39367677159443 49.0 4.021489295018707 0.183971826171875 0.08456875998687996 851.0006771647136 0.13574660633484162 
2024-02-14 21:13:01.992523 3 47.02854408336761 47.02854408336761 55.0 3.97798176170235 0.17649082031250005 0.08433451625055312 931.5345623372397 0.14027149321266968 
2024-02-14 21:13:01.992523 3 46.87007097298127 46.87007097298127 63.0 3.9209264020293433 0.18415827636718748 0.08224489107309049 1062.8953189290364 0.13574660633484162 
2024-02-14 21:13:01.992523 3 47.27022603091353 47.27022603091353 53.0 3.954844776955071 0.17866694335937502 0.07720103445350884 893.0744994710286 0.13574660633484162 
2024-02-14 21:13:01.992523 3 47.32851000935339 47.32851000935339 60.0 3.9547261325276035 0.172561279296875 0.07047605584603543 988.5755145670573 0.13122171945701358 
2024-02-14 21:13:02.596568 4 48.027325720031605 48.027325720031605 62.0 3.9855315223991696 0.19584023437499998 0.08718534642669201 1132.1895773111978 0.12217194570135746 
2024-02-14 21:13:02.596568 4 47.39367677159443 47.39367677159443 49.0 4.021489295018707 0.183971826171875 0.08456875998687996 851.0006771647136 0.13574660633484162 
2024-02-14 21:13:02.596568 4 47.356613271042676 47.356613271042676 62.0 3.9422147215529573 0.17214697265625 0.062498571918845135 1007.3680690917968 0.12669683257918551 
2024-02-14 21:13:02.596568 4 46.87007097298127 46.87007097298127 63.0 3.9209264020293433 0.18415827636718748 0.08224489107309049 1062.8953189290364 0.13574660633484162 
2024-02-14 21:13:02.596568 4 47.125626271767445 47.125626271767445 59.0 3.8908538063243947 0.1773849853515625 0.08146487605105579 1061.5499462483724 0.14027149321266968 
2024-02-14 21:13:02.596568 4 46.70365626824157 46.70365626824157 61.0 3.8962884843914254 0.18270214843749996 0.07623168313562866 1032.0127348632811 0.14027149321266968 
2024-02-14 21:13:02.596568 4 48.54698696385314 48.54698696385314 47.0 4.049655197743433 0.19788310546875 0.09727275410719877 858.9288720703124 0.13122171945701358 
2024-02-14 21:13:02.596568 4 47.55419174795792 47.55419174795792 59.0 3.938803188641424 0.19143708496093748 0.07888755845173058 1108.3763119710286 0.13122171945701358 
2024-02-14 21:13:02.596568 4 46.996872803340445 46.996872803340445 56.0 3.9910885013679134 0.18858310546875004 0.08168498183232778 961.4692576090497 0.13574660633484162 
2024-02-14 21:13:02.596568 4 47.27022603091353 47.27022603091353 53.0 3.954844776955071 0.17866694335937502 0.07720103445350884 893.0744994710286 0.13574660633484162 
2024-02-14 21:13:03.142093 5 48.54698696385314 48.54698696385314 47.0 4.049655197743433 0.19788310546875 0.09727275410719877 858.9288720703124 0.13122171945701358 
2024-02-14 21:13:03.142093 5 46.70365626824157 46.70365626824157 61.0 3.8962884843914254 0.18270214843749996 0.07623168313562866 1032.0127348632811 0.14027149321266968 
2024-02-14 21:13:03.142093 5 48.027325720031605 48.027325720031605 62.0 3.9855315223991696 0.19584023437499998 0.08718534642669201 1132.1895773111978 0.12217194570135746 
2024-02-14 21:13:03.142093 5 47.125626271767445 47.125626271767445 59.0 3.8908538063243947 0.1773849853515625 0.08146487605105579 1061.5499462483724 0.14027149321266968 
2024-02-14 21:13:03.142093 5 47.39367677159443 47.39367677159443 49.0 4.021489295018707 0.183971826171875 0.08456875998687996 851.0006771647136 0.13574660633484162 
2024-02-14 21:13:03.142093 5 46.87007097298127 46.87007097298127 63.0 3.9209264020293433 0.18415827636718748 0.08224489107309049 1062.8953189290364 0.13574660633484162 
2024-02-14 21:13:03.142093 5 47.356613271042676 47.356613271042676 62.0 3.9422147215529573 0.17214697265625 0.062498571918845135 1007.3680690917968 0.12669683257918551 
2024-02-14 21:13:03.142093 5 48.297520157130464 48.297520157130464 59.0 4.016637690740632 0.1962259521484375 0.08097085359351333 992.8174794921875 0.12217194570135746 
2024-02-14 21:13:03.142093 5 47.85417904007757 47.85417904007757 58.0 4.017680322945028 0.18870361328125 0.07118637229895583 1027.6690091145833 0.13574660633484162 
2024-02-14 21:13:03.142093 5 47.27022603091353 47.27022603091353 53.0 3.954844776955071 0.17866694335937502 0.07720103445350884 893.0744994710286 0.13574660633484162 
