20.21014285714286 3.0 1.794761904761905 
18.18602380952381 5.0 1.5395238095238095 
17.551119047619046 6.0 1.5038095238095237 
25.381238095238093 1.0 2.369761904761905 
21.695761904761902 2.0 2.0492857142857144 
19.479 3.0 1.8154761904761905 
18.7485 4.0 1.625 
18.811619047619047 4.0 1.6073809523809524 
18.67447619047619 4.0 1.6261904761904762 
22.633499999999998 2.0 2.026904761904762 
19.5915 3.0 1.7985714285714287 
18.05783333333333 4.0 1.6300000000000001 
22.591833333333334 2.0 2.0269047619047624 
17.652119047619045 5.0 1.587142857142857 
17.426642857142856 8.0 1.5680952380952378 
17.549 6.0 1.575 
17.440119047619042 8.0 1.5257142857142858 
