25.381238095238093 1.0 2.369761904761905 
22.345642857142856 2.0 1.9923809523809524 
19.53364285714286 3.0 1.7890476190476192 
14.717880952380952 10.0 1.2876190476190474 
18.399142857142856 4.0 1.5478571428571428 
18.026880952380957 4.0 1.5550000000000002 
18.198214285714286 4.0 1.5535714285714284 
17.438476190476187 4.0 1.5588095238095236 
16.001428571428573 5.0 1.3769047619047619 
15.080000000000002 7.0 1.2650000000000001 
15.754761904761907 6.0 1.3435714285714286 
15.837142857142856 6.0 1.3407142857142857 
