13.967357142857143 8.0 1.2038095238095239 
13.262595238095235 9.0 1.1561904761904762 
14.572357142857143 7.0 1.2538095238095237 
16.72692857142857 5.0 1.4619047619047616 
23.09030952380952 2.0 2.062380952380953 
20.07697619047619 3.0 1.8223809523809524 
17.761809523809525 4.0 1.5835714285714286 
18.108880952380954 4.0 1.5550000000000002 
15.612785714285712 6.0 1.3397619047619047 
13.789642857142857 8.0 1.2078571428571427 
14.544690476190473 7.0 1.2611904761904762 
16.868499999999997 5.0 1.414047619047619 
21.6502619047619 3.0 1.8145238095238096 
15.754380952380952 6.0 1.3192857142857142 
