25.381238095238093 1.0 2.369761904761905 
13.507738095238096 10.0 1.184047619047619 
20.360238095238095 3.0 1.7811904761904764 
13.614880952380952 8.0 1.184047619047619 
13.572976190476192 8.0 1.1911904761904761 
19.717642857142856 3.0 1.8090476190476192 
17.579809523809523 4.0 1.5635714285714284 
16.044761904761906 5.0 1.3816666666666666 
15.299166666666668 6.0 1.3340476190476191 
14.277738095238096 7.0 1.2388095238095238 
15.49497619047619 6.0 1.3276190476190475 
22.35697619047619 2.0 1.999047619047619 
