18.43333333333333 4.0 1.6383333333333332 
15.222785714285715 7.0 1.323095238095238 
16.18792857142857 6.0 1.4359523809523809 
17.09042857142857 6.0 1.3983333333333334 
18.078619047619046 5.0 1.5354761904761904 
20.751738095238096 3.0 1.933095238095238 
14.094761904761905 9.0 1.2426190476190475 
18.220404761904764 5.0 1.499047619047619 
21.011000000000003 3.0 1.8147619047619048 
14.176404761904763 8.0 1.2061904761904763 
17.58392857142857 5.0 1.5761904761904761 
20.976809523809525 3.0 1.870714285714286 
23.231499999999997 2.0 2.0385714285714287 
