18.71888095238095 4.0 1.606904761904762 
16.601071428571426 5.0 1.4123809523809525 
13.654499999999999 8.0 1.1919047619047618 
14.359261904761903 7.0 1.2395238095238095 
13.305928571428572 10.0 1.160952380952381 
13.65402380952381 9.0 1.191904761904762 
13.689261904761903 9.0 1.1728571428571428 
13.552595238095236 9.0 1.1942857142857144 
15.59897619047619 6.0 1.3214285714285716 
22.704214285714286 2.0 2.0352380952380953 
20.729166666666664 3.0 1.8233333333333335 
15.398285714285715 6.0 1.3273809523809523 
