23.038302158030366 36.0 
21.917696187903253 39.0 
19.78828300311006 40.0 
22.58569740525969 37.0 
23.563353385455667 33.0 
24.68781035214169 26.0 
24.750311241586296 25.0 
23.22377003620688 35.0 
24.49216100345294 27.0 
25.29844155042313 20.0 
25.510442302583265 19.0 
24.097023946110237 30.0 
24.41275200665264 28.0 
25.924461011221286 17.0 
27.048240941652647 15.0 
25.02427069003352 22.0 
24.410011017569257 29.0 
23.578869008552733 32.0 
24.822278021851208 24.0 
23.687359914143695 31.0 
25.253431523685162 21.0 
25.640706874355736 18.0 
23.288612571800442 34.0 
26.527474885609017 16.0 
