15.479189213564215 14.0 
14.69746085858586 15.0 
14.69746085858586 15.0 
14.69746085858586 15.0 
14.69746085858586 15.0 
14.69746085858586 15.0 
14.69746085858586 15.0 
14.69746085858586 15.0 
14.69746085858586 15.0 
14.69746085858586 15.0 
14.69746085858586 15.0 
14.69746085858586 15.0 
14.69746085858586 15.0 
14.69746085858586 15.0 
14.69746085858586 15.0 
14.69746085858586 15.0 
14.69746085858586 15.0 
14.69746085858586 15.0 
14.69746085858586 15.0 
14.69746085858586 15.0 
14.69746085858586 15.0 
14.69746085858586 15.0 
14.69746085858586 15.0 
14.69746085858586 15.0 
14.69746085858586 15.0 
14.69746085858586 15.0 
14.69746085858586 15.0 
14.69746085858586 15.0 
14.69746085858586 15.0 
14.69746085858586 15.0 
14.69746085858586 15.0 
14.69746085858586 15.0 
14.69746085858586 15.0 
14.69746085858586 15.0 
14.69746085858586 15.0 
14.69746085858586 15.0 
14.69746085858586 15.0 
14.69746085858586 15.0 
14.69746085858586 15.0 
14.69746085858586 15.0 
14.69746085858586 15.0 
14.69746085858586 15.0 
14.69746085858586 15.0 
14.69746085858586 15.0 
14.69746085858586 15.0 
14.69746085858586 15.0 
14.69746085858586 15.0 
14.69746085858586 15.0 
14.69746085858586 15.0 
14.69746085858586 15.0 
14.69746085858586 15.0 
14.69746085858586 15.0 
14.69746085858586 15.0 
14.69746085858586 15.0 
14.69746085858586 15.0 
14.69746085858586 15.0 
14.69746085858586 15.0 
14.69746085858586 15.0 
14.69746085858586 15.0 
14.69746085858586 15.0 
14.69746085858586 15.0 
14.69746085858586 15.0 
14.69746085858586 15.0 
14.69746085858586 15.0 
14.69746085858586 15.0 
14.69746085858586 15.0 
14.69746085858586 15.0 
14.69746085858586 15.0 
14.69746085858586 15.0 
14.69746085858586 15.0 
14.69746085858586 15.0 
14.69746085858586 15.0 
14.69746085858586 15.0 
14.69746085858586 15.0 
14.69746085858586 15.0 
14.69746085858586 15.0 
14.69746085858586 15.0 
14.69746085858586 15.0 
14.69746085858586 15.0 
14.69746085858586 15.0 
14.69746085858586 15.0 
14.69746085858586 15.0 
14.69746085858586 15.0 
14.69746085858586 15.0 
14.69746085858586 15.0 
14.69746085858586 15.0 
14.69746085858586 15.0 
14.69746085858586 15.0 
14.69746085858586 15.0 
14.69746085858586 15.0 
14.69746085858586 15.0 
14.69746085858586 15.0 
14.69746085858586 15.0 
14.69746085858586 15.0 
14.69746085858586 15.0 
14.69746085858586 15.0 
14.69746085858586 15.0 
14.69746085858586 15.0 
14.69746085858586 15.0 
14.69746085858586 15.0 
