2024-02-14 21:12:20.466985 1 43.5488512987013 43.5488512987013 28.0 3.7984848484848484 0.163900634765625 0.06372395663791894 389.8122217610677 0.21487603305785125 
2024-02-14 21:12:20.466985 1 42.382441919191926 42.382441919191926 28.0 3.71666810966811 0.150400439453125 0.04244547767770048 429.192315226237 0.23140495867768596 
2024-02-14 21:12:20.466985 1 44.945696320346315 44.945696320346315 26.0 3.8953001443001445 0.15321762695312502 0.05989012626276256 441.79217932128904 0.2396694214876033 
2024-02-14 21:12:20.649910 2 43.5488512987013 43.5488512987013 28.0 3.7984848484848484 0.163900634765625 0.06372395663791894 389.8122217610677 0.21487603305785125 
2024-02-14 21:12:20.649910 2 42.382441919191926 42.382441919191926 28.0 3.71666810966811 0.150400439453125 0.04244547767770048 429.192315226237 0.23140495867768596 
2024-02-14 21:12:20.649910 2 44.945696320346315 44.945696320346315 26.0 3.8953001443001445 0.15321762695312502 0.05989012626276256 441.79217932128904 0.2396694214876033 
2024-02-14 21:12:20.649910 2 43.12862157287157 43.12862157287157 27.0 3.825269841269841 0.16078085937500003 0.06203892505272868 425.3482872721354 0.2231404958677686 
2024-02-14 21:12:20.649910 2 43.51156955266954 43.51156955266954 31.0 3.715646464646465 0.15269912109375 0.05682280424980158 433.5223306477864 0.23140495867768596 
2024-02-14 21:12:20.649910 2 45.255126046176045 45.255126046176045 26.0 3.868515151515152 0.15633740234375001 0.0612711282913685 401.7833872477214 0.2231404958677686 
2024-02-14 21:12:20.649910 2 42.99325274170273 42.99325274170273 28.0 3.7469473304473304 0.14294794921874998 0.05684470659643168 404.59059037272135 0.2231404958677686 
2024-02-14 21:12:20.649910 2 40.67351154401154 40.67351154401154 28.0 3.544178932178932 0.15490561523437502 0.05502644717302555 449.78769242350256 0.21487603305785125 
2024-02-14 21:12:20.800860 3 40.67351154401154 40.67351154401154 28.0 3.544178932178932 0.15490561523437502 0.05502644717302555 449.78769242350256 0.21487603305785125 
2024-02-14 21:12:20.800860 3 45.70191897546897 45.70191897546897 27.0 3.8949898989898992 0.14798247070312498 0.05026193295023204 427.3138546142578 0.21487603305785125 
2024-02-14 21:12:20.800860 3 44.945696320346315 44.945696320346315 26.0 3.8953001443001445 0.15321762695312502 0.05989012626276256 441.79217932128904 0.2396694214876033 
2024-02-14 21:12:20.800860 3 42.59949711399711 42.59949711399711 31.0 3.685849206349206 0.16217236328125 0.050519421899080263 483.52429260253905 0.2396694214876033 
2024-02-14 21:12:20.800860 3 42.99325274170273 42.99325274170273 28.0 3.7469473304473304 0.14294794921874998 0.05684470659643168 404.59059037272135 0.2231404958677686 
2024-02-14 21:12:20.800860 3 44.39857005772005 44.39857005772005 26.0 3.8688253968253967 0.1625326171875 0.06499913419574738 433.2499132486979 0.24793388429752067 
2024-02-14 21:12:20.800860 3 41.618023015873014 41.618023015873014 27.0 3.616263347763348 0.1498919921875 0.05588262461365701 435.26895043945314 0.2066115702479339 
2024-02-14 21:12:20.800860 3 42.382441919191926 42.382441919191926 28.0 3.71666810966811 0.150400439453125 0.04244547767770048 429.192315226237 0.23140495867768596 
2024-02-14 21:12:20.800860 3 45.47033080808081 45.47033080808081 27.0 3.9295151515151514 0.16262714843749998 0.05893334786697382 428.5067787272135 0.2396694214876033 
2024-02-14 21:12:20.800860 3 45.421976118326114 45.421976118326114 28.0 3.8307106782106772 0.1649611328125 0.06337653343029975 388.4315072021484 0.2231404958677686 
2024-02-14 21:12:20.999292 4 42.99325274170273 42.99325274170273 28.0 3.7469473304473304 0.14294794921874998 0.05684470659643168 404.59059037272135 0.2231404958677686 
2024-02-14 21:12:20.999292 4 42.97406493506494 42.97406493506494 28.0 3.731922077922078 0.14923544921874998 0.06547909822448728 437.2383070882161 0.24793388429752067 
2024-02-14 21:12:20.999292 4 45.47033080808081 45.47033080808081 27.0 3.9295151515151514 0.16262714843749998 0.05893334786697382 428.5067787272135 0.2396694214876033 
2024-02-14 21:12:20.999292 4 42.59949711399711 42.59949711399711 31.0 3.685849206349206 0.16217236328125 0.050519421899080263 483.52429260253905 0.2396694214876033 
2024-02-14 21:12:20.999292 4 45.70191897546897 45.70191897546897 27.0 3.8949898989898992 0.14798247070312498 0.05026193295023204 427.3138546142578 0.21487603305785125 
2024-02-14 21:12:20.999292 4 44.945696320346315 44.945696320346315 26.0 3.8953001443001445 0.15321762695312502 0.05989012626276256 441.79217932128904 0.2396694214876033 
2024-02-14 21:12:20.999292 4 45.38054884559884 45.38054884559884 26.0 3.856427849927849 0.17377104492187503 0.06909237045643088 405.0887743733724 0.23140495867768596 
2024-02-14 21:12:20.999292 4 40.67351154401154 40.67351154401154 28.0 3.544178932178932 0.15490561523437502 0.05502644717302555 449.78769242350256 0.21487603305785125 
2024-02-14 21:12:20.999292 4 45.421976118326114 45.421976118326114 28.0 3.8307106782106772 0.1649611328125 0.06337653343029975 388.4315072021484 0.2231404958677686 
2024-02-14 21:12:20.999292 4 41.618023015873014 41.618023015873014 27.0 3.616263347763348 0.1498919921875 0.05588262461365701 435.26895043945314 0.2066115702479339 
2024-02-14 21:12:21.174977 5 45.967831673881676 45.967831673881676 28.0 3.944593073593074 0.14975537109374998 0.047014368216752984 431.97521728515625 0.2231404958677686 
2024-02-14 21:12:21.174977 5 42.99325274170273 42.99325274170273 28.0 3.7469473304473304 0.14294794921874998 0.05684470659643168 404.59059037272135 0.2231404958677686 
2024-02-14 21:12:21.174977 5 42.97406493506494 42.97406493506494 28.0 3.731922077922078 0.14923544921874998 0.06547909822448728 437.2383070882161 0.24793388429752067 
2024-02-14 21:12:21.174977 5 45.421976118326114 45.421976118326114 28.0 3.8307106782106772 0.1649611328125 0.06337653343029975 388.4315072021484 0.2231404958677686 
2024-02-14 21:12:21.174977 5 40.67351154401154 40.67351154401154 28.0 3.544178932178932 0.15490561523437502 0.05502644717302555 449.78769242350256 0.21487603305785125 
2024-02-14 21:12:21.174977 5 42.851854256854246 42.851854256854246 31.0 3.72652380952381 0.155080712890625 0.04825507851753473 501.07003678385416 0.2231404958677686 
2024-02-14 21:12:21.174977 5 43.2162525974026 43.2162525974026 30.0 3.822297258297257 0.164503759765625 0.05764386738891839 462.4851348876953 0.19834710743801653 
2024-02-14 21:12:21.174977 5 45.38054884559884 45.38054884559884 26.0 3.856427849927849 0.17377104492187503 0.06909237045643088 405.0887743733724 0.23140495867768596 
2024-02-14 21:12:21.174977 5 45.204418109668104 45.204418109668104 27.0 3.8799119769119765 0.16085424804687498 0.06168690850120786 432.71729105631516 0.2066115702479339 
2024-02-14 21:12:21.174977 5 42.03474401154401 42.03474401154401 29.0 3.634008658008659 0.15072275390625 0.04974740843819617 462.95848103841143 0.2231404958677686 
