2024-02-14 21:12:20.739321 1 42.16542756132756 42.16542756132756 29.0 3.5969307359307354 0.14922353515625 0.05083696787785532 434.2175334065755 0.2396694214876033 
2024-02-14 21:12:20.739321 1 43.26496414141415 43.26496414141415 34.0 3.734083694083694 0.114855810546875 0.02912992683134317 511.15243745930985 0.23140495867768596 
2024-02-14 21:12:20.739321 1 43.07548578643579 43.07548578643579 33.0 3.7329292929292928 0.16108125 0.04296488612500189 510.56093054199226 0.2231404958677686 
2024-02-14 21:12:20.739321 1 43.47927965367966 43.47927965367966 26.0 3.753945165945166 0.147601171875 0.049448635564842226 403.83089286295575 0.21487603305785125 
2024-02-14 21:12:20.739321 1 41.279286002886 41.279286002886 32.0 3.6568066378066377 0.1431607421875 0.04758009625667575 447.62428198242185 0.2231404958677686 
2024-02-14 21:12:20.739321 1 42.08527020202021 42.08527020202021 28.0 3.6622215007215004 0.15820141601562498 0.06785516805487866 397.3776722412109 0.21487603305785125 
2024-02-14 21:12:20.934791 2 42.16542756132756 42.16542756132756 29.0 3.5969307359307354 0.14922353515625 0.05083696787785532 434.2175334065755 0.2396694214876033 
2024-02-14 21:12:20.934791 2 43.47927965367966 43.47927965367966 26.0 3.753945165945166 0.147601171875 0.049448635564842226 403.83089286295575 0.21487603305785125 
2024-02-14 21:12:20.934791 2 41.279286002886 41.279286002886 32.0 3.6568066378066377 0.1431607421875 0.04758009625667575 447.62428198242185 0.2231404958677686 
2024-02-14 21:12:20.934791 2 42.08527020202021 42.08527020202021 28.0 3.6622215007215004 0.15820141601562498 0.06785516805487866 397.3776722412109 0.21487603305785125 
2024-02-14 21:12:20.934791 2 41.59723290043289 41.59723290043289 26.0 3.6784552669552664 0.156486767578125 0.05970005805194144 398.7502623291016 0.2231404958677686 
2024-02-14 21:12:20.934791 2 42.50454033189034 42.50454033189034 30.0 3.624417027417027 0.10777700195312499 0.022644772242357725 457.38736397298175 0.2231404958677686 
2024-02-14 21:12:20.934791 2 41.7107095959596 41.7107095959596 29.0 3.6618405483405483 0.163103076171875 0.06627705640542268 414.095873046875 0.24793388429752067 
2024-02-14 21:12:20.934791 2 40.47846277056277 40.47846277056277 29.0 3.577291486291486 0.15777460937499999 0.04736634143334386 458.65129951985676 0.2231404958677686 
2024-02-14 21:12:20.934791 2 42.777524025974024 42.777524025974024 31.0 3.699207792207792 0.14245156250000002 0.03633024517354012 451.9691943359375 0.2066115702479339 
2024-02-14 21:12:20.934791 2 43.724053102453105 43.724053102453105 26.0 3.7754877344877347 0.12293588867187501 0.04007091199236156 410.8077932128906 0.21487603305785125 
2024-02-14 21:12:21.116207 3 43.47927965367966 43.47927965367966 26.0 3.753945165945166 0.147601171875 0.049448635564842226 403.83089286295575 0.21487603305785125 
2024-02-14 21:12:21.116207 3 43.724053102453105 43.724053102453105 26.0 3.7754877344877347 0.12293588867187501 0.04007091199236156 410.8077932128906 0.21487603305785125 
2024-02-14 21:12:21.116207 3 40.696245959595956 40.696245959595956 31.0 3.5831349206349206 0.169410205078125 0.06529725095584156 450.72435282389324 0.23140495867768596 
2024-02-14 21:12:21.116207 3 42.50454033189034 42.50454033189034 30.0 3.624417027417027 0.10777700195312499 0.022644772242357725 457.38736397298175 0.2231404958677686 
2024-02-14 21:12:21.116207 3 42.08527020202021 42.08527020202021 28.0 3.6622215007215004 0.15820141601562498 0.06785516805487866 397.3776722412109 0.21487603305785125 
2024-02-14 21:12:21.116207 3 42.777524025974024 42.777524025974024 31.0 3.699207792207792 0.14245156250000002 0.03633024517354012 451.9691943359375 0.2066115702479339 
2024-02-14 21:12:21.116207 3 40.47846277056277 40.47846277056277 29.0 3.577291486291486 0.15777460937499999 0.04736634143334386 458.65129951985676 0.2231404958677686 
2024-02-14 21:12:21.116207 3 41.7107095959596 41.7107095959596 29.0 3.6618405483405483 0.163103076171875 0.06627705640542268 414.095873046875 0.24793388429752067 
2024-02-14 21:12:21.116207 3 41.279286002886 41.279286002886 32.0 3.6568066378066377 0.1431607421875 0.04758009625667575 447.62428198242185 0.2231404958677686 
2024-02-14 21:12:21.116207 3 42.16542756132756 42.16542756132756 29.0 3.5969307359307354 0.14922353515625 0.05083696787785532 434.2175334065755 0.2396694214876033 
2024-02-14 21:12:21.297889 4 42.777524025974024 42.777524025974024 31.0 3.699207792207792 0.14245156250000002 0.03633024517354012 451.9691943359375 0.2066115702479339 
2024-02-14 21:12:21.297889 4 42.178440043290045 42.178440043290045 30.0 3.645967532467532 0.14062407226562498 0.050485162238571635 413.33304813639324 0.2396694214876033 
2024-02-14 21:12:21.297889 4 43.724053102453105 43.724053102453105 26.0 3.7754877344877347 0.12293588867187501 0.04007091199236156 410.8077932128906 0.21487603305785125 
2024-02-14 21:12:21.297889 4 40.77081111111111 40.77081111111111 30.0 3.573367243867244 0.145622265625 0.054802494213018395 417.45197310384117 0.2066115702479339 
2024-02-14 21:12:21.297889 4 40.47846277056277 40.47846277056277 29.0 3.577291486291486 0.15777460937499999 0.04736634143334386 458.65129951985676 0.2231404958677686 
2024-02-14 21:12:21.297889 4 42.73579083694083 42.73579083694083 26.0 3.6278917748917747 0.12968056640625 0.044834012662735005 385.73976826985677 0.2396694214876033 
2024-02-14 21:12:21.297889 4 42.50454033189034 42.50454033189034 30.0 3.624417027417027 0.10777700195312499 0.022644772242357725 457.38736397298175 0.2231404958677686 
2024-02-14 21:12:21.297889 4 43.47927965367966 43.47927965367966 26.0 3.753945165945166 0.147601171875 0.049448635564842226 403.83089286295575 0.21487603305785125 
2024-02-14 21:12:21.297889 4 42.08527020202021 42.08527020202021 28.0 3.6622215007215004 0.15820141601562498 0.06785516805487866 397.3776722412109 0.21487603305785125 
2024-02-14 21:12:21.297889 4 42.1773704906205 42.1773704906205 33.0 3.640670995670996 0.125354345703125 0.03374271058511974 490.9205582682291 0.23140495867768596 
2024-02-14 21:12:21.455513 5 42.1773704906205 42.1773704906205 33.0 3.640670995670996 0.125354345703125 0.03374271058511974 490.9205582682291 0.23140495867768596 
2024-02-14 21:12:21.455513 5 42.777524025974024 42.777524025974024 31.0 3.699207792207792 0.14245156250000002 0.03633024517354012 451.9691943359375 0.2066115702479339 
2024-02-14 21:12:21.455513 5 42.66221176046176 42.66221176046176 31.0 3.671194805194805 0.10750493164062501 0.022804162558672424 462.24273868815106 0.23140495867768596 
2024-02-14 21:12:21.455513 5 40.47846277056277 40.47846277056277 29.0 3.577291486291486 0.15777460937499999 0.04736634143334386 458.65129951985676 0.2231404958677686 
2024-02-14 21:12:21.455513 5 42.43184567099567 42.43184567099567 30.0 3.657047619047619 0.142180029296875 0.041468044190742966 424.7072319742839 0.2396694214876033 
2024-02-14 21:12:21.455513 5 42.50454033189034 42.50454033189034 30.0 3.624417027417027 0.10777700195312499 0.022644772242357725 457.38736397298175 0.2231404958677686 
2024-02-14 21:12:21.455513 5 40.9630746031746 40.9630746031746 34.0 3.5614689754689755 0.145275146484375 0.040098262373507026 483.104919148763 0.2396694214876033 
2024-02-14 21:12:21.455513 5 43.724053102453105 43.724053102453105 26.0 3.7754877344877347 0.12293588867187501 0.04007091199236156 410.8077932128906 0.21487603305785125 
2024-02-14 21:12:21.455513 5 42.73579083694083 42.73579083694083 26.0 3.6278917748917747 0.12968056640625 0.044834012662735005 385.73976826985677 0.2396694214876033 
2024-02-14 21:12:21.455513 5 42.08527020202021 42.08527020202021 28.0 3.6622215007215004 0.15820141601562498 0.06785516805487866 397.3776722412109 0.21487603305785125 
