2024-02-14 21:12:21.206461 1 41.730883477633476 41.730883477633476 31.0 3.7099538239538234 0.144590966796875 0.04825467030029532 457.05007535807295 0.2727272727272727 
2024-02-14 21:12:21.206461 1 42.49707106782106 42.49707106782106 32.0 3.7049610389610392 0.1645974609375 0.062030024358186706 417.04577315266926 0.2396694214876033 
2024-02-14 21:12:21.206461 1 41.70330367965368 41.70330367965368 25.0 3.6686587301587297 0.15014765625 0.07206300660115234 438.6413347981771 0.21487603305785125 
2024-02-14 21:12:21.206461 1 41.64053672438673 41.64053672438673 31.0 3.7418225108225105 0.16832788085937497 0.06581437974649669 444.62472623697914 0.256198347107438 
2024-02-14 21:12:21.206461 1 42.27669148629149 42.27669148629149 24.0 3.6935266955266957 0.150640380859375 0.0727294075453877 443.33142818196615 0.2396694214876033 
2024-02-14 21:12:21.431536 2 41.730883477633476 41.730883477633476 31.0 3.7099538239538234 0.144590966796875 0.04825467030029532 457.05007535807295 0.2727272727272727 
2024-02-14 21:12:21.431536 2 42.49707106782106 42.49707106782106 32.0 3.7049610389610392 0.1645974609375 0.062030024358186706 417.04577315266926 0.2396694214876033 
2024-02-14 21:12:21.431536 2 41.70330367965368 41.70330367965368 25.0 3.6686587301587297 0.15014765625 0.07206300660115234 438.6413347981771 0.21487603305785125 
2024-02-14 21:12:21.431536 2 41.64053672438673 41.64053672438673 31.0 3.7418225108225105 0.16832788085937497 0.06581437974649669 444.62472623697914 0.256198347107438 
2024-02-14 21:12:21.431536 2 42.27669148629149 42.27669148629149 24.0 3.6935266955266957 0.150640380859375 0.0727294075453877 443.33142818196615 0.2396694214876033 
2024-02-14 21:12:21.431536 2 41.78180598845599 41.78180598845599 27.0 3.7095613275613277 0.15833251953125 0.062208934708118384 456.0380539550781 0.24793388429752067 
2024-02-14 21:12:21.431536 2 43.516243217893226 43.516243217893226 33.0 3.846914141414141 0.162743115234375 0.057615587046167836 526.437280843099 0.2066115702479339 
2024-02-14 21:12:21.431536 2 40.90898961038961 40.90898961038961 28.0 3.6666500721500714 0.1518646484375 0.06857772891844745 408.0557159830729 0.2231404958677686 
2024-02-14 21:12:21.431536 2 41.5042611111111 41.5042611111111 29.0 3.7151212121212116 0.16175058593750002 0.060313244490613975 469.3494715576172 0.2231404958677686 
2024-02-14 21:12:21.431536 2 42.666530230880234 42.666530230880234 34.0 3.78596608946609 0.142559326171875 0.04401989938241242 513.891867960612 0.24793388429752067 
2024-02-14 21:12:21.618061 3 40.90898961038961 40.90898961038961 28.0 3.6666500721500714 0.1518646484375 0.06857772891844745 408.0557159830729 0.2231404958677686 
2024-02-14 21:12:21.618061 3 42.27669148629149 42.27669148629149 24.0 3.6935266955266957 0.150640380859375 0.0727294075453877 443.33142818196615 0.2396694214876033 
2024-02-14 21:12:21.618061 3 42.666530230880234 42.666530230880234 34.0 3.78596608946609 0.142559326171875 0.04401989938241242 513.891867960612 0.24793388429752067 
2024-02-14 21:12:21.618061 3 41.730883477633476 41.730883477633476 31.0 3.7099538239538234 0.144590966796875 0.04825467030029532 457.05007535807295 0.2727272727272727 
2024-02-14 21:12:21.618061 3 42.869810678210676 42.869810678210676 31.0 3.803295093795094 0.16481782226562502 0.061572309106085264 517.1751596679687 0.21487603305785125 
2024-02-14 21:12:21.618061 3 43.516243217893226 43.516243217893226 33.0 3.846914141414141 0.162743115234375 0.057615587046167836 526.437280843099 0.2066115702479339 
2024-02-14 21:12:21.618061 3 40.380959595959595 40.380959595959595 26.0 3.5807005772005773 0.148367578125 0.0596189322323227 468.0451282958984 0.2231404958677686 
2024-02-14 21:12:21.618061 3 41.68252561327561 41.68252561327561 28.0 3.7189350649350645 0.155489697265625 0.06609176573993918 414.80693302408855 0.256198347107438 
2024-02-14 21:12:21.618061 3 42.108193650793645 42.108193650793645 29.0 3.7494545454545456 0.15967587890624999 0.06675606103958129 459.7998739827474 0.2231404958677686 
2024-02-14 21:12:21.618061 3 41.76694076479077 41.76694076479077 32.0 3.736059884559884 0.143271337890625 0.044603353833773146 472.2943161214193 0.256198347107438 
2024-02-14 21:12:21.762252 4 41.730883477633476 41.730883477633476 31.0 3.7099538239538234 0.144590966796875 0.04825467030029532 457.05007535807295 0.2727272727272727 
2024-02-14 21:12:21.762252 4 42.5604740981241 42.5604740981241 33.0 3.7362265512265513 0.1537091796875 0.05126828710700035 519.0636934407552 0.2066115702479339 
2024-02-14 21:12:21.762252 4 42.869810678210676 42.869810678210676 31.0 3.803295093795094 0.16481782226562502 0.061572309106085264 517.1751596679687 0.21487603305785125 
2024-02-14 21:12:21.762252 4 42.666530230880234 42.666530230880234 34.0 3.78596608946609 0.142559326171875 0.04401989938241242 513.891867960612 0.24793388429752067 
2024-02-14 21:12:21.762252 4 42.69813145743146 42.69813145743146 31.0 3.813698412698413 0.152591943359375 0.053257127994921216 487.83614396158856 0.23140495867768596 
2024-02-14 21:12:21.762252 4 40.380959595959595 40.380959595959595 26.0 3.5807005772005773 0.148367578125 0.0596189322323227 468.0451282958984 0.2231404958677686 
2024-02-14 21:12:21.762252 4 40.90898961038961 40.90898961038961 28.0 3.6666500721500714 0.1518646484375 0.06857772891844745 408.0557159830729 0.2231404958677686 
2024-02-14 21:12:21.762252 4 42.27669148629149 42.27669148629149 24.0 3.6935266955266957 0.150640380859375 0.0727294075453877 443.33142818196615 0.2396694214876033 
2024-02-14 21:12:21.762252 4 40.58682626262626 40.58682626262626 25.0 3.6351854256854255 0.14611518554687497 0.05990448718483209 441.70523185221356 0.23140495867768596 
2024-02-14 21:12:21.762252 4 41.68252561327561 41.68252561327561 28.0 3.7189350649350645 0.155489697265625 0.06609176573993918 414.80693302408855 0.256198347107438 
2024-02-14 21:12:21.924335 5 42.5604740981241 42.5604740981241 33.0 3.7362265512265513 0.1537091796875 0.05126828710700035 519.0636934407552 0.2066115702479339 
2024-02-14 21:12:21.924335 5 40.380959595959595 40.380959595959595 26.0 3.5807005772005773 0.148367578125 0.0596189322323227 468.0451282958984 0.2231404958677686 
2024-02-14 21:12:21.924335 5 41.730883477633476 41.730883477633476 31.0 3.7099538239538234 0.144590966796875 0.04825467030029532 457.05007535807295 0.2727272727272727 
2024-02-14 21:12:21.924335 5 42.666530230880234 42.666530230880234 34.0 3.78596608946609 0.142559326171875 0.04401989938241242 513.891867960612 0.24793388429752067 
2024-02-14 21:12:21.924335 5 42.869810678210676 42.869810678210676 31.0 3.803295093795094 0.16481782226562502 0.061572309106085264 517.1751596679687 0.21487603305785125 
2024-02-14 21:12:21.924335 5 42.69813145743146 42.69813145743146 31.0 3.813698412698413 0.152591943359375 0.053257127994921216 487.83614396158856 0.23140495867768596 
2024-02-14 21:12:21.924335 5 42.27669148629149 42.27669148629149 24.0 3.6935266955266957 0.150640380859375 0.0727294075453877 443.33142818196615 0.2396694214876033 
2024-02-14 21:12:21.924335 5 40.90898961038961 40.90898961038961 28.0 3.6666500721500714 0.1518646484375 0.06857772891844745 408.0557159830729 0.2231404958677686 
2024-02-14 21:12:21.924335 5 41.68252561327561 41.68252561327561 28.0 3.7189350649350645 0.155489697265625 0.06609176573993918 414.80693302408855 0.256198347107438 
2024-02-14 21:12:21.924335 5 40.58682626262626 40.58682626262626 25.0 3.6351854256854255 0.14611518554687497 0.05990448718483209 441.70523185221356 0.23140495867768596 
