2024-02-14 21:12:21.452475 1 41.5550323953824 41.5550323953824 26.0 3.5919422799422795 0.14425180664062498 0.05561909348373653 391.8090892740886 0.21487603305785125 
2024-02-14 21:12:21.452475 1 42.92150728715728 42.92150728715728 36.0 3.7332784992784993 0.14564443359375 0.04558712581752774 512.978674601237 0.2396694214876033 
2024-02-14 21:12:21.653541 2 41.5550323953824 41.5550323953824 26.0 3.5919422799422795 0.14425180664062498 0.05561909348373653 391.8090892740886 0.21487603305785125 
2024-02-14 21:12:21.653541 2 42.92150728715728 42.92150728715728 36.0 3.7332784992784993 0.14564443359375 0.04558712581752774 512.978674601237 0.2396694214876033 
2024-02-14 21:12:21.653541 2 41.9299310966811 41.9299310966811 29.0 3.6494307359307356 0.14284736328125 0.04721510368610381 433.1382448323568 0.24793388429752067 
2024-02-14 21:12:21.653541 2 42.02121305916305 42.02121305916305 34.0 3.650541125541125 0.15288818359375 0.047936621179103876 529.6030673421224 0.23140495867768596 
2024-02-14 21:12:21.653541 2 42.50137135642136 42.50137135642136 32.0 3.7414357864357854 0.14978291015625 0.03999306511612891 458.2438499348958 0.23140495867768596 
2024-02-14 21:12:21.653541 2 42.42745108225109 42.42745108225109 28.0 3.6486443001443 0.1568806640625 0.05377499187670705 411.58910066731767 0.21487603305785125 
2024-02-14 21:12:21.809215 3 41.5550323953824 41.5550323953824 26.0 3.5919422799422795 0.14425180664062498 0.05561909348373653 391.8090892740886 0.21487603305785125 
2024-02-14 21:12:21.809215 3 42.92150728715728 42.92150728715728 36.0 3.7332784992784993 0.14564443359375 0.04558712581752774 512.978674601237 0.2396694214876033 
2024-02-14 21:12:21.809215 3 41.9299310966811 41.9299310966811 29.0 3.6494307359307356 0.14284736328125 0.04721510368610381 433.1382448323568 0.24793388429752067 
2024-02-14 21:12:21.809215 3 42.50137135642136 42.50137135642136 32.0 3.7414357864357854 0.14978291015625 0.03999306511612891 458.2438499348958 0.23140495867768596 
2024-02-14 21:12:21.809215 3 42.42745108225109 42.42745108225109 28.0 3.6486443001443 0.1568806640625 0.05377499187670705 411.58910066731767 0.21487603305785125 
2024-02-14 21:12:21.809215 3 41.437220418470424 41.437220418470424 34.0 3.601601731601732 0.14092568359375002 0.046482565104331935 523.1633167724609 0.23140495867768596 
2024-02-14 21:12:21.809215 3 42.923807647907644 42.923807647907644 32.0 3.757737373737374 0.170971875 0.045697993415794363 492.4729223632813 0.2231404958677686 
2024-02-14 21:12:21.809215 3 42.542248484848486 42.542248484848486 31.0 3.697727272727272 0.156030859375 0.04346296180857658 458.220971516927 0.23140495867768596 
2024-02-14 21:12:21.809215 3 41.737667893217896 41.737667893217896 31.0 3.6206558441558445 0.15823916015624997 0.043284119924440374 464.2244198811849 0.24793388429752067 
2024-02-14 21:12:21.955878 4 42.923807647907644 42.923807647907644 32.0 3.757737373737374 0.170971875 0.045697993415794363 492.4729223632813 0.2231404958677686 
2024-02-14 21:12:21.955878 4 41.68664639249639 41.68664639249639 37.0 3.617874458874459 0.15040302734375002 0.04509889431997298 544.9538297119141 0.23140495867768596 
2024-02-14 21:12:21.955878 4 41.437220418470424 41.437220418470424 34.0 3.601601731601732 0.14092568359375002 0.046482565104331935 523.1633167724609 0.23140495867768596 
2024-02-14 21:12:21.955878 4 41.5550323953824 41.5550323953824 26.0 3.5919422799422795 0.14425180664062498 0.05561909348373653 391.8090892740886 0.21487603305785125 
2024-02-14 21:12:21.955878 4 41.1489715007215 41.1489715007215 35.0 3.6020129870129862 0.15614511718750002 0.04713281779598238 551.6913157552084 0.24793388429752067 
2024-02-14 21:12:21.955878 4 43.30019963924964 43.30019963924964 33.0 3.7476002886002884 0.15159624023437498 0.037598835952208046 478.6297733968099 0.24793388429752067 
2024-02-14 21:12:21.955878 4 42.37772344877346 42.37772344877346 30.0 3.7071558441558436 0.16272031250000002 0.04185361641468048 480.0556955566406 0.2396694214876033 
2024-02-14 21:12:21.955878 4 41.9299310966811 41.9299310966811 29.0 3.6494307359307356 0.14284736328125 0.04721510368610381 433.1382448323568 0.24793388429752067 
2024-02-14 21:12:21.955878 4 42.42745108225109 42.42745108225109 28.0 3.6486443001443 0.1568806640625 0.05377499187670705 411.58910066731767 0.21487603305785125 
2024-02-14 21:12:21.955878 4 42.92150728715728 42.92150728715728 36.0 3.7332784992784993 0.14564443359375 0.04558712581752774 512.978674601237 0.2396694214876033 
2024-02-14 21:12:22.143723 5 41.9299310966811 41.9299310966811 29.0 3.6494307359307356 0.14284736328125 0.04721510368610381 433.1382448323568 0.24793388429752067 
2024-02-14 21:12:22.143723 5 41.1489715007215 41.1489715007215 35.0 3.6020129870129862 0.15614511718750002 0.04713281779598238 551.6913157552084 0.24793388429752067 
2024-02-14 21:12:22.143723 5 42.18097518037518 42.18097518037518 33.0 3.7030620490620487 0.17307114257812498 0.04576222357664347 466.7761431884766 0.23140495867768596 
2024-02-14 21:12:22.143723 5 42.94432323232323 42.94432323232323 38.0 3.719901875901876 0.157085791015625 0.043819624356176846 574.7907747802735 0.23140495867768596 
2024-02-14 21:12:22.143723 5 42.923807647907644 42.923807647907644 32.0 3.757737373737374 0.170971875 0.045697993415794363 492.4729223632813 0.2231404958677686 
2024-02-14 21:12:22.143723 5 41.3999637085137 41.3999637085137 30.0 3.5878658008658006 0.148584033203125 0.04900687211143735 447.30410009765626 0.2231404958677686 
2024-02-14 21:12:22.143723 5 41.437220418470424 41.437220418470424 34.0 3.601601731601732 0.14092568359375002 0.046482565104331935 523.1633167724609 0.23140495867768596 
2024-02-14 21:12:22.143723 5 41.5550323953824 41.5550323953824 26.0 3.5919422799422795 0.14425180664062498 0.05561909348373653 391.8090892740886 0.21487603305785125 
2024-02-14 21:12:22.143723 5 43.30019963924964 43.30019963924964 33.0 3.7476002886002884 0.15159624023437498 0.037598835952208046 478.6297733968099 0.24793388429752067 
2024-02-14 21:12:22.143723 5 42.37772344877346 42.37772344877346 30.0 3.7071558441558436 0.16272031250000002 0.04185361641468048 480.0556955566406 0.2396694214876033 
