2024-02-14 21:12:20.455607 1 44.66295577200576 44.66295577200576 29.0 3.8140505050505054 0.161610986328125 0.06810947877311942 504.3452706298828 0.23140495867768596 
2024-02-14 21:12:20.455607 1 43.31770613275613 43.31770613275613 31.0 3.784004329004329 0.169548583984375 0.0627945122585893 474.042264444987 0.23140495867768596 
2024-02-14 21:12:20.455607 1 42.26734336219336 42.26734336219336 31.0 3.747784992784992 0.144755810546875 0.04336793525516747 485.07737333170576 0.2066115702479339 
2024-02-14 21:12:20.455607 1 43.42307763347764 43.42307763347764 30.0 3.749918470418471 0.16885947265625004 0.06051384276184082 460.967747680664 0.2644628099173554 
2024-02-14 21:12:20.627786 2 44.66295577200576 44.66295577200576 29.0 3.8140505050505054 0.161610986328125 0.06810947877311942 504.3452706298828 0.23140495867768596 
2024-02-14 21:12:20.627786 2 43.31770613275613 43.31770613275613 31.0 3.784004329004329 0.169548583984375 0.0627945122585893 474.042264444987 0.23140495867768596 
2024-02-14 21:12:20.627786 2 42.26734336219336 42.26734336219336 31.0 3.747784992784992 0.144755810546875 0.04336793525516747 485.07737333170576 0.2066115702479339 
2024-02-14 21:12:20.627786 2 43.86913903318903 43.86913903318903 33.0 3.8365887445887443 0.162574462890625 0.05659442759662867 470.82584659830735 0.2231404958677686 
2024-02-14 21:12:20.627786 2 42.29715772005772 42.29715772005772 28.0 3.68431240981241 0.153369921875 0.05132722502289769 437.78023673502605 0.2396694214876033 
2024-02-14 21:12:20.808392 3 43.31770613275613 43.31770613275613 31.0 3.784004329004329 0.169548583984375 0.0627945122585893 474.042264444987 0.23140495867768596 
2024-02-14 21:12:20.808392 3 42.26734336219336 42.26734336219336 31.0 3.747784992784992 0.144755810546875 0.04336793525516747 485.07737333170576 0.2066115702479339 
2024-02-14 21:12:20.808392 3 42.29715772005772 42.29715772005772 28.0 3.68431240981241 0.153369921875 0.05132722502289769 437.78023673502605 0.2396694214876033 
2024-02-14 21:12:20.808392 3 44.44772806637806 44.44772806637806 29.0 3.761152958152959 0.14901435546875 0.056507242034683214 473.2491300455729 0.23140495867768596 
2024-02-14 21:12:20.808392 3 43.57641695526694 43.57641695526694 29.0 3.8182251082251084 0.15394130859375 0.04949951251286508 441.92055997721354 0.2066115702479339 
2024-02-14 21:12:20.808392 3 44.765257359307356 44.765257359307356 30.0 3.8244155844155854 0.147485791015625 0.05315101587455037 504.2683181966146 0.21487603305785125 
2024-02-14 21:12:21.015482 4 42.26734336219336 42.26734336219336 31.0 3.747784992784992 0.144755810546875 0.04336793525516747 485.07737333170576 0.2066115702479339 
2024-02-14 21:12:21.015482 4 42.29715772005772 42.29715772005772 28.0 3.68431240981241 0.153369921875 0.05132722502289769 437.78023673502605 0.2396694214876033 
2024-02-14 21:12:21.015482 4 44.44772806637806 44.44772806637806 29.0 3.761152958152959 0.14901435546875 0.056507242034683214 473.2491300455729 0.23140495867768596 
2024-02-14 21:12:21.015482 4 43.57641695526694 43.57641695526694 29.0 3.8182251082251084 0.15394130859375 0.04949951251286508 441.92055997721354 0.2066115702479339 
2024-02-14 21:12:21.015482 4 44.765257359307356 44.765257359307356 30.0 3.8244155844155854 0.147485791015625 0.05315101587455037 504.2683181966146 0.21487603305785125 
2024-02-14 21:12:21.015482 4 44.041974025974035 44.041974025974035 30.0 3.8319632034632036 0.149616064453125 0.058691584298088566 498.24695796712234 0.2231404958677686 
2024-02-14 21:12:21.015482 4 42.88673513708514 42.88673513708514 34.0 3.733336219336219 0.149076318359375 0.041094513543035976 523.6562619222005 0.2066115702479339 
2024-02-14 21:12:21.015482 4 42.729965584415574 42.729965584415574 33.0 3.7288427128427126 0.151630908203125 0.041666856202480805 480.6564575195312 0.21487603305785125 
2024-02-14 21:12:21.015482 4 42.66858044733044 42.66858044733044 31.0 3.6692669552669552 0.149537353515625 0.04544185209184883 468.8503398844401 0.21487603305785125 
2024-02-14 21:12:21.211114 5 42.72288304473304 42.72288304473304 29.0 3.7110158730158727 0.14787119140625 0.046479230172862984 418.5062226155599 0.2231404958677686 
2024-02-14 21:12:21.211114 5 42.88673513708514 42.88673513708514 34.0 3.733336219336219 0.149076318359375 0.041094513543035976 523.6562619222005 0.2066115702479339 
2024-02-14 21:12:21.211114 5 42.29715772005772 42.29715772005772 28.0 3.68431240981241 0.153369921875 0.05132722502289769 437.78023673502605 0.2396694214876033 
2024-02-14 21:12:21.211114 5 44.765257359307356 44.765257359307356 30.0 3.8244155844155854 0.147485791015625 0.05315101587455037 504.2683181966146 0.21487603305785125 
2024-02-14 21:12:21.211114 5 42.23193044733044 42.23193044733044 31.0 3.6656002886002885 0.149955517578125 0.0470418141320443 465.5527823486328 0.23140495867768596 
2024-02-14 21:12:21.211114 5 43.57641695526694 43.57641695526694 29.0 3.8182251082251084 0.15394130859375 0.04949951251286508 441.92055997721354 0.2066115702479339 
2024-02-14 21:12:21.211114 5 42.58293643578643 42.58293643578643 31.0 3.793492063492063 0.146620947265625 0.04667660354814768 467.7237670491536 0.19834710743801653 
2024-02-14 21:12:21.211114 5 44.06806197691198 44.06806197691198 29.0 3.80667821067821 0.14293046875 0.046132019256219875 466.37785567220055 0.2396694214876033 
2024-02-14 21:12:21.211114 5 42.26734336219336 42.26734336219336 31.0 3.747784992784992 0.144755810546875 0.04336793525516747 485.07737333170576 0.2066115702479339 
2024-02-14 21:12:21.211114 5 42.729965584415574 42.729965584415574 33.0 3.7288427128427126 0.151630908203125 0.041666856202480805 480.6564575195312 0.21487603305785125 
