2024-02-14 21:12:17.190762 1 43.18209271284272 43.18209271284272 27.0 3.7578189033189036 0.171288671875 0.06438196936115266 465.7183924153646 0.2396694214876033 
2024-02-14 21:12:17.190762 1 45.88213073593073 45.88213073593073 26.0 3.9247590187590187 0.171983154296875 0.0751078265739084 448.48504943847655 0.23140495867768596 
2024-02-14 21:12:17.190762 1 41.69837907647908 41.69837907647908 33.0 3.645394660894661 0.154831103515625 0.05112575665371178 482.5304794514974 0.2231404958677686 
2024-02-14 21:12:17.364422 2 43.18209271284272 43.18209271284272 27.0 3.7578189033189036 0.171288671875 0.06438196936115266 465.7183924153646 0.2396694214876033 
2024-02-14 21:12:17.364422 2 45.88213073593073 45.88213073593073 26.0 3.9247590187590187 0.171983154296875 0.0751078265739084 448.48504943847655 0.23140495867768596 
2024-02-14 21:12:17.364422 2 41.69837907647908 41.69837907647908 33.0 3.645394660894661 0.154831103515625 0.05112575665371178 482.5304794514974 0.2231404958677686 
2024-02-14 21:12:17.364422 2 43.28025865800866 43.28025865800866 29.0 3.7334797979797982 0.161421533203125 0.06475401386089563 493.42977978515626 0.256198347107438 
2024-02-14 21:12:17.364422 2 41.69801544011544 41.69801544011544 33.0 3.6526673881673877 0.154831103515625 0.050295354096338736 483.6234403889974 0.24793388429752067 
2024-02-14 21:12:17.364422 2 45.51842020202021 45.51842020202021 30.0 3.895686868686868 0.167066455078125 0.062267134077570445 469.5550236816406 0.2396694214876033 
2024-02-14 21:12:17.565592 3 43.28025865800866 43.28025865800866 29.0 3.7334797979797982 0.161421533203125 0.06475401386089563 493.42977978515626 0.256198347107438 
2024-02-14 21:12:17.565592 3 41.69801544011544 41.69801544011544 33.0 3.6526673881673877 0.154831103515625 0.050295354096338736 483.6234403889974 0.24793388429752067 
2024-02-14 21:12:17.565592 3 41.59111948051948 41.59111948051948 32.0 3.6446594516594515 0.16526162109375 0.058586716344919194 531.5523889160156 0.23140495867768596 
2024-02-14 21:12:17.565592 3 45.50727979797979 45.50727979797979 27.0 3.9004220779220775 0.15663593750000002 0.05782285515590667 402.3351298421224 0.2066115702479339 
2024-02-14 21:12:17.565592 3 45.88213073593073 45.88213073593073 26.0 3.9247590187590187 0.171983154296875 0.0751078265739084 448.48504943847655 0.23140495867768596 
2024-02-14 21:12:17.565592 3 41.69837907647908 41.69837907647908 33.0 3.635394660894661 0.156252978515625 0.05096042188961264 483.8129052327474 0.2231404958677686 
2024-02-14 21:12:17.565592 3 41.69837907647908 41.69837907647908 33.0 3.645394660894661 0.154831103515625 0.05112575665371178 482.5304794514974 0.2231404958677686 
2024-02-14 21:12:17.565592 3 44.08065238095239 44.08065238095239 30.0 3.8126327561327553 0.16957016601562505 0.05948778342590575 496.828762491862 0.21487603305785125 
2024-02-14 21:12:17.565592 3 43.18209271284272 43.18209271284272 27.0 3.7578189033189036 0.171288671875 0.06438196936115266 465.7183924153646 0.2396694214876033 
2024-02-14 21:12:17.565592 3 43.97905555555556 43.97905555555556 28.0 3.8080772005772006 0.168764306640625 0.06786412231922391 455.9418243001302 0.24793388429752067 
2024-02-14 21:12:17.799269 4 42.28987301587303 42.28987301587303 28.0 3.625271284271284 0.15923940429687497 0.05810964171438454 490.36526322428386 0.2396694214876033 
2024-02-14 21:12:17.799269 4 45.88213073593073 45.88213073593073 26.0 3.9247590187590187 0.171983154296875 0.0751078265739084 448.48504943847655 0.23140495867768596 
2024-02-14 21:12:17.799269 4 45.50727979797979 45.50727979797979 27.0 3.9004220779220775 0.15663593750000002 0.05782285515590667 402.3351298421224 0.2066115702479339 
2024-02-14 21:12:17.799269 4 41.59111948051948 41.59111948051948 32.0 3.6446594516594515 0.16526162109375 0.058586716344919194 531.5523889160156 0.23140495867768596 
2024-02-14 21:12:17.799269 4 41.69801544011544 41.69801544011544 33.0 3.6526673881673877 0.154831103515625 0.050295354096338736 483.6234403889974 0.24793388429752067 
2024-02-14 21:12:17.799269 4 41.69801544011544 41.69801544011544 33.0 3.642667388167388 0.156252978515625 0.05013001933223959 484.9058661702474 0.24793388429752067 
2024-02-14 21:12:17.799269 4 43.225944733044734 43.225944733044734 27.0 3.70605266955267 0.16369565429687502 0.06553243636341334 425.8078441975912 0.23140495867768596 
2024-02-14 21:12:17.799269 4 44.08065238095239 44.08065238095239 30.0 3.8126327561327553 0.16957016601562505 0.05948778342590575 496.828762491862 0.21487603305785125 
2024-02-14 21:12:17.799269 4 44.719134992784994 44.719134992784994 29.0 3.831650793650794 0.16638461914062497 0.05383784867906808 467.5551300455729 0.21487603305785125 
2024-02-14 21:12:17.799269 4 44.476358730158736 44.476358730158736 31.0 3.8451782106782098 0.16542563476562502 0.05675537159004453 503.7867606608073 0.2231404958677686 
2024-02-14 21:12:18.224649 5 45.88213073593073 45.88213073593073 26.0 3.9247590187590187 0.171983154296875 0.0751078265739084 448.48504943847655 0.23140495867768596 
2024-02-14 21:12:18.224649 5 45.50727979797979 45.50727979797979 27.0 3.9004220779220775 0.15663593750000002 0.05782285515590667 402.3351298421224 0.2066115702479339 
2024-02-14 21:12:18.224649 5 42.29643059163059 42.29643059163059 31.0 3.6340288600288595 0.16634648437500002 0.05240082882076266 529.9381642252605 0.24793388429752067 
2024-02-14 21:12:18.224649 5 41.69801544011544 41.69801544011544 33.0 3.642667388167388 0.156252978515625 0.05013001933223959 484.9058661702474 0.24793388429752067 
2024-02-14 21:12:18.224649 5 43.9877494949495 43.9877494949495 30.0 3.8557373737373735 0.174213330078125 0.05920058570272685 444.1754761962891 0.2066115702479339 
2024-02-14 21:12:18.224649 5 42.28987301587303 42.28987301587303 28.0 3.625271284271284 0.15923940429687497 0.05810964171438454 490.36526322428386 0.2396694214876033 
2024-02-14 21:12:18.224649 5 41.69801544011544 41.69801544011544 33.0 3.6526673881673877 0.154831103515625 0.050295354096338736 483.6234403889974 0.24793388429752067 
2024-02-14 21:12:18.224649 5 43.98359134199135 43.98359134199135 34.0 3.8021572871572875 0.16000517578124998 0.05083041518631936 510.2228002929687 0.2066115702479339 
2024-02-14 21:12:18.224649 5 41.59111948051948 41.59111948051948 32.0 3.6446594516594515 0.16526162109375 0.058586716344919194 531.5523889160156 0.23140495867768596 
2024-02-14 21:12:18.224649 5 43.225944733044734 43.225944733044734 27.0 3.70605266955267 0.16369565429687502 0.06553243636341334 425.8078441975912 0.23140495867768596 
