40.03319004329004 40.03319004329004 29.0 3.513215007215007 0.13087138671874998 0.04884968753357887 466.69156298828125 0.2396694214876033 
39.9215158008658 39.9215158008658 29.0 3.5258968253968255 0.12832602539062501 0.04425506188955544 419.94929646809896 0.2231404958677686 
40.05942200577201 40.05942200577201 26.0 3.486134920634921 0.1264958984375 0.043283882000932694 383.4599938151042 0.23140495867768596 
40.04462655122655 40.04462655122655 30.0 3.4831053391053386 0.15232265625 0.053010692281904186 428.15903397623697 0.2231404958677686 
40.303947691197685 40.303947691197685 28.0 3.6038939393939393 0.124860498046875 0.03899358773136377 442.1823660888672 0.23140495867768596 
41.83137438672439 41.83137438672439 28.0 3.5942301587301584 0.122771435546875 0.04792045216362242 421.3932054036459 0.23140495867768596 
40.68984624819625 40.68984624819625 27.0 3.534619769119769 0.12501064453125 0.03602187003869058 400.93415690104166 0.21487603305785125 
42.513737662337654 42.513737662337654 26.0 3.739835497835498 0.16720131835937502 0.0783492752527261 420.7626115315755 0.2066115702479339 
44.64524733044734 44.64524733044734 26.0 3.803231601731601 0.15802939453124998 0.06955258272871022 369.85798571777343 0.19008264462809918 
44.33661399711399 44.33661399711399 28.0 3.7758982683982687 0.16211728515625 0.06810444910730366 389.83287569173183 0.19008264462809918 
45.50727979797979 45.50727979797979 27.0 3.9004220779220775 0.15663593750000002 0.05782285515590667 402.3351298421224 0.2066115702479339 
43.57641695526694 43.57641695526694 29.0 3.8182251082251084 0.15394130859375 0.04949951251286508 441.92055997721354 0.2066115702479339 
42.58293643578643 42.58293643578643 31.0 3.793492063492063 0.146620947265625 0.04667660354814768 467.7237670491536 0.19834710743801653 
42.26734336219336 42.26734336219336 31.0 3.747784992784992 0.144755810546875 0.04336793525516747 485.07737333170576 0.2066115702479339 
41.5550323953824 41.5550323953824 26.0 3.5919422799422795 0.14425180664062498 0.05561909348373653 391.8090892740886 0.21487603305785125 
45.421976118326114 45.421976118326114 28.0 3.8307106782106772 0.1649611328125 0.06337653343029975 388.4315072021484 0.2231404958677686 
40.67351154401154 40.67351154401154 28.0 3.544178932178932 0.15490561523437502 0.05502644717302555 449.78769242350256 0.21487603305785125 
43.2162525974026 43.2162525974026 30.0 3.822297258297257 0.164503759765625 0.05764386738891839 462.4851348876953 0.19834710743801653 
45.204418109668104 45.204418109668104 27.0 3.8799119769119765 0.16085424804687498 0.06168690850120786 432.71729105631516 0.2066115702479339 
42.1773704906205 42.1773704906205 33.0 3.640670995670996 0.125354345703125 0.03374271058511974 490.9205582682291 0.23140495867768596 
42.777524025974024 42.777524025974024 31.0 3.699207792207792 0.14245156250000002 0.03633024517354012 451.9691943359375 0.2066115702479339 
42.66221176046176 42.66221176046176 31.0 3.671194805194805 0.10750493164062501 0.022804162558672424 462.24273868815106 0.23140495867768596 
42.50454033189034 42.50454033189034 30.0 3.624417027417027 0.10777700195312499 0.022644772242357725 457.38736397298175 0.2231404958677686 
43.724053102453105 43.724053102453105 26.0 3.7754877344877347 0.12293588867187501 0.04007091199236156 410.8077932128906 0.21487603305785125 
42.5604740981241 42.5604740981241 33.0 3.7362265512265513 0.1537091796875 0.05126828710700035 519.0636934407552 0.2066115702479339 
40.380959595959595 40.380959595959595 26.0 3.5807005772005773 0.148367578125 0.0596189322323227 468.0451282958984 0.2231404958677686 
42.27669148629149 42.27669148629149 24.0 3.6935266955266957 0.150640380859375 0.0727294075453877 443.33142818196615 0.2396694214876033 
40.58682626262626 40.58682626262626 25.0 3.6351854256854255 0.14611518554687497 0.05990448718483209 441.70523185221356 0.23140495867768596 
