2024-02-14 21:12:17.550649 1 42.25280036075037 42.25280036075037 28.0 3.7298015873015875 0.14967177734375 0.05628958072427747 410.2141746826172 0.24793388429752067 
2024-02-14 21:12:17.550649 1 42.62464422799423 42.62464422799423 32.0 3.728458152958153 0.1644162109375 0.05019934441081045 460.8913332519531 0.2396694214876033 
2024-02-14 21:12:17.550649 1 42.89014668109669 42.89014668109669 29.0 3.6577763347763352 0.14361513671875 0.06348355362142559 432.68395495605466 0.23140495867768596 
2024-02-14 21:12:17.550649 1 40.03319004329004 40.03319004329004 29.0 3.513215007215007 0.13087138671874998 0.04884968753357887 466.69156298828125 0.2396694214876033 
2024-02-14 21:12:17.711207 2 40.03319004329004 40.03319004329004 29.0 3.513215007215007 0.13087138671874998 0.04884968753357887 466.69156298828125 0.2396694214876033 
2024-02-14 21:12:17.711207 2 42.70046096681097 42.70046096681097 28.0 3.777416305916306 0.155093798828125 0.05849162134887934 409.0908313395182 0.2231404958677686 
2024-02-14 21:12:17.711207 2 40.793543217893216 40.793543217893216 28.0 3.5744682539682544 0.13037939453125 0.04558463059186939 396.77591381835936 0.23140495867768596 
2024-02-14 21:12:17.917984 3 40.03319004329004 40.03319004329004 29.0 3.513215007215007 0.13087138671874998 0.04884968753357887 466.69156298828125 0.2396694214876033 
2024-02-14 21:12:17.917984 3 42.70046096681097 42.70046096681097 28.0 3.777416305916306 0.155093798828125 0.05849162134887934 409.0908313395182 0.2231404958677686 
2024-02-14 21:12:17.917984 3 40.793543217893216 40.793543217893216 28.0 3.5744682539682544 0.13037939453125 0.04558463059186939 396.77591381835936 0.23140495867768596 
2024-02-14 21:12:17.917984 3 40.307237662337656 40.307237662337656 26.0 3.508533910533911 0.127829248046875 0.04347385150432828 384.20612992350254 0.2396694214876033 
2024-02-14 21:12:17.917984 3 40.35882893217893 40.35882893217893 28.0 3.555816017316017 0.13342153320312497 0.047663166348745845 436.98539229329424 0.23140495867768596 
2024-02-14 21:12:17.917984 3 39.9215158008658 39.9215158008658 29.0 3.5258968253968255 0.12832602539062501 0.04425506188955544 419.94929646809896 0.2231404958677686 
2024-02-14 21:12:18.131231 4 40.03319004329004 40.03319004329004 29.0 3.513215007215007 0.13087138671874998 0.04884968753357887 466.69156298828125 0.2396694214876033 
2024-02-14 21:12:18.131231 4 39.9215158008658 39.9215158008658 29.0 3.5258968253968255 0.12832602539062501 0.04425506188955544 419.94929646809896 0.2231404958677686 
2024-02-14 21:12:18.131231 4 40.91000396825396 40.91000396825396 31.0 3.655272005772005 0.132388037109375 0.04312570869875196 468.4711605224609 0.2644628099173554 
2024-02-14 21:12:18.131231 4 40.78935887445887 40.78935887445887 28.0 3.581867243867244 0.13349477539062501 0.04579582187824489 402.33828299967445 0.2231404958677686 
2024-02-14 21:12:18.131231 4 42.21100627705628 42.21100627705628 33.0 3.662331168831169 0.149633935546875 0.0419322660056138 443.84706518554685 0.21487603305785125 
2024-02-14 21:12:18.131231 4 40.05942200577201 40.05942200577201 26.0 3.486134920634921 0.1264958984375 0.043283882000932694 383.4599938151042 0.23140495867768596 
2024-02-14 21:12:18.131231 4 41.98821291486291 41.98821291486291 29.0 3.648968253968255 0.140375390625 0.038800833911552444 441.5709087320963 0.2644628099173554 
2024-02-14 21:12:18.131231 4 40.04462655122655 40.04462655122655 30.0 3.4831053391053386 0.15232265625 0.053010692281904186 428.15903397623697 0.2231404958677686 
2024-02-14 21:12:18.288215 5 40.03319004329004 40.03319004329004 29.0 3.513215007215007 0.13087138671874998 0.04884968753357887 466.69156298828125 0.2396694214876033 
2024-02-14 21:12:18.288215 5 39.9215158008658 39.9215158008658 29.0 3.5258968253968255 0.12832602539062501 0.04425506188955544 419.94929646809896 0.2231404958677686 
2024-02-14 21:12:18.288215 5 40.05942200577201 40.05942200577201 26.0 3.486134920634921 0.1264958984375 0.043283882000932694 383.4599938151042 0.23140495867768596 
2024-02-14 21:12:18.288215 5 40.04462655122655 40.04462655122655 30.0 3.4831053391053386 0.15232265625 0.053010692281904186 428.15903397623697 0.2231404958677686 
2024-02-14 21:12:18.288215 5 40.303947691197685 40.303947691197685 28.0 3.6038939393939393 0.124860498046875 0.03899358773136377 442.1823660888672 0.23140495867768596 
2024-02-14 21:12:18.288215 5 41.83137438672439 41.83137438672439 28.0 3.5942301587301584 0.122771435546875 0.04792045216362242 421.3932054036459 0.23140495867768596 
2024-02-14 21:12:18.288215 5 40.68984624819625 40.68984624819625 27.0 3.534619769119769 0.12501064453125 0.03602187003869058 400.93415690104166 0.21487603305785125 
