2024-02-14 21:12:17.956495 1 43.68231796536797 43.68231796536797 28.0 3.748818181818182 0.172200927734375 0.0753588282681107 432.439162109375 0.2231404958677686 
2024-02-14 21:12:17.956495 1 43.45337698412699 43.45337698412699 32.0 3.747126262626263 0.16820507812500002 0.056959136378049856 521.0293303222655 0.2396694214876033 
2024-02-14 21:12:17.956495 1 43.1661284992785 43.1661284992785 27.0 3.677568542568543 0.16900488281249998 0.07281899495291706 468.58027893066406 0.21487603305785125 
2024-02-14 21:12:18.111670 2 43.68231796536797 43.68231796536797 28.0 3.748818181818182 0.172200927734375 0.0753588282681107 432.439162109375 0.2231404958677686 
2024-02-14 21:12:18.111670 2 43.1661284992785 43.1661284992785 27.0 3.677568542568543 0.16900488281249998 0.07281899495291706 468.58027893066406 0.21487603305785125 
2024-02-14 21:12:18.111670 2 43.18051378066378 43.18051378066378 32.0 3.7103051948051955 0.17365878906250004 0.06223382912677764 501.83093408203126 0.23140495867768596 
2024-02-14 21:12:18.111670 2 43.21772157287157 43.21772157287157 27.0 3.7379307359307363 0.150528466796875 0.049438626368334265 458.0379522298177 0.21487603305785125 
2024-02-14 21:12:18.111670 2 42.727395165945175 42.727395165945175 27.0 3.695697691197691 0.161126318359375 0.06538191132107024 475.49135302734373 0.23140495867768596 
2024-02-14 21:12:18.282760 3 42.73584545454546 42.73584545454546 34.0 3.6923383838383845 0.1798845703125 0.05411570256687162 530.3880234374999 0.2396694214876033 
2024-02-14 21:12:18.282760 3 44.456319047619054 44.456319047619054 27.0 3.835595238095238 0.1627166015625 0.07088575295783041 399.92314746093746 0.21487603305785125 
2024-02-14 21:12:18.282760 3 43.68231796536797 43.68231796536797 28.0 3.748818181818182 0.172200927734375 0.0753588282681107 432.439162109375 0.2231404958677686 
2024-02-14 21:12:18.282760 3 42.08941233766233 42.08941233766233 31.0 3.648020202020202 0.170698291015625 0.055549118162748774 542.5640998535156 0.2231404958677686 
2024-02-14 21:12:18.282760 3 43.1661284992785 43.1661284992785 27.0 3.677568542568543 0.16900488281249998 0.07281899495291706 468.58027893066406 0.21487603305785125 
2024-02-14 21:12:18.282760 3 43.10499877344878 43.10499877344878 28.0 3.7619696969696967 0.15710688476562504 0.06344456056415788 510.3538265380859 0.2727272727272727 
2024-02-14 21:12:18.282760 3 43.21772157287157 43.21772157287157 27.0 3.7379307359307363 0.150528466796875 0.049438626368334265 458.0379522298177 0.21487603305785125 
2024-02-14 21:12:18.282760 3 43.909812987013 43.909812987013 29.0 3.7164718614718613 0.174819091796875 0.07041353259330985 465.06829024251306 0.2396694214876033 
2024-02-14 21:12:18.282760 3 43.170548701298706 43.170548701298706 32.0 3.7121991341991345 0.166158203125 0.05284362732315063 503.4510217285156 0.24793388429752067 
2024-02-14 21:12:18.282760 3 43.67512619047619 43.67512619047619 29.0 3.737155844155845 0.1656216796875 0.06457803447860716 428.8147556966146 0.2396694214876033 
2024-02-14 21:12:18.470834 4 42.73584545454546 42.73584545454546 34.0 3.6923383838383845 0.1798845703125 0.05411570256687162 530.3880234374999 0.2396694214876033 
2024-02-14 21:12:18.470834 4 43.24623874458875 43.24623874458875 26.0 3.7787489177489175 0.15947729492187496 0.059474614672243645 453.6182612304688 0.21487603305785125 
2024-02-14 21:12:18.470834 4 44.456319047619054 44.456319047619054 27.0 3.835595238095238 0.1627166015625 0.07088575295783041 399.92314746093746 0.21487603305785125 
2024-02-14 21:12:18.470834 4 42.08941233766233 42.08941233766233 31.0 3.648020202020202 0.170698291015625 0.055549118162748774 542.5640998535156 0.2231404958677686 
2024-02-14 21:12:18.470834 4 43.21772157287157 43.21772157287157 27.0 3.7379307359307363 0.150528466796875 0.049438626368334265 458.0379522298177 0.21487603305785125 
2024-02-14 21:12:18.470834 4 44.33661399711399 44.33661399711399 28.0 3.7758982683982687 0.16211728515625 0.06810444910730366 389.83287569173183 0.19008264462809918 
2024-02-14 21:12:18.470834 4 43.68231796536797 43.68231796536797 28.0 3.748818181818182 0.172200927734375 0.0753588282681107 432.439162109375 0.2231404958677686 
2024-02-14 21:12:18.470834 4 43.10499877344878 43.10499877344878 28.0 3.7619696969696967 0.15710688476562504 0.06344456056415788 510.3538265380859 0.2727272727272727 
2024-02-14 21:12:18.470834 4 43.170548701298706 43.170548701298706 32.0 3.7121991341991345 0.166158203125 0.05284362732315063 503.4510217285156 0.24793388429752067 
2024-02-14 21:12:18.470834 4 43.909812987013 43.909812987013 29.0 3.7164718614718613 0.174819091796875 0.07041353259330985 465.06829024251306 0.2396694214876033 
2024-02-14 21:12:18.654999 5 43.68231796536797 43.68231796536797 28.0 3.748818181818182 0.172200927734375 0.0753588282681107 432.439162109375 0.2231404958677686 
2024-02-14 21:12:18.654999 5 43.10499877344878 43.10499877344878 28.0 3.7619696969696967 0.15710688476562504 0.06344456056415788 510.3538265380859 0.2727272727272727 
2024-02-14 21:12:18.654999 5 43.21772157287157 43.21772157287157 27.0 3.7379307359307363 0.150528466796875 0.049438626368334265 458.0379522298177 0.21487603305785125 
2024-02-14 21:12:18.654999 5 44.64524733044734 44.64524733044734 26.0 3.803231601731601 0.15802939453124998 0.06955258272871022 369.85798571777343 0.19008264462809918 
2024-02-14 21:12:18.654999 5 42.73584545454546 42.73584545454546 34.0 3.6923383838383845 0.1798845703125 0.05411570256687162 530.3880234374999 0.2396694214876033 
2024-02-14 21:12:18.654999 5 41.62490043290043 41.62490043290043 36.0 3.6053470418470424 0.17360888671875002 0.052053505714893325 568.5340583089194 0.2396694214876033 
2024-02-14 21:12:18.654999 5 44.456319047619054 44.456319047619054 27.0 3.835595238095238 0.1627166015625 0.07088575295783041 399.92314746093746 0.21487603305785125 
2024-02-14 21:12:18.654999 5 44.33661399711399 44.33661399711399 28.0 3.7758982683982687 0.16211728515625 0.06810444910730366 389.83287569173183 0.19008264462809918 
2024-02-14 21:12:18.654999 5 43.24623874458875 43.24623874458875 26.0 3.7787489177489175 0.15947729492187496 0.059474614672243645 453.6182612304688 0.21487603305785125 
2024-02-14 21:12:18.654999 5 42.08941233766233 42.08941233766233 31.0 3.648020202020202 0.170698291015625 0.055549118162748774 542.5640998535156 0.2231404958677686 
