2024-02-14 21:12:17.584895 1 43.90657792207792 43.90657792207792 27.0 3.859922077922078 0.15830146484375 0.06561927718449591 456.38949792480463 0.256198347107438 
2024-02-14 21:12:17.584895 1 43.08382669552669 43.08382669552669 31.0 3.734634199134199 0.15105458984374998 0.05323905756424905 464.7851663004557 0.23140495867768596 
2024-02-14 21:12:17.584895 1 43.44460346320346 43.44460346320346 31.0 3.734969696969697 0.129198876953125 0.04231742265081645 554.693833618164 0.21487603305785125 
2024-02-14 21:12:17.742380 2 43.90657792207792 43.90657792207792 27.0 3.859922077922078 0.15830146484375 0.06561927718449591 456.38949792480463 0.256198347107438 
2024-02-14 21:12:17.742380 2 43.08382669552669 43.08382669552669 31.0 3.734634199134199 0.15105458984374998 0.05323905756424905 464.7851663004557 0.23140495867768596 
2024-02-14 21:12:17.742380 2 43.44460346320346 43.44460346320346 31.0 3.734969696969697 0.129198876953125 0.04231742265081645 554.693833618164 0.21487603305785125 
2024-02-14 21:12:17.742380 2 43.85081356421357 43.85081356421357 28.0 3.833342712842713 0.16177182617187502 0.06261124152345898 459.78491434733075 0.256198347107438 
2024-02-14 21:12:17.742380 2 43.17114415584416 43.17114415584416 27.0 3.797180375180375 0.13834296875 0.043756464027175916 506.4182134195963 0.2396694214876033 
2024-02-14 21:12:17.742380 2 43.062101082251075 43.062101082251075 26.0 3.732992784992785 0.16026997070312501 0.06828779513122801 452.14120593261714 0.23140495867768596 
2024-02-14 21:12:17.742380 2 42.12481500721501 42.12481500721501 29.0 3.698455266955267 0.14667773437499998 0.048172044802904115 476.32906514485677 0.2231404958677686 
2024-02-14 21:12:17.742380 2 42.99175772005772 42.99175772005772 30.0 3.7595468975468975 0.14758422851562497 0.053282707923471895 450.9150802815755 0.2231404958677686 
2024-02-14 21:12:17.742380 2 44.18003722943723 44.18003722943723 26.0 3.797711399711399 0.149157373046875 0.06729830081129311 456.883659790039 0.21487603305785125 
2024-02-14 21:12:17.742380 2 44.41832943722943 44.41832943722943 29.0 3.772005772005772 0.13440659179687497 0.04451806898746726 498.4273714599609 0.23140495867768596 
2024-02-14 21:12:18.051422 3 42.12481500721501 42.12481500721501 29.0 3.698455266955267 0.14667773437499998 0.048172044802904115 476.32906514485677 0.2231404958677686 
2024-02-14 21:12:18.051422 3 43.44460346320346 43.44460346320346 31.0 3.734969696969697 0.129198876953125 0.04231742265081645 554.693833618164 0.21487603305785125 
2024-02-14 21:12:18.051422 3 44.064662770562784 44.064662770562784 27.0 3.80266810966811 0.149505712890625 0.07194257507829901 459.39605228678386 0.23140495867768596 
2024-02-14 21:12:18.051422 3 44.41832943722943 44.41832943722943 29.0 3.772005772005772 0.13440659179687497 0.04451806898746726 498.4273714599609 0.23140495867768596 
2024-02-14 21:12:18.051422 3 43.72695238095238 43.72695238095238 27.0 3.847822510822511 0.16328593749999995 0.06315813163276669 468.6859439697265 0.2396694214876033 
2024-02-14 21:12:18.051422 3 43.90657792207792 43.90657792207792 27.0 3.859922077922078 0.15830146484375 0.06561927718449591 456.38949792480463 0.256198347107438 
2024-02-14 21:12:18.051422 3 43.18743059163058 43.18743059163058 32.0 3.757565656565656 0.151421875 0.05188930880165099 513.6619637858073 0.21487603305785125 
2024-02-14 21:12:18.051422 3 42.99175772005772 42.99175772005772 30.0 3.7595468975468975 0.14758422851562497 0.053282707923471895 450.9150802815755 0.2231404958677686 
2024-02-14 21:12:18.051422 3 43.062101082251075 43.062101082251075 26.0 3.732992784992785 0.16026997070312501 0.06828779513122801 452.14120593261714 0.23140495867768596 
2024-02-14 21:12:18.051422 3 43.85081356421357 43.85081356421357 28.0 3.833342712842713 0.16177182617187502 0.06261124152345898 459.78491434733075 0.256198347107438 
2024-02-14 21:12:18.314852 4 42.12481500721501 42.12481500721501 29.0 3.698455266955267 0.14667773437499998 0.048172044802904115 476.32906514485677 0.2231404958677686 
2024-02-14 21:12:18.314852 4 43.85081356421357 43.85081356421357 28.0 3.833342712842713 0.16177182617187502 0.06261124152345898 459.78491434733075 0.256198347107438 
2024-02-14 21:12:18.314852 4 44.19922510822511 44.19922510822511 27.0 3.8708528138528133 0.16492822265624998 0.0626494674437046 465.81638110351565 0.21487603305785125 
2024-02-14 21:12:18.314852 4 43.632189249639254 43.632189249639254 28.0 3.786626984126984 0.16933740234374997 0.05993353671765325 454.9982998860677 0.2231404958677686 
2024-02-14 21:12:18.314852 4 43.18743059163058 43.18743059163058 32.0 3.757565656565656 0.151421875 0.05188930880165099 513.6619637858073 0.21487603305785125 
2024-02-14 21:12:18.314852 4 43.062101082251075 43.062101082251075 26.0 3.732992784992785 0.16026997070312501 0.06828779513122801 452.14120593261714 0.23140495867768596 
2024-02-14 21:12:18.314852 4 43.44460346320346 43.44460346320346 31.0 3.734969696969697 0.129198876953125 0.04231742265081645 554.693833618164 0.21487603305785125 
2024-02-14 21:12:18.314852 4 44.11844054834056 44.11844054834056 26.0 3.820445887445887 0.1510166015625 0.07220663942432402 449.97731791178387 0.2396694214876033 
2024-02-14 21:12:18.314852 4 44.41832943722943 44.41832943722943 29.0 3.772005772005772 0.13440659179687497 0.04451806898746726 498.4273714599609 0.23140495867768596 
2024-02-14 21:12:18.314852 4 42.99175772005772 42.99175772005772 30.0 3.7595468975468975 0.14758422851562497 0.053282707923471895 450.9150802815755 0.2231404958677686 
2024-02-14 21:12:18.497062 5 41.35547359307358 41.35547359307358 31.0 3.62784126984127 0.15332358398437498 0.059083413528826186 489.9768854166667 0.21487603305785125 
2024-02-14 21:12:18.497062 5 44.914252308802304 44.914252308802304 29.0 3.820492063492063 0.14344462890624995 0.05359431901570316 471.6345620117188 0.24793388429752067 
2024-02-14 21:12:18.497062 5 43.91795649350649 43.91795649350649 29.0 3.8165490620490616 0.172754248046875 0.05837506178331612 468.81520576985673 0.2396694214876033 
2024-02-14 21:12:18.497062 5 43.565046320346326 43.565046320346326 27.0 3.803420634920634 0.15835498046875002 0.06143318804001807 445.5492584635416 0.2396694214876033 
2024-02-14 21:12:18.497062 5 43.44460346320346 43.44460346320346 31.0 3.734969696969697 0.129198876953125 0.04231742265081645 554.693833618164 0.21487603305785125 
2024-02-14 21:12:18.497062 5 43.062101082251075 43.062101082251075 26.0 3.732992784992785 0.16026997070312501 0.06828779513122801 452.14120593261714 0.23140495867768596 
2024-02-14 21:12:18.497062 5 42.212331024531025 42.212331024531025 31.0 3.6894552669552674 0.14274570312499998 0.039248943250837304 500.798833984375 0.21487603305785125 
2024-02-14 21:12:18.497062 5 44.11844054834056 44.11844054834056 26.0 3.820445887445887 0.1510166015625 0.07220663942432402 449.97731791178387 0.2396694214876033 
2024-02-14 21:12:18.497062 5 44.19922510822511 44.19922510822511 27.0 3.8708528138528133 0.16492822265624998 0.0626494674437046 465.81638110351565 0.21487603305785125 
2024-02-14 21:12:18.497062 5 42.12481500721501 42.12481500721501 29.0 3.698455266955267 0.14667773437499998 0.048172044802904115 476.32906514485677 0.2231404958677686 
