2024-02-14 21:12:18.048097 1 43.07516356421357 43.07516356421357 30.0 3.817031024531025 0.16321904296875 0.057234935306606324 526.194307413737 0.256198347107438 
2024-02-14 21:12:18.048097 1 43.88014069264069 43.88014069264069 28.0 3.8170779220779223 0.15910830078125 0.06103818917955398 418.2313559570312 0.2396694214876033 
2024-02-14 21:12:18.048097 1 40.52179581529581 40.52179581529581 31.0 3.614922077922078 0.16023212890625 0.05019423570104599 454.20875260416665 0.24793388429752067 
2024-02-14 21:12:18.048097 1 42.513737662337654 42.513737662337654 26.0 3.739835497835498 0.16720131835937502 0.0783492752527261 420.7626115315755 0.2066115702479339 
2024-02-14 21:12:18.231107 2 40.52179581529581 40.52179581529581 31.0 3.614922077922078 0.16023212890625 0.05019423570104599 454.20875260416665 0.24793388429752067 
2024-02-14 21:12:18.231107 2 44.112369769119766 44.112369769119766 27.0 3.8953189033189033 0.16761098632812502 0.07272539638142823 476.50270865885415 0.2396694214876033 
2024-02-14 21:12:18.231107 2 41.41651385281385 41.41651385281385 33.0 3.6735541125541133 0.16491298828125 0.06465309367794041 494.232596476237 0.2396694214876033 
2024-02-14 21:12:18.231107 2 43.07516356421357 43.07516356421357 30.0 3.817031024531025 0.16321904296875 0.057234935306606324 526.194307413737 0.256198347107438 
2024-02-14 21:12:18.231107 2 43.88014069264069 43.88014069264069 28.0 3.8170779220779223 0.15910830078125 0.06103818917955398 418.2313559570312 0.2396694214876033 
2024-02-14 21:12:18.231107 2 42.35680598845599 42.35680598845599 29.0 3.671264790764791 0.16792631835937502 0.05585009060690165 483.68054435221353 0.2644628099173554 
2024-02-14 21:12:18.231107 2 42.513737662337654 42.513737662337654 26.0 3.739835497835498 0.16720131835937502 0.0783492752527261 420.7626115315755 0.2066115702479339 
2024-02-14 21:12:18.231107 2 42.3956305916306 42.3956305916306 31.0 3.729376623376623 0.152666259765625 0.05195977447897197 432.98621036783857 0.24793388429752067 
2024-02-14 21:12:18.231107 2 43.95593665223665 43.95593665223665 32.0 3.7983174603174605 0.16432954101562497 0.053591819450590605 492.7738875325521 0.23140495867768596 
2024-02-14 21:12:18.231107 2 40.669907720057715 40.669907720057715 29.0 3.6243744588744584 0.157515771484375 0.06419237541370638 460.186163655599 0.24793388429752067 
2024-02-14 21:12:18.516502 3 42.3956305916306 42.3956305916306 31.0 3.729376623376623 0.152666259765625 0.05195977447897197 432.98621036783857 0.24793388429752067 
2024-02-14 21:12:18.516502 3 44.112369769119766 44.112369769119766 27.0 3.8953189033189033 0.16761098632812502 0.07272539638142823 476.50270865885415 0.2396694214876033 
2024-02-14 21:12:18.516502 3 42.513737662337654 42.513737662337654 26.0 3.739835497835498 0.16720131835937502 0.0783492752527261 420.7626115315755 0.2066115702479339 
2024-02-14 21:12:18.516502 3 43.88014069264069 43.88014069264069 28.0 3.8170779220779223 0.15910830078125 0.06103818917955398 418.2313559570312 0.2396694214876033 
2024-02-14 21:12:18.516502 3 42.35680598845599 42.35680598845599 29.0 3.671264790764791 0.16792631835937502 0.05585009060690165 483.68054435221353 0.2644628099173554 
2024-02-14 21:12:18.516502 3 40.9917968975469 40.9917968975469 29.0 3.613141414141414 0.1667173828125 0.0586944811087036 455.94273213704423 0.23140495867768596 
2024-02-14 21:12:18.516502 3 42.85925021645021 42.85925021645021 30.0 3.7392532467532478 0.168996923828125 0.056254528482916386 465.73413818359376 0.24793388429752067 
2024-02-14 21:12:18.516502 3 40.52179581529581 40.52179581529581 31.0 3.614922077922078 0.16023212890625 0.05019423570104599 454.20875260416665 0.24793388429752067 
2024-02-14 21:12:18.516502 3 42.497745454545445 42.497745454545445 31.0 3.7626940836940843 0.16292587890624996 0.06002763272480009 519.859880900065 0.2231404958677686 
2024-02-14 21:12:18.516502 3 43.95593665223665 43.95593665223665 32.0 3.7983174603174605 0.16432954101562497 0.053591819450590605 492.7738875325521 0.23140495867768596 
2024-02-14 21:12:18.737065 4 43.88014069264069 43.88014069264069 28.0 3.8170779220779223 0.15910830078125 0.06103818917955398 418.2313559570312 0.2396694214876033 
2024-02-14 21:12:18.737065 4 41.038986435786434 41.038986435786434 32.0 3.6465353535353535 0.16325458984375 0.04894563059063914 487.2593512776693 0.256198347107438 
2024-02-14 21:12:18.737065 4 42.497745454545445 42.497745454545445 31.0 3.7626940836940843 0.16292587890624996 0.06002763272480009 519.859880900065 0.2231404958677686 
2024-02-14 21:12:18.737065 4 42.513737662337654 42.513737662337654 26.0 3.739835497835498 0.16720131835937502 0.0783492752527261 420.7626115315755 0.2066115702479339 
2024-02-14 21:12:18.737065 4 41.91445591630591 41.91445591630591 33.0 3.6847720057720057 0.17441845703125003 0.05210772406029702 500.8261012369791 0.23140495867768596 
2024-02-14 21:12:18.737065 4 40.9917968975469 40.9917968975469 29.0 3.613141414141414 0.1667173828125 0.0586944811087036 455.94273213704423 0.23140495867768596 
2024-02-14 21:12:18.737065 4 43.2632740981241 43.2632740981241 32.0 3.7903059163059165 0.14874218749999998 0.06200361332583427 466.41083862304686 0.21487603305785125 
2024-02-14 21:12:18.737065 4 40.52179581529581 40.52179581529581 31.0 3.614922077922078 0.16023212890625 0.05019423570104599 454.20875260416665 0.24793388429752067 
2024-02-14 21:12:18.737065 4 42.35680598845599 42.35680598845599 29.0 3.671264790764791 0.16792631835937502 0.05585009060690165 483.68054435221353 0.2644628099173554 
2024-02-14 21:12:18.737065 4 44.112369769119766 44.112369769119766 27.0 3.8953189033189033 0.16761098632812502 0.07272539638142823 476.50270865885415 0.2396694214876033 
2024-02-14 21:12:18.916837 5 40.9917968975469 40.9917968975469 29.0 3.613141414141414 0.1667173828125 0.0586944811087036 455.94273213704423 0.23140495867768596 
2024-02-14 21:12:18.916837 5 44.112369769119766 44.112369769119766 27.0 3.8953189033189033 0.16761098632812502 0.07272539638142823 476.50270865885415 0.2396694214876033 
2024-02-14 21:12:18.916837 5 42.497745454545445 42.497745454545445 31.0 3.7626940836940843 0.16292587890624996 0.06002763272480009 519.859880900065 0.2231404958677686 
2024-02-14 21:12:18.916837 5 42.35680598845599 42.35680598845599 29.0 3.671264790764791 0.16792631835937502 0.05585009060690165 483.68054435221353 0.2644628099173554 
2024-02-14 21:12:18.916837 5 42.513737662337654 42.513737662337654 26.0 3.739835497835498 0.16720131835937502 0.0783492752527261 420.7626115315755 0.2066115702479339 
2024-02-14 21:12:18.916837 5 40.52179581529581 40.52179581529581 31.0 3.614922077922078 0.16023212890625 0.05019423570104599 454.20875260416665 0.24793388429752067 
2024-02-14 21:12:18.916837 5 43.88014069264069 43.88014069264069 28.0 3.8170779220779223 0.15910830078125 0.06103818917955398 418.2313559570312 0.2396694214876033 
2024-02-14 21:12:18.916837 5 41.038986435786434 41.038986435786434 32.0 3.6465353535353535 0.16325458984375 0.04894563059063914 487.2593512776693 0.256198347107438 
2024-02-14 21:12:18.916837 5 41.81398520923521 41.81398520923521 33.0 3.680414141414141 0.172747802734375 0.05219907070976497 491.10858504231766 0.23140495867768596 
2024-02-14 21:12:18.916837 5 43.2632740981241 43.2632740981241 32.0 3.7903059163059165 0.14874218749999998 0.06200361332583427 466.41083862304686 0.21487603305785125 
