29.709337121212123 0.0707772216796875 199.97717248535156 0.11458333333333333 
32.973469967532466 0.04318316650390624 100.16230688476563 0.13541666666666666 
30.55748376623377 0.05881079101562501 175.31865258789063 0.125 
31.492109848484848 0.054210021972656244 130.52145141601562 0.125 
32.21596590909091 0.05386608886718749 104.13696508789062 0.125 
31.93019318181818 0.054036865234374995 162.52750659179688 0.11458333333333333 
33.204779491341995 0.042904724121093744 99.81364904785156 0.13541666666666666 
31.394822510822507 0.053405029296874997 195.82532287597655 0.14583333333333334 
30.555622835497836 0.0646993408203125 131.82371582031251 0.125 
31.069466991341994 0.054631347656249996 150.6422731933594 0.125 
31.154545454545456 0.05363085937499999 200.15315466308593 0.125 
29.867364718614716 0.06490295410156251 265.7950262451172 0.13541666666666666 
30.75509090909091 0.059199951171875 159.6226912841797 0.11458333333333333 
30.471019480519477 0.07607592773437499 144.13289172363284 0.11458333333333333 
29.132943181818185 0.07304327392578124 257.07735876464847 0.125 
31.717944264069263 0.052277954101562496 121.04334448242189 0.125 
31.385307359307358 0.0661978759765625 146.3253623046875 0.11458333333333333 
30.22046212121212 0.06109808349609375 159.49490625 0.125 
30.449527597402597 0.0673856201171875 167.45265283203122 0.11458333333333333 
32.203412337662336 0.05928979492187501 133.08384301757812 0.11458333333333333 
32.735377705627705 0.05017681884765625 94.24944458007812 0.14583333333333334 
32.55839258658009 0.04604113769531249 127.10907580566408 0.13541666666666666 
30.005768668831166 0.06269653320312499 190.56216333007814 0.13541666666666666 
32.197190205627706 0.05122784423828125 125.19519677734374 0.15625 
30.61300378787879 0.05814581298828124 164.4691242675781 0.14583333333333334 
32.16114772727273 0.044744567871093745 151.5267286376953 0.14583333333333334 
33.37035281385281 0.052032592773437504 142.00061022949217 0.11458333333333333 
31.636448051948054 0.052873413085937494 143.60139147949218 0.125 
31.36808198051948 0.058665100097656256 202.10032438151043 0.11458333333333333 
30.47992424242424 0.064768798828125 181.1660529785156 0.11458333333333333 
32.25910281385281 0.048099365234375 149.5627996826172 0.13541666666666666 
31.671025703463204 0.057927246093749996 193.37929162597658 0.11458333333333333 
31.884481872294373 0.057283813476562494 213.06933044433595 0.11458333333333333 
31.12239664502165 0.06895190429687499 120.1838838297526 0.125 
32.03499567099568 0.06210668945312501 98.58120711263021 0.13541666666666666 
31.418425324675326 0.05436358642578124 158.69694946289061 0.13541666666666666 
32.12315638528139 0.054382446289062504 118.6167766113281 0.14583333333333334 
30.90172997835498 0.05659497070312499 275.47657165527346 0.13541666666666666 
32.89060281385282 0.0510736083984375 155.29233850097654 0.11458333333333333 
30.799253787878786 0.06329425048828125 126.76773461914063 0.13541666666666666 
29.51309090909091 0.07782122802734374 231.58777551269532 0.11458333333333333 
30.3521277056277 0.09010491943359375 132.97868701171876 0.125 
27.558746753246748 0.12322033691406249 216.50439855957032 0.13541666666666666 
30.228631764069256 0.0700469970703125 182.49346435546875 0.11458333333333333 
29.446306277056276 0.0932850341796875 152.88979638671873 0.125 
28.69089962121212 0.09610186767578124 196.93790075683594 0.11458333333333333 
29.558947240259737 0.07489221191406249 273.6055898030599 0.11458333333333333 
27.544268668831172 0.12815130615234374 230.2760197753906 0.125 
28.67747186147186 0.07169744873046875 203.22473303222654 0.14583333333333334 
28.26784604978355 0.10183990478515623 209.739841796875 0.125 
28.407720779220778 0.08372021484375 180.71416467285155 0.13541666666666666 
28.14102218614719 0.08351116943359374 244.68489746093746 0.13541666666666666 
29.449898538961037 0.07869183349609374 178.9557430419922 0.11458333333333333 
26.963676406926407 0.15999993896484374 279.06541292317706 0.11458333333333333 
29.0280045995671 0.0892037353515625 193.66816182454428 0.11458333333333333 
28.341180465367962 0.10415557861328124 214.27986779785158 0.11458333333333333 
29.393100919913422 0.09323864746093749 166.18982226562497 0.11458333333333333 
28.611899621212125 0.0788104248046875 286.50833666992185 0.125 
28.565373106060605 0.08662530517578124 198.57321142578127 0.11458333333333333 
27.653240800865795 0.126073974609375 223.65111169433595 0.11458333333333333 
28.25853246753247 0.12218560791015623 201.6601377360026 0.125 
27.36462121212121 0.09894018554687499 299.6134852701823 0.125 
28.148030573593076 0.14855426025390622 203.79115218098957 0.125 
28.257817370129874 0.08841748046875 233.808037109375 0.11458333333333333 
28.726441558441557 0.07782305908203124 234.94180004882816 0.13541666666666666 
29.289285984848483 0.08082159423828124 161.90714782714844 0.125 
28.51174675324675 0.08542645263671875 173.09351330566406 0.125 
28.326021915584413 0.08030432128906248 223.84761547851562 0.125 
28.771140692640692 0.08013275146484375 193.3905985921224 0.125 
28.34854653679654 0.09993249511718749 172.44181274414063 0.13541666666666666 
29.06918181818181 0.08504534912109375 151.64269079589843 0.14583333333333334 
29.323532738095242 0.10859979248046873 147.21674755859374 0.14583333333333334 
28.506487012987016 0.09988238525390625 188.75326985677083 0.125 
28.7918841991342 0.11160125732421874 173.06946337890628 0.11458333333333333 
29.04319615800866 0.08512554931640624 172.39134696451822 0.125 
28.995381764069258 0.0902862548828125 180.1987059326172 0.11458333333333333 
29.014632575757577 0.07991168212890626 166.01998478190103 0.13541666666666666 
27.31028463203463 0.12410211181640625 327.38875512695313 0.125 
27.68203246753247 0.12161602783203125 235.27916825358074 0.125 
27.120066287878785 0.1197418212890625 315.31879223632814 0.14583333333333334 
26.95366747835498 0.166563232421875 325.38404077148436 0.11458333333333333 
29.480492694805196 0.06560205078125 244.7849611816406 0.16666666666666666 
29.693652056277053 0.06927551269531249 209.42057804361983 0.13541666666666666 
29.65416964285714 0.0689903564453125 207.0872107747396 0.14583333333333334 
29.5414402056277 0.09796801757812501 137.6513447265625 0.13541666666666666 
29.980115800865796 0.07049749755859373 247.8283232421875 0.11458333333333333 
27.889517586580087 0.11399902343749999 210.54302746582033 0.11458333333333333 
27.93163176406926 0.08592059326171875 353.6351877848307 0.15625 
28.298807900432905 0.11554449462890626 199.69954870605468 0.11458333333333333 
29.81398971861472 0.0698248291015625 175.19777368164063 0.14583333333333334 
26.975991883116887 0.18319183349609375 278.58643876139325 0.11458333333333333 
29.48150568181818 0.07667761230468749 183.44157523600262 0.125 
28.302781385281385 0.080168701171875 250.9888740234375 0.125 
28.50857656926407 0.08838848876953125 203.6448273111979 0.125 
29.171440205627704 0.10102886962890625 151.80851888020834 0.13541666666666666 
26.9529770021645 0.21596185302734378 351.9602781982422 0.11458333333333333 
27.191616071428577 0.12923706054687498 269.61521512858076 0.13541666666666666 
27.39959902597402 0.1436637573242187 272.35743298339844 0.11458333333333333 
27.44223971861472 0.10391339111328124 206.90463928222653 0.14583333333333334 
27.207633928571425 0.09796081542968751 328.15788977050784 0.11458333333333333 
28.09768181818182 0.09778790283203126 186.24086206054687 0.13541666666666666 
27.42080627705628 0.09897277832031251 241.9004159749349 0.125 
29.91063852813853 0.06834368896484375 143.84021142578126 0.14583333333333334 
27.061824134199135 0.14400225830078123 328.5420771484375 0.11458333333333333 
30.86409496753247 0.07001666259765624 115.69130517578125 0.125 
27.66963555194805 0.11057623291015624 208.11426684570313 0.13541666666666666 
28.68369832251082 0.08100012207031251 185.786515625 0.14583333333333334 
26.973417478354975 0.148242919921875 315.7318084309896 0.125 
28.82985579004329 0.07324884033203125 159.81035721842449 0.14583333333333334 
27.82542045454546 0.13142279052734376 217.6851014404297 0.125 
29.99014962121212 0.058630676269531244 195.2203741455078 0.13541666666666666 
28.689575216450216 0.10915740966796875 195.86522945149738 0.11458333333333333 
26.81890611471862 0.17140399169921877 372.2683481852214 0.11458333333333333 
28.5768216991342 0.10861767578124999 170.8245723063151 0.125 
28.862983766233764 0.08057684326171874 206.35949877929687 0.11458333333333333 
29.022387175324674 0.09537554931640625 155.98361071777344 0.125 
29.750234848484848 0.0876378173828125 133.31042480468753 0.15625 
28.058585227272722 0.10548406982421873 192.63435400390625 0.14583333333333334 
29.010895562770553 0.10641210937499998 157.4661484375 0.125 
27.109766774891774 0.11544488525390624 280.21100874837236 0.15625 
28.93685606060606 0.08020947265625 183.51449304199218 0.13541666666666666 
27.678622835497833 0.0998836669921875 232.3375616455078 0.14583333333333334 
28.954836309523806 0.07854138183593751 237.84718815104168 0.125 
27.52949594155844 0.09495013427734375 262.83485201009114 0.125 
28.159953192640693 0.09059759521484376 195.58942272949218 0.14583333333333334 
27.278221049783554 0.18783953857421873 266.0183770345052 0.13541666666666666 
27.317844967532466 0.09423040771484374 248.89516194661456 0.13541666666666666 
28.380375270562773 0.07875 302.0273334960938 0.13541666666666666 
28.635407467532467 0.1026658935546875 160.12976033528645 0.125 
27.862751623376624 0.10567163085937499 226.9804649658203 0.11458333333333333 
28.94599269480519 0.09534759521484375 168.77258972167968 0.13541666666666666 
28.288890151515147 0.10887188720703125 226.83276147460936 0.11458333333333333 
30.49006737012987 0.0679990234375 149.76985668945312 0.125 
27.114439393939392 0.1509280395507812 285.3313427734375 0.13541666666666666 
27.201433441558443 0.1114483642578125 250.63623669433593 0.15625 
28.945393668831166 0.07040026855468748 241.41534423828125 0.14583333333333334 
27.401575216450215 0.0974610595703125 255.9014455159505 0.11458333333333333 
27.9204770021645 0.11794573974609375 195.71357763671875 0.13541666666666666 
27.14545698051948 0.1053912353515625 281.84133426920573 0.13541666666666666 
27.31456520562771 0.12643353271484375 290.6879101155599 0.125 
29.331320346320343 0.0734935302734375 199.1715732421875 0.125 
27.788298430735928 0.140336181640625 223.39887316894527 0.11458333333333333 
26.670943181818178 0.187498046875 382.20891308593747 0.11458333333333333 
27.79392857142857 0.09273065185546875 243.05720987955732 0.11458333333333333 
27.823409361471864 0.08917974853515624 249.44175288899743 0.13541666666666666 
27.973860389610387 0.088411376953125 211.79990112304688 0.15625 
28.524911525974026 0.08131915283203126 273.21059952799476 0.11458333333333333 
27.199666396103897 0.14067230224609376 351.19220373535154 0.11458333333333333 
28.2303841991342 0.105438232421875 157.8715028076172 0.14583333333333334 
29.32631033549784 0.0677093505859375 207.66725231933594 0.15625 
27.33983035714285 0.10644720458984373 278.4408517252604 0.125 
28.052100378787873 0.08739044189453124 321.0604724121094 0.13541666666666666 
27.812718344155847 0.09187103271484373 304.24910314941405 0.14583333333333334 
27.83866829004329 0.0948992919921875 223.73461218261718 0.125 
28.02857413419913 0.07674810791015625 212.67814208984373 0.14583333333333334 
28.953761363636364 0.0798797607421875 210.3037639160156 0.125 
31.478867694805196 0.055539733886718755 131.43164746093748 0.13541666666666666 
31.695477002164502 0.058422058105468744 118.21682788085937 0.125 
31.870537337662334 0.056478820800781246 221.22181628417968 0.11458333333333333 
30.703933170995676 0.08660821533203125 142.41695190429687 0.11458333333333333 
31.01470806277056 0.06602874755859375 155.14405200195313 0.11458333333333333 
29.59138365800866 0.09118994140624999 171.87111283365886 0.11458333333333333 
34.141868777056274 0.04346588134765625 96.28976989746093 0.15625 
32.660545183982684 0.06043218994140624 95.56869116210937 0.13541666666666666 
29.608161525974026 0.07507952880859374 210.68167358398438 0.11458333333333333 
29.783481872294374 0.07707904052734375 168.07088163248696 0.11458333333333333 
30.22465936147186 0.06821911621093749 242.81985913085938 0.11458333333333333 
29.94911985930736 0.09562329101562499 128.74408911132812 0.125 
33.10554626623376 0.048596435546875 97.91077075195312 0.15625 
30.96301163419913 0.055253662109375004 179.996515625 0.13541666666666666 
31.653605790043294 0.05132232666015625 152.68556018066405 0.125 
29.821000811688315 0.06825500488281251 149.1660674235026 0.125 
29.877863906926404 0.07721087646484374 149.34763639322915 0.11458333333333333 
29.50318317099567 0.07574395751953125 291.9613172607422 0.11458333333333333 
32.77474972943723 0.053061645507812505 168.35505004882813 0.11458333333333333 
29.63470156926407 0.115680908203125 159.29194974772133 0.11458333333333333 
30.342659361471863 0.06293133544921874 211.80686987304688 0.11458333333333333 
30.511530573593074 0.07001739501953126 145.93166027832032 0.11458333333333333 
30.45569913419913 0.0607518310546875 211.2042559814453 0.125 
30.271808712121206 0.07179315185546875 176.1544063313802 0.11458333333333333 
31.815433170995668 0.06028240966796875 135.63304138183594 0.11458333333333333 
30.52628841991342 0.07043267822265624 133.53578405761718 0.125 
28.87814258658009 0.07633618164062499 274.46749682617184 0.13541666666666666 
32.9258612012987 0.054318908691406244 98.91729333496095 0.13541666666666666 
29.44214366883117 0.0756763916015625 190.3076809082031 0.13541666666666666 
35.08626461038961 0.042310180664062495 127.39407885742189 0.15625 
31.42574864718615 0.05223089599609374 175.61538452148437 0.13541666666666666 
31.717200487012985 0.058508483886718754 152.51228735351563 0.11458333333333333 
28.893352002164498 0.11113641357421875 187.70045153808593 0.11458333333333333 
32.53245508658008 0.0533695068359375 205.9197088623047 0.11458333333333333 
31.815790313852812 0.06538592529296874 121.86725195312499 0.11458333333333333 
29.711798430735932 0.07459698486328126 138.20419592285157 0.13541666666666666 
29.66122483766234 0.07288775634765625 187.40942260742187 0.11458333333333333 
29.266784902597408 0.07467462158203125 219.53181750488278 0.13541666666666666 
29.444274621212124 0.09592822265624999 152.74978641764324 0.13541666666666666 
29.22206331168831 0.08071112060546874 175.9891649169922 0.11458333333333333 
30.604988906926405 0.073992431640625 122.50493286132813 0.13541666666666666 
34.020190205627706 0.04552520751953125 146.3548156738281 0.125 
29.9898033008658 0.07309130859374999 143.33100923665364 0.125 
31.459867694805194 0.048372253417968754 150.1626162109375 0.13541666666666666 
29.20891531385281 0.0674798583984375 245.73727600097655 0.13541666666666666 
31.36048079004329 0.05872460937499999 117.52774060058593 0.125 
30.480837391774894 0.0850025634765625 125.05613037109376 0.13541666666666666 
31.43047591991342 0.059110595703125005 112.45992138671875 0.125 
29.768262175324672 0.0686326904296875 191.7793122558594 0.13541666666666666 
32.284464015151514 0.04778790283203124 139.31232531738283 0.125 
34.00925351731602 0.05278753662109374 128.41940881347657 0.11458333333333333 
29.51732819264069 0.07742700195312499 149.01541247558595 0.125 
29.32024783549783 0.07040979003906249 192.27589986165364 0.13541666666666666 
31.43504843073593 0.0680943603515625 111.8474638671875 0.125 
29.918035443722943 0.06641326904296876 194.16036755371096 0.125 
30.07831033549784 0.0908812255859375 135.15429150390628 0.125 
30.680917478354978 0.0637852783203125 134.5308758544922 0.125 
29.422750811688314 0.066272705078125 221.7709677734375 0.125 
30.603440205627702 0.09603662109375 124.9540742594401 0.125 
28.059743777056276 0.09976043701171874 222.3857091064453 0.13541666666666666 
28.137810335497836 0.07612567138671875 281.3848868408203 0.14583333333333334 
30.23131926406926 0.06710101318359375 199.8999296875 0.11458333333333333 
32.765195075757575 0.045790039062499996 119.38963916015625 0.125 
28.32797213203463 0.12245349121093749 198.62154288736977 0.11458333333333333 
30.68939853896104 0.06137414550781249 143.54836193847655 0.13541666666666666 
34.18674377705628 0.050911804199218744 122.80191271972654 0.11458333333333333 
30.69403300865801 0.06589288330078125 179.71711507161456 0.11458333333333333 
31.791190205627707 0.057460388183593746 179.22136791992187 0.11458333333333333 
30.802196158008663 0.07673480224609375 118.91987438964844 0.125 
29.13723538961039 0.07800274658203124 194.3984376220703 0.13541666666666666 
30.48158252164502 0.09171209716796874 131.3145916748047 0.125 
32.722141504329 0.04590869140625 147.9434229736328 0.15625 
32.90778436147186 0.054027038574218755 147.64767736816407 0.11458333333333333 
30.883216991341992 0.06849395751953125 157.46844604492188 0.11458333333333333 
31.92228896103896 0.050295288085937494 135.68442431640625 0.125 
31.053861471861474 0.05911468505859374 142.49890673828125 0.125 
31.130707251082253 0.06440240478515624 125.54157836914061 0.125 
30.60885551948052 0.06372003173828125 143.56143774414062 0.125 
32.69778841991342 0.05319110107421875 101.97886779785156 0.13541666666666666 
32.62610281385281 0.051279846191406256 104.98030187988282 0.125 
30.693145562770564 0.056847290039062505 147.89733227539062 0.125 
29.05613798701299 0.0795006103515625 193.10517346191406 0.125 
30.154226461038963 0.07321514892578125 162.94191052246094 0.11458333333333333 
32.89360010822511 0.06022283935546876 121.6231092529297 0.11458333333333333 
31.13423971861472 0.056530151367187496 107.94215930175781 0.13541666666666666 
32.155996753246754 0.05361968994140624 105.7881728515625 0.125 
31.796403409090907 0.06108709716796874 111.41792533365884 0.125 
31.837671536796535 0.055540588378906255 117.00087622070313 0.125 
32.100263528138534 0.05852606201171875 141.8179473876953 0.11458333333333333 
32.90377056277056 0.0453631591796875 136.95365205891926 0.13541666666666666 
31.238433170995677 0.06639599609374999 115.82459436035157 0.125 
30.434614718614718 0.060916015625 142.84144665527342 0.14583333333333334 
30.090449134199133 0.087935302734375 141.16478869628907 0.125 
33.812983766233764 0.04558038330078125 104.68213549804689 0.125 
32.47996158008658 0.062428649902343744 120.99465905761718 0.11458333333333333 
30.740498917748916 0.07060125732421875 123.31179150390625 0.125 
32.58883793290043 0.046232299804687495 124.68705330403645 0.15625 
30.716449134199127 0.11124914550781248 136.53396899414062 0.11458333333333333 
32.44990340909091 0.057669921874999995 137.1460791015625 0.11458333333333333 
31.000386093073594 0.06932061767578125 120.8184345703125 0.125 
30.58568939393939 0.06934149169921874 130.96318713378906 0.125 
32.44515638528138 0.0465032958984375 133.1833076171875 0.14583333333333334 
30.098787337662337 0.0616953125 153.08690954589844 0.125 
30.429412337662335 0.07898779296875 146.21068713378907 0.11458333333333333 
31.182753787878788 0.0545892333984375 134.05954431152344 0.13541666666666666 
32.516156385281384 0.052831726074218745 106.67186206054689 0.15625 
30.537228896103898 0.07777325439453124 133.29327697753905 0.125 
29.571055735930734 0.07617193603515623 169.97681188964845 0.125 
31.35040638528138 0.054022155761718746 195.1942802734375 0.15625 
32.38689448051948 0.055146484375000006 155.3338566894531 0.11458333333333333 
29.448762987012987 0.0802286376953125 227.65692211914063 0.11458333333333333 
31.48158603896104 0.06938531494140625 124.31683459472656 0.11458333333333333 
33.37933008658008 0.04812445068359374 97.80831286621094 0.14583333333333334 
32.41218614718615 0.06354260253906249 123.19392395019531 0.11458333333333333 
30.46555817099567 0.08446051025390625 134.74011291503908 0.125 
30.506376082251087 0.06273223876953125 145.4261729736328 0.125 
29.53088582251082 0.07433990478515624 151.3655450439453 0.13541666666666666 
30.613239718614714 0.06073443603515625 164.41475134277346 0.125 
31.50419372294372 0.056340332031249996 124.66024584960937 0.125 
29.975238365800863 0.0640364990234375 240.17716796875 0.125 
30.943574675324676 0.07646258544921876 131.09750415039062 0.11458333333333333 
34.2960670995671 0.0453289794921875 144.28010095214842 0.125 
31.806184794372292 0.06255657958984376 138.64578527832032 0.11458333333333333 
30.50492721861472 0.06251239013671875 134.35518066406252 0.13541666666666666 
30.837747294372292 0.09577618408203123 138.80164599609373 0.11458333333333333 
31.055475108225114 0.056598388671874986 145.1771583251953 0.125 
32.58679139610389 0.05474475097656249 130.77447143554687 0.11458333333333333 
31.463099837662345 0.05917797851562501 145.30998120117187 0.11458333333333333 
31.672859848484848 0.049338317871093745 130.32089306640626 0.14583333333333334 
31.259943181818187 0.0794339599609375 128.55235961914062 0.11458333333333333 
32.30353138528138 0.04651806640624999 112.59032580566407 0.125 
29.652893127705624 0.07338250732421873 172.69570178222656 0.13541666666666666 
30.740922348484844 0.06956933593749999 125.10848217773437 0.125 
30.057007575757574 0.07564752197265626 175.3973699951172 0.11458333333333333 
29.07195562770563 0.08501837158203125 181.5395644938151 0.125 
32.003638528138524 0.0553837890625 114.18947342936198 0.13541666666666666 
30.914794913419918 0.0663404541015625 134.45514440917967 0.11458333333333333 
29.944753246753248 0.07163494873046874 144.81161275227862 0.125 
31.697367694805195 0.06895196533203124 130.6416552734375 0.11458333333333333 
29.348629870129866 0.07344805908203125 238.30929117838542 0.125 
30.980433170995674 0.05688104248046875 138.15294604492186 0.15625 
29.84829356060606 0.09819732666015625 161.81943347167967 0.11458333333333333 
30.579174242424244 0.05872052001953125 170.62356188964844 0.125 
