27.0275303030303 0.10723150634765624 261.5747362467448 0.125 
28.635001623376628 0.07525506591796875 187.87903190104169 0.13541666666666666 
27.13544696969697 0.10563983154296874 242.9571276041667 0.125 
27.56150351731602 0.1025906982421875 242.52888602701825 0.11458333333333333 
27.574107683982685 0.10058746337890626 221.3508749186198 0.125 
29.897084956709953 0.05914971923828125 157.19485620117186 0.13541666666666666 
34.469397456709956 0.04192950439453125 105.41589562988281 0.13541666666666666 
27.491170183982682 0.10420281982421875 244.34182364908855 0.11458333333333333 
29.180323051948058 0.0733668212890625 166.87815344238282 0.14583333333333334 
28.0313795995671 0.08473565673828123 211.6268348795573 0.11458333333333333 
34.04802543290043 0.041645202636718746 94.30913122558593 0.16666666666666666 
32.509989718614726 0.04480780029296875 104.612185546875 0.16666666666666666 
27.2815183982684 0.095274658203125 225.96986783854166 0.13541666666666666 
27.956372835497838 0.07788659667968749 207.10646171061197 0.13541666666666666 
28.25384090909091 0.08519622802734374 190.79226676432293 0.13541666666666666 
32.523442099567106 0.043937072753906244 121.45409277343751 0.16666666666666666 
28.070161255411257 0.0848101806640625 188.6612372233073 0.14583333333333334 
31.064695075757577 0.05482293701171874 179.8229002685547 0.11458333333333333 
27.34657196969697 0.0969986572265625 247.75889713541667 0.125 
30.036064123376626 0.058356323242187494 151.72088891601564 0.14583333333333334 
26.874215638528142 0.122518798828125 266.05955798339846 0.125 
34.70691044372295 0.04544598388671874 88.35571557617187 0.14583333333333334 
27.39379301948052 0.126741943359375 226.86007303873697 0.11458333333333333 
34.6659283008658 0.04359063720703125 83.19662443033855 0.15625 
31.570958062770558 0.05605273437499999 117.96195251464843 0.13541666666666666 
34.61316044372295 0.04544598388671874 89.43440466308594 0.14583333333333334 
27.473560876623377 0.12054089355468749 225.26639001464844 0.11458333333333333 
28.163304383116884 0.10618041992187499 208.80183052571613 0.11458333333333333 
31.836196158008658 0.0523900146484375 109.97433158365885 0.13541666666666666 
33.989410443722946 0.04564959716796875 89.81214725748697 0.14583333333333334 
33.840660443722946 0.04564959716796875 89.83891556803385 0.14583333333333334 
32.33345806277056 0.053545166015625 135.4563438313802 0.11458333333333333 
27.83301325757576 0.10262969970703124 220.642911336263 0.11458333333333333 
27.45116801948052 0.11927661132812499 233.07244462076824 0.11458333333333333 
27.401486201298702 0.12207421874999999 233.80861291503905 0.11458333333333333 
27.40169778138528 0.11542889404296874 228.33302205403646 0.125 
27.387304924242425 0.1099927978515625 240.38476985677082 0.125 
27.554950487012984 0.11790307617187498 230.59462658691407 0.11458333333333333 
27.750048971861474 0.10331292724609376 205.67640287272135 0.125 
28.661135010822512 0.08609515380859376 181.56374694824217 0.13541666666666666 
28.49632278138528 0.08348419189453125 192.32243440755207 0.125 
28.31252949134199 0.10030847167968751 204.24251603190106 0.11458333333333333 
33.4171783008658 0.04397991943359375 85.31614880371095 0.15625 
30.31048187229437 0.07053997802734376 138.50384134928385 0.15625 
32.47949972943722 0.04945880126953124 107.81006547037761 0.125 
27.721608495670996 0.1048077392578125 220.4318944905599 0.11458333333333333 
33.657178300865795 0.048931213378906255 91.1365740966797 0.14583333333333334 
33.4934283008658 0.043846984863281244 87.43119832356771 0.15625 
32.8909283008658 0.046149475097656247 93.41026863606771 0.15625 
32.39063068181818 0.04882623291015625 97.13706237792968 0.15625 
33.29619615800866 0.0444210205078125 87.15184155273437 0.15625 
31.726106872294373 0.049269653320312495 115.94191556803385 0.13541666666666666 
33.7334283008658 0.04359063720703125 84.40363419596355 0.15625 
33.251374729437224 0.04769610595703124 106.37219327799478 0.125 
28.699537067099566 0.08404150390625001 188.12201200358072 0.11458333333333333 
27.596117153679653 0.10136859130859374 215.64660579427084 0.125 
28.327325487012992 0.1037503662109375 202.68274080403648 0.11458333333333333 
33.079821158008656 0.048550170898437495 88.91937325032552 0.15625 
27.851510010822505 0.09994219970703125 213.69801220703124 0.11458333333333333 
27.42692397186147 0.10438720703124997 240.00445642089844 0.125 
27.945260010822512 0.09573706054687499 219.62136873372395 0.11458333333333333 
27.35346563852814 0.11403607177734373 250.55918603515627 0.11458333333333333 
28.567481872294373 0.08991278076171874 183.2720469970703 0.13541666666666666 
28.64178111471862 0.09193768310546875 177.9375360107422 0.13541666666666666 
33.53619615800866 0.0441646728515625 84.1242774251302 0.15625 
27.236007305194807 0.116487060546875 240.12274857584634 0.11458333333333333 
31.765690205627703 0.05043872070312501 114.67643216959635 0.13541666666666666 
28.548947781385277 0.09232366943359374 182.88364782714842 0.13541666666666666 
31.610065205627706 0.05082232666015626 115.23854435221354 0.13541666666666666 
28.026596590909094 0.0963575439453125 200.3970252685547 0.125 
32.54277353896104 0.047380065917968756 107.56099934895833 0.13541666666666666 
31.79789853896104 0.05025305175781249 115.42420328776042 0.13541666666666666 
26.874705086580086 0.10011340332031252 286.51492700195314 0.11458333333333333 
33.95987364718614 0.04150909423828125 95.2211573486328 0.16666666666666666 
35.01822483766233 0.04155426025390625 88.40300891113282 0.15625 
26.70105032467533 0.086491455078125 282.08277172851564 0.125 
33.72635091991342 0.0413111572265625 95.33224377441405 0.16666666666666666 
26.79801461038961 0.09164459228515624 304.9642873535156 0.11458333333333333 
26.831800324675328 0.094841796875 271.4367810058594 0.13541666666666666 
31.055913961038964 0.05588720703125 153.31285791015625 0.11458333333333333 
32.538136634199134 0.04405328369140625 105.85442651367187 0.15625 
27.48858901515151 0.0711461181640625 259.8372198486328 0.14583333333333334 
30.822526515151516 0.05452154541015625 136.08227282714844 0.125 
30.17825270562771 0.051388854980468746 164.7601794433594 0.14583333333333334 
28.799026515151514 0.060222534179687495 178.12182482910157 0.13541666666666666 
34.609073322510824 0.04230889892578125 88.5916015625 0.15625 
26.83627949134199 0.09015460205078125 302.4367064208984 0.11458333333333333 
27.003300324675326 0.08295831298828124 276.13362951660156 0.125 
26.98268127705628 0.08504882812499999 297.9440613606771 0.11458333333333333 
26.95788961038961 0.08798663330078124 290.1790500488281 0.11458333333333333 
27.04507711038961 0.08551397705078126 295.3270427246094 0.11458333333333333 
27.04353841991342 0.088669677734375 288.3405625 0.11458333333333333 
26.900788419913418 0.08417608642578125 279.2362882080078 0.125 
28.740187229437232 0.06323358154296874 211.82870202636715 0.13541666666666666 
34.23572483766234 0.04202954101562499 89.95639245605469 0.14583333333333334 
27.109300324675324 0.08186859130859374 290.44339892578125 0.11458333333333333 
29.207681277056274 0.0614638671875 177.17148693847656 0.125 
34.43303544372294 0.04155426025390625 89.14856213378907 0.15625 
29.360211038961033 0.057329101562500005 180.2197716064453 0.15625 
30.45756222943723 0.05227301025390624 171.93554158528644 0.125 
34.05580925324675 0.04197845458984375 91.30822546386719 0.16666666666666666 
31.79003733766234 0.0473272705078125 117.57427380371092 0.13541666666666666 
28.390276515151516 0.06623114013671874 209.1302098388672 0.13541666666666666 
28.592443181818187 0.06746270751953125 197.85348339843753 0.11458333333333333 
29.278966991341992 0.06058422851562499 149.55699072265625 0.11458333333333333 
27.30344020562771 0.0819779052734375 267.45088305664063 0.11458333333333333 
27.76244913419913 0.07810931396484375 239.48491687011716 0.11458333333333333 
27.410094967532466 0.07564526367187499 248.9100291748047 0.11458333333333333 
32.68320508658009 0.044495971679687496 122.2884296875 0.125 
32.888469155844156 0.04431982421875 110.35827819824219 0.125 
27.594413419913415 0.07463897705078124 235.94253967285155 0.125 
32.36305032467532 0.0476180419921875 103.40477966308595 0.13541666666666666 
33.25486282467533 0.049281494140625 130.38802172851564 0.11458333333333333 
27.140056277056278 0.0809033203125 268.3669545898438 0.11458333333333333 
27.447071158008658 0.07917266845703125 229.07001916503904 0.125 
29.52331222943723 0.0591552734375 194.07598669433594 0.11458333333333333 
30.71631222943723 0.056400146484375004 175.38502575683594 0.11458333333333333 
31.372520562770557 0.047610290527343745 121.85130480957031 0.13541666666666666 
31.561501623376625 0.0459656982421875 119.43738989257812 0.13541666666666666 
29.14569318181818 0.05771258544921874 170.0734976806641 0.13541666666666666 
30.884333062770565 0.04822479248046875 130.09914367675782 0.13541666666666666 
31.696716991341994 0.045660827636718755 134.0001883544922 0.13541666666666666 
28.218922348484845 0.07283111572265624 217.73766662597657 0.11458333333333333 
27.625984848484848 0.07409161376953124 235.73413684082033 0.13541666666666666 
27.986341991341995 0.0682239990234375 228.9273420410156 0.125 
32.34614556277056 0.049343505859375 100.60469348144531 0.13541666666666666 
31.574859848484845 0.048463500976562504 127.32998901367186 0.125 
27.625279491341992 0.0745208740234375 207.20742529296876 0.125 
33.850702110389605 0.042111572265624994 90.17757055664063 0.14583333333333334 
27.109586038961037 0.07769042968749999 271.3374802246094 0.125 
27.382916396103894 0.07707550048828124 252.56108544921875 0.125 
30.653739718614712 0.0515823974609375 156.4120155029297 0.125 
30.538839015151517 0.05658001708984375 144.53600915527346 0.11458333333333333 
27.058404491341992 0.0907569580078125 254.3352189941406 0.11458333333333333 
33.12108793290044 0.05085211181640624 142.54920947265623 0.11458333333333333 
32.434562229437226 0.04465789794921875 107.51460095214844 0.14583333333333334 
27.664449134199135 0.07371582031249999 241.43836877441407 0.11458333333333333 
30.58581222943723 0.051244384765625 161.38513269042969 0.125 
27.362706439393936 0.08051965332031251 262.45198315429684 0.11458333333333333 
27.712344967532466 0.07211212158203124 241.47588696289063 0.11458333333333333 
28.15613961038961 0.07191088867187499 215.67345458984371 0.125 
32.044139610389614 0.045556518554687495 108.58645764160156 0.14583333333333334 
30.164743777056277 0.05390185546875 147.94424365234374 0.13541666666666666 
27.44466341991342 0.08104241943359375 244.45353942871094 0.125 
34.35059983766233 0.041739013671875005 92.50075952148438 0.15625 
28.425830086580085 0.06462231445312501 205.13465295410154 0.125 
31.26806222943723 0.04862274169921875 124.46564770507811 0.125 
29.02264556277056 0.06531201171875 188.6631708984375 0.11458333333333333 
31.9364788961039 0.04972314453125 115.42917321777344 0.125 
29.673669372294377 0.05612860107421874 166.6808731282552 0.13541666666666666 
32.271371753246754 0.04494427490234375 127.9988955078125 0.125 
28.900196158008658 0.06439678955078125 196.17757836914063 0.11458333333333333 
29.229264610389613 0.0624359130859375 199.23675219726562 0.11458333333333333 
33.759305194805194 0.04346246337890625 114.11270153808593 0.125 
27.538163419913417 0.07304266357421876 246.12013439941404 0.11458333333333333 
28.60283008658008 0.06425762939453125 214.44387658691406 0.125 
29.00318722943723 0.06049047851562499 192.29070349121093 0.125 
29.006097943722942 0.06199639892578125 186.6628436279297 0.125 
33.51737364718615 0.041437744140624996 96.6292646484375 0.16666666666666666 
29.61000865800866 0.055260559082031244 185.45007592773442 0.13541666666666666 
28.518609848484846 0.07009167480468749 203.57725744628905 0.11458333333333333 
27.107496753246757 0.0809578857421875 264.0093642578125 0.13541666666666666 
27.280368777056275 0.07621520996093749 243.04070304361977 0.13541666666666666 
30.54402651515152 0.048824157714843754 132.19913293457032 0.14583333333333334 
32.59861498917749 0.043160827636718746 113.04708911132812 0.13541666666666666 
31.466323051948052 0.04825653076171875 139.90339807128908 0.125 
27.087645562770565 0.079919677734375 278.09615869140623 0.13541666666666666 
29.909502705627705 0.052309448242187494 158.44979162597656 0.15625 
27.04840449134199 0.084354248046875 254.82729736328125 0.125 
27.83173484848485 0.06954339599609374 225.8793897705078 0.13541666666666666 
28.834728896103893 0.061876220703125 190.28201782226563 0.125 
30.390708062770567 0.052285827636718754 137.2426174316406 0.125 
31.407214015151517 0.0536839599609375 147.2618016357422 0.11458333333333333 
32.117997294372294 0.05271887207031249 140.8103709716797 0.11458333333333333 
27.32759496753247 0.0784949951171875 257.1390513916016 0.125 
29.83473971861472 0.05528668212890625 162.7231981201172 0.13541666666666666 
29.05850162337663 0.05953338623046874 218.78376025390622 0.125 
33.64007602813852 0.0426256103515625 92.36774365234376 0.15625 
29.415752705627703 0.05654882812499999 166.03430871582032 0.13541666666666666 
28.72773484848485 0.06259747314453126 222.33514021809893 0.13541666666666666 
33.14944615800866 0.050088317871093746 131.94724169921875 0.11458333333333333 
30.339907467532463 0.0583812255859375 153.8699091796875 0.11458333333333333 
28.64116937229437 0.06381799316406249 196.68256091308592 0.15625 
28.66902949134199 0.06326641845703125 189.48456994628904 0.125 
27.275428300865798 0.08269085693359375 262.809652750651 0.11458333333333333 
28.343419372294374 0.07071044921875 193.60895800781248 0.11458333333333333 
30.045574134199136 0.05310522460937499 169.80058435058592 0.14583333333333334 
32.19991937229437 0.04408117675781249 111.29194860839844 0.14583333333333334 
31.99464448051948 0.0462662353515625 123.52343444824218 0.125 
28.662026515151513 0.06533306884765624 202.02686791992187 0.13541666666666666 
30.86100568181818 0.0468580322265625 138.96846215820312 0.14583333333333334 
27.857234848484847 0.06893939208984375 237.63736657714844 0.13541666666666666 
30.205693181818184 0.05840270996093751 176.5381756591797 0.11458333333333333 
30.2278538961039 0.05195721435546875 139.57256787109372 0.13541666666666666 
29.757062229437224 0.0552633056640625 182.5998992919922 0.14583333333333334 
27.373603896103894 0.07688238525390624 259.2891763916016 0.125 
32.38566937229437 0.045885437011718745 99.00073388671875 0.14583333333333334 
27.708818181818184 0.07119287109374998 230.88106262207032 0.125 
30.49949594155844 0.05822119140625 150.62454565429687 0.11458333333333333 
27.255654491341993 0.08852282714843751 243.41457348632812 0.13541666666666666 
27.91751461038961 0.06859326171874999 232.91430822753907 0.13541666666666666 
29.51744615800866 0.05824304199218751 167.27446362304687 0.125 
27.17719020562771 0.08279235839843749 251.04796850585936 0.11458333333333333 
32.48153841991342 0.043994812011718745 118.9653232421875 0.13541666666666666 
33.33158901515152 0.04270831298828125 92.2100126953125 0.13541666666666666 
29.786776515151512 0.05751373291015625 159.43461804199217 0.13541666666666666 
28.074130681818183 0.070632080078125 251.46152075195312 0.11458333333333333 
28.303609848484847 0.06464227294921873 226.50373278808593 0.13541666666666666 
28.152294372294374 0.06809588623046874 218.5760255126953 0.125 
28.45735984848485 0.06683795166015624 188.91848693847658 0.13541666666666666 
28.544145562770563 0.06588360595703124 191.8325780029297 0.125 
32.07345400432901 0.047169494628906246 113.59140881347656 0.13541666666666666 
27.237487824675327 0.07843414306640624 258.4107767333984 0.13541666666666666 
30.797043560606056 0.05595074462890624 145.27929321289062 0.11458333333333333 
29.30339556277056 0.059794433593749995 170.65072631835938 0.125 
28.289740800865797 0.0690836181640625 220.4649979248047 0.11458333333333333 
33.434827110389605 0.04169384765624999 93.0709376220703 0.15625 
28.084755681818184 0.07342889404296875 195.24867736816407 0.125 
28.454324134199133 0.06708581542968749 231.3966444091797 0.11458333333333333 
33.56622186147187 0.04358453369140625 114.779376953125 0.125 
33.301013798701305 0.04362225341796875 93.56119677734375 0.14583333333333334 
33.0622527056277 0.04179278564453125 98.05074157714843 0.14583333333333334 
27.335868777056277 0.07788629150390626 250.12647607421874 0.125 
33.40724377705628 0.04189984130859375 94.05437561035156 0.15625 
32.61793127705628 0.04289556884765625 94.9997479248047 0.13541666666666666 
26.909017586580084 0.09139678955078126 278.7719183349609 0.11458333333333333 
31.1434908008658 0.05204992675781249 141.61922912597655 0.125 
28.197859848484846 0.066464599609375 248.45907535807288 0.13541666666666666 
28.829279491341993 0.06990478515625 184.17334887695313 0.11458333333333333 
27.056475919913417 0.08610052490234374 248.59827787272133 0.125 
28.27423484848485 0.0705115966796875 222.84008471679687 0.11458333333333333 
28.77712472943723 0.064185791015625 178.64112268066407 0.125 
29.315568181818186 0.06014013671875 161.90479614257814 0.125 
27.900050324675323 0.07152264404296874 226.9138692626953 0.125 
30.005681277056272 0.055798645019531246 152.70908435058593 0.125 
27.365699134199133 0.08017401123046874 256.45207409667967 0.11458333333333333 
32.79202543290044 0.04232757568359374 98.48244226074219 0.14583333333333334 
27.93838068181818 0.07033843994140625 225.74307897949217 0.13541666666666666 
32.92156818181818 0.050465759277343744 151.05033239746092 0.11458333333333333 
30.07350270562771 0.059531494140624995 152.3138616943359 0.125 
27.412199134199135 0.09115032958984375 247.69274206542968 0.11458333333333333 
30.882073051948055 0.04951330566406249 154.59699169921873 0.125 
27.572672348484843 0.080091796875 223.8644958496094 0.11458333333333333 
27.84403544372294 0.07159649658203124 225.09053845214842 0.125 
32.98680248917749 0.04241162109375 94.62047644042968 0.13541666666666666 
32.17056818181818 0.051293273925781244 168.57130786132814 0.11458333333333333 
27.562663419913417 0.07835308837890624 238.58431579589845 0.11458333333333333 
27.419100919913422 0.07338500976562498 245.56385876464844 0.125 
31.818589015151513 0.04406689453125 125.0394582519531 0.14583333333333334 
29.977434253246752 0.0555062255859375 154.1481671142578 0.14583333333333334 
30.143014610389606 0.055121154785156244 161.5283173421224 0.125 
34.02070211038961 0.042111572265624994 88.88004736328125 0.15625 
29.748544372294372 0.05471221923828125 199.73330615234374 0.14583333333333334 
28.524526515151514 0.06393389892578125 222.01473486328126 0.13541666666666666 
29.370145562770563 0.0592513427734375 164.30860888671876 0.125 
26.859609848484848 0.09116180419921875 287.6196280110677 0.11458333333333333 
31.872584956709954 0.04525384521484374 118.88020190429685 0.13541666666666666 
27.496118777056278 0.07605767822265623 222.29917736816407 0.125 
28.224859848484847 0.06999139404296875 202.37549523925782 0.13541666666666666 
32.79206222943723 0.042452819824218745 94.6833016357422 0.13541666666666666 
33.03188582251082 0.051543701171875 146.22418835449218 0.11458333333333333 
29.739561147186144 0.0575775146484375 169.18920629882814 0.125 
31.243339015151513 0.052910644531249995 157.28437927246094 0.11458333333333333 
29.95188365800866 0.05736407470703124 158.40226879882812 0.125 
27.90084199134199 0.07094537353515624 220.37931359863282 0.11458333333333333 
31.875885551948056 0.051822021484374994 163.55841735839843 0.11458333333333333 
28.12019615800866 0.06867950439453126 226.72741918945314 0.125 
27.881922348484846 0.06844921875 267.4896632486979 0.13541666666666666 
29.79916044372294 0.054835144042968756 167.05730346679687 0.125 
31.20080032467532 0.04667840576171876 135.40035522460937 0.13541666666666666 
32.276608766233764 0.0456832275390625 112.07080249023437 0.125 
29.12628841991342 0.0837213134765625 175.45638830566406 0.15625 
