29.58134090909091 0.05261285400390625 119.24776647949218 0.125 
29.990959956709958 0.0478638916015625 127.05321850585938 0.13541666666666666 
28.981462932900435 0.053697082519531245 128.52486901855468 0.15625 
30.07476948051948 0.05386511230468749 128.2767725830078 0.11458333333333333 
29.44124864718615 0.05390667724609375 111.70742980957031 0.15625 
29.597936147186147 0.050569213867187504 104.79807556152345 0.13541666666666666 
28.589769480519482 0.06380194091796874 164.75607275390627 0.125 
30.16724864718615 0.04643084716796875 94.2156444091797 0.13541666666666666 
29.36607007575758 0.054111999511718745 105.88052624511718 0.14583333333333334 
28.70110579004329 0.06034747314453125 126.79017749023437 0.15625 
28.62614448051948 0.06585693359374999 148.09219189453125 0.125 
29.93048376623376 0.048652221679687496 123.35203710937499 0.125 
29.74662662337662 0.04994140625 125.79426306152345 0.13541666666666666 
28.99071293290043 0.058254211425781244 111.06725097656249 0.14583333333333334 
30.588579004329 0.04535736083984375 107.2288837890625 0.13541666666666666 
29.23060281385282 0.05758563232421874 177.51651831054687 0.11458333333333333 
30.024769480519478 0.05351977539062499 105.66546740722657 0.125 
31.77842126623376 0.04347357177734375 100.19549291992188 0.125 
29.609293290043286 0.051415771484375 93.6856434326172 0.14583333333333334 
29.24615043290043 0.054616882324218755 127.4405478515625 0.14583333333333334 
30.289581980519483 0.04653509521484374 90.5435272216797 0.15625 
29.781998647186146 0.0487918701171875 95.45866149902345 0.13541666666666666 
30.16643614718614 0.04798577880859375 106.29131335449219 0.125 
30.51518614718615 0.04800128173828125 104.2861630859375 0.125 
29.495212932900426 0.050887451171875 114.9298427734375 0.13541666666666666 
29.83446293290043 0.04829852294921874 95.5185643310547 0.15625 
29.032019480519477 0.06453485107421875 143.62613439941407 0.11458333333333333 
29.354186147186148 0.05181890869140624 124.39848144531251 0.14583333333333334 
31.38404329004329 0.042951293945312496 84.6340069580078 0.14583333333333334 
29.43158198051948 0.05095721435546875 124.91101232910157 0.15625 
30.02168912337662 0.047952697753906245 106.50098071289062 0.13541666666666666 
28.90066233766234 0.058395263671874996 157.87828686523437 0.125 
29.29437364718615 0.05330047607421874 109.4193592529297 0.16666666666666666 
28.933855790043292 0.057816894531249996 132.54483984375 0.13541666666666666 
31.526171266233767 0.048381774902343744 122.0845791015625 0.11458333333333333 
29.847924242424245 0.054539184570312496 147.01131298828125 0.11458333333333333 
28.19583198051948 0.07039581298828124 188.23296520996092 0.14583333333333334 
32.04155817099567 0.04173382568359375 84.03134631347655 0.13541666666666666 
28.983781385281382 0.06014575195312499 177.75404199218752 0.11458333333333333 
29.966581980519482 0.04757977294921875 111.50570288085937 0.15625 
28.403391504329004 0.06695635986328125 146.58408752441406 0.13541666666666666 
29.121936147186148 0.057192138671875004 121.52540075683594 0.125 
29.594019480519478 0.054717163085937506 108.24719042968749 0.125 
29.414436147186144 0.05707452392578125 107.85925866699218 0.125 
29.307507575757576 0.0538299560546875 127.60935864257813 0.125 
28.95443614718615 0.058585388183593747 129.07014038085939 0.125 
30.659605790043294 0.044358703613281245 88.73023120117188 0.15625 
30.905186147186146 0.044165588378906245 102.45788513183594 0.13541666666666666 
32.093834956709955 0.041662292480468745 83.60919958496093 0.14583333333333334 
28.942459956709957 0.05683380126953125 167.94355419921874 0.125 
29.84591531385281 0.048142333984374994 130.43946850585937 0.13541666666666666 
30.82679329004329 0.04415509033203125 85.47817578125 0.14583333333333334 
29.39568912337662 0.051265319824218746 139.61718713378906 0.14583333333333334 
28.58404626623377 0.06255731201171874 140.47248864746092 0.13541666666666666 
29.27929329004329 0.05345916748046875 139.0431444091797 0.125 
31.452242694805193 0.04262017822265625 87.11249194335937 0.16666666666666666 
28.85876948051948 0.056934814453124996 157.36680798339845 0.13541666666666666 
28.571248647186145 0.059101623535156245 144.7671865234375 0.15625 
29.973686147186147 0.05066162109375 91.4262412109375 0.13541666666666666 
32.69063555194805 0.0413187255859375 97.82104333496093 0.13541666666666666 
29.163346861471858 0.0569251708984375 107.66884948730468 0.14583333333333334 
28.618212932900434 0.06320159912109376 122.34932690429687 0.14583333333333334 
31.043105790043285 0.050848083496093745 122.23323754882813 0.11458333333333333 
30.953519480519482 0.046785888671875005 99.17008618164061 0.125 
29.045974837662335 0.05506127929687501 170.71408044433593 0.13541666666666666 
29.19601948051948 0.05864581298828124 160.53435498046878 0.11458333333333333 
30.532507575757574 0.046747314453124994 117.85921386718749 0.125 
29.363376623376627 0.052423522949218745 143.75633349609376 0.13541666666666666 
28.509105790043293 0.060176818847656244 162.15515051269531 0.13541666666666666 
31.365189123376627 0.0495166015625 121.31279223632814 0.11458333333333333 
28.87068912337662 0.05476422119140625 160.81237951660157 0.14583333333333334 
29.73787364718615 0.05033026123046874 106.45681335449218 0.16666666666666666 
31.656141504329003 0.04241510009765624 84.46294580078124 0.13541666666666666 
30.729602813852807 0.0450087890625 85.85811889648437 0.13541666666666666 
29.871138528138527 0.049771484374999994 135.15242480468748 0.125 
30.402269480519475 0.04673870849609375 87.28176416015626 0.14583333333333334 
29.572483766233766 0.054006103515625 105.08173510742188 0.13541666666666666 
29.18934090909091 0.05432885742187499 166.1510205078125 0.125 
30.37660281385281 0.0475477294921875 122.27123315429688 0.125 
28.333793290043285 0.06379388427734374 143.70278100585938 0.14583333333333334 
28.65329329004329 0.05972418212890625 142.43220153808593 0.14583333333333334 
29.52824864718615 0.05056921386718749 107.91183935546876 0.15625 
30.080674242424244 0.0534345703125 154.5989541015625 0.11458333333333333 
30.545605790043293 0.045390991210937495 89.38456323242187 0.15625 
29.055796266233767 0.054085693359375 159.5804093017578 0.14583333333333334 
30.06793614718614 0.04719177246093749 91.62336169433594 0.13541666666666666 
29.88190043290043 0.04995550537109375 92.82843811035157 0.14583333333333334 
30.581269480519477 0.0457064208984375 86.39683654785156 0.14583333333333334 
31.099936147186146 0.0452637939453125 100.00542041015625 0.125 
28.88218614718615 0.06174066162109375 121.4250516357422 0.13541666666666666 
29.749686147186146 0.050831359863281245 93.074025390625 0.13541666666666666 
30.94941233766234 0.04557659912109375 117.35782714843751 0.125 
29.333248647186146 0.05288800048828125 123.55787695312502 0.13541666666666666 
31.478105790043287 0.04419781494140625 99.64231298828125 0.125 
31.420248647186146 0.04284613037109375 85.05471179199219 0.13541666666666666 
29.28918614718615 0.06324877929687499 115.90693176269531 0.125 
30.96345995670996 0.04389495849609375 85.30006896972657 0.13541666666666666 
29.93668614718614 0.048791870117187504 92.0197548828125 0.13541666666666666 
29.93924567099567 0.04847991943359375 109.46609838867188 0.14583333333333334 
29.631852813852817 0.051447021484375 143.035009765625 0.125 
30.342924242424242 0.052032653808593746 126.69434912109375 0.11458333333333333 
29.10068614718615 0.055636474609375 149.92966186523438 0.125 
29.779769480519484 0.05619781494140626 128.8169002685547 0.11458333333333333 
30.146436147186144 0.04822406005859374 90.03701916503907 0.14583333333333334 
30.278564123376622 0.046333129882812504 110.8703536376953 0.16666666666666666 
30.104751623376625 0.047094055175781246 108.34626904296874 0.14583333333333334 
28.57901948051948 0.06614538574218749 163.34427575683594 0.11458333333333333 
29.111689123376625 0.054093811035156245 169.9235263671875 0.13541666666666666 
28.982412337662332 0.06527917480468749 123.56490112304687 0.125 
29.21653436147186 0.055179504394531245 109.44893505859375 0.15625 
31.129412337662338 0.04366839599609375 102.1503818359375 0.13541666666666666 
28.67318912337662 0.05747979736328124 161.33203955078125 0.15625 
29.76162662337662 0.04994140625 125.71287841796875 0.14583333333333334 
30.00654329004329 0.049503784179687496 107.24664343261719 0.125 
30.136436147186146 0.04854266357421875 104.47639050292969 0.125 
29.646293290043293 0.0532855224609375 93.09212976074218 0.14583333333333334 
29.464769480519482 0.05686846923828125 147.99979248046876 0.11458333333333333 
30.71584090909091 0.051033020019531236 122.36150402832033 0.11458333333333333 
29.117900432900434 0.05827410888671873 109.96045690917967 0.13541666666666666 
29.29776948051948 0.060322998046875 130.53470544433594 0.11458333333333333 
29.527852813852814 0.05585998535156249 174.650783203125 0.11458333333333333 
28.884061147186152 0.05885180664062499 122.92395349121094 0.15625 
28.554439123376625 0.05859185791015625 162.07309143066408 0.14583333333333334 
29.365936147186147 0.0544256591796875 105.87194079589844 0.13541666666666666 
29.534198051948056 0.0579735107421875 129.42770837402344 0.11458333333333333 
28.861686147186145 0.0571929931640625 129.43440856933594 0.14583333333333334 
29.816733766233767 0.05080883789062499 122.17620703125 0.125 
29.193248647186145 0.05238671874999999 127.56628662109377 0.15625 
29.201275432900434 0.05604742431640625 128.8073358154297 0.13541666666666666 
30.350272456709956 0.045613647460937504 89.84427770996093 0.13541666666666666 
31.08791233766234 0.0494892578125 122.96630993652343 0.11458333333333333 
29.210126623376624 0.05409417724609374 156.30354064941406 0.13541666666666666 
30.319245670995667 0.04632525634765624 107.78860803222656 0.14583333333333334 
29.943221861471862 0.05049176025390624 106.83454382324219 0.125 
29.81623376623377 0.052228759765625 92.65422265625 0.13541666666666666 
29.586797889610388 0.05547399902343749 201.32259851074218 0.11458333333333333 
28.614378246753244 0.05900396728515624 189.6826484375 0.13541666666666666 
29.736232413419913 0.05096026611328125 162.84750378417968 0.125 
28.575338474025973 0.06063909912109374 195.77523815917968 0.125 
29.190940746753245 0.05841162109374999 187.2790926513672 0.11458333333333333 
29.999416937229437 0.053741455078125 182.0231610107422 0.11458333333333333 
29.461059253246752 0.05627081298828125 184.26773413085937 0.11458333333333333 
29.111961580086575 0.05516870117187499 150.9546356201172 0.13541666666666666 
28.304628246753246 0.06139471435546875 172.27543518066403 0.13541666666666666 
29.616244318181817 0.05192138671875 143.987123046875 0.125 
28.229253246753245 0.067641845703125 175.76573449707027 0.125 
29.2882591991342 0.052558532714843745 172.1684005126953 0.14583333333333334 
28.392309794372295 0.06689312744140624 190.22111181640622 0.11458333333333333 
28.317315746753245 0.07101647949218749 175.18194311523436 0.11458333333333333 
31.86401217532467 0.04223486328125 111.17080102539062 0.14583333333333334 
29.293080627705628 0.05300506591796874 134.44380895996096 0.14583333333333334 
28.73541396103896 0.058543151855468746 169.78225915527344 0.14583333333333334 
28.80110146103896 0.05911108398437499 149.32925939941404 0.125 
28.730327651515147 0.06102014160156251 187.34963928222655 0.11458333333333333 
30.659774080086578 0.05072088623046874 168.11606237792967 0.11458333333333333 
28.652857413419916 0.06060125732421874 150.38812280273436 0.125 
28.834399080086577 0.061820434570312485 148.40187951660155 0.11458333333333333 
30.16913122294372 0.052555480957031254 151.27440698242185 0.11458333333333333 
29.47978598484848 0.0568348388671875 148.17389916992187 0.11458333333333333 
29.254018127705628 0.05326739501953125 150.7752960205078 0.13541666666666666 
29.155232413419913 0.05451678466796874 165.43614489746093 0.125 
28.905149080086584 0.056852050781249996 183.32120361328123 0.125 
29.023506222943723 0.0589969482421875 183.08211291503906 0.11458333333333333 
28.22812824675325 0.06227081298828124 173.19805273437498 0.13541666666666666 
29.641232413419914 0.05128070068359375 144.99183325195312 0.125 
28.89012824675325 0.057767578124999996 150.64732873535155 0.13541666666666666 
28.63858658008658 0.061639221191406246 158.58606933593748 0.13541666666666666 
29.281785984848483 0.05835717773437499 147.01251916503907 0.11458333333333333 
29.45035741341991 0.052594970703125 130.93273974609374 0.13541666666666666 
29.505857413419914 0.05893823242187499 143.76101586914064 0.11458333333333333 
28.846101461038963 0.057579833984374995 202.53538879394532 0.125 
28.74464908008658 0.05891766357421875 203.27037890625 0.125 
28.953393127705624 0.05548699951171874 171.4650274658203 0.13541666666666666 
29.000268127705624 0.05537988281249999 151.3596424560547 0.14583333333333334 
29.197503246753246 0.055143127441406245 136.94634814453124 0.13541666666666666 
28.28869074675324 0.0627076416015625 188.99007580566405 0.125 
29.202482413419915 0.056240478515625004 146.77570483398438 0.125 
28.653232413419914 0.06293231201171874 149.69856701660154 0.11458333333333333 
29.33723241341992 0.05304895019531251 181.55820349121095 0.125 
29.70036201298701 0.05041680908203124 164.93147436523435 0.13541666666666666 
30.676602002164504 0.04464874267578125 133.57941577148438 0.14583333333333334 
31.005561147186143 0.04546282958984375 115.46711657714843 0.125 
30.999013528138526 0.0467548828125 101.84700366210937 0.125 
31.453823051948053 0.050259094238281246 112.36873767089844 0.11458333333333333 
31.267912337662334 0.04899700927734375 97.60327478027342 0.125 
29.82455546536796 0.0561094970703125 156.25619067382812 0.11458333333333333 
32.38161471861472 0.043335632324218755 95.55351708984375 0.125 
29.767210227272734 0.04969183349609375 125.95566638183594 0.14583333333333334 
30.631482954545454 0.05131158447265625 103.36107080078125 0.125 
31.275180194805195 0.042821960449218745 104.691525390625 0.14583333333333334 
31.615846861471862 0.0490660400390625 112.39401000976562 0.11458333333333333 
32.28441829004329 0.047675048828125 111.36956433105468 0.11458333333333333 
28.870001893939396 0.06277191162109375 147.17435180664063 0.125 
30.810418290043287 0.044036865234375 115.47218139648437 0.14583333333333334 
30.75559090909091 0.046612304687499995 127.85431909179688 0.125 
30.423811147186143 0.055703857421875 119.16803063964844 0.11458333333333333 
31.132989989177485 0.04361230468749999 100.68854296875 0.14583333333333334 
31.923465909090908 0.04260052490234374 81.19612036132813 0.13541666666666666 
30.996602813852814 0.0498983154296875 131.52193078613283 0.11458333333333333 
31.51480817099567 0.043202392578125 83.12732238769532 0.15625 
31.0970045995671 0.050189575195312496 98.6848670654297 0.125 
31.28634090909091 0.05301513671875 117.85020617675781 0.11458333333333333 
29.203245941558443 0.053690917968749995 142.0758767089844 0.14583333333333334 
32.19444805194805 0.041621765136718746 98.69258654785156 0.13541666666666666 
32.48848971861472 0.04163470458984375 80.48323583984376 0.13541666666666666 
29.9676295995671 0.055898864746093756 105.53291821289062 0.125 
31.240680194805197 0.044893859863281246 115.28738317871094 0.125 
31.091736742424246 0.043845458984374995 100.38198120117187 0.13541666666666666 
31.028111742424244 0.043680847167968745 103.90325097656249 0.15625 
31.505471861471857 0.04496185302734375 96.58216687011718 0.125 
30.89102867965368 0.04473016357421875 101.6562498779297 0.13541666666666666 
30.891576298701295 0.04578576660156249 116.1098486328125 0.125 
31.123600108225105 0.04321752929687499 105.2074608154297 0.15625 
32.19572781385282 0.04151629638671874 84.71808947753907 0.14583333333333334 
28.60399296536797 0.058195556640625 185.77779626464843 0.14583333333333334 
31.540965909090907 0.04404779052734375 114.66826501464843 0.125 
30.919412337662333 0.05414440917968749 114.077673828125 0.11458333333333333 
30.063097132034635 0.0540989990234375 151.06160546875 0.11458333333333333 
31.285070075757574 0.04443829345703125 82.58235839843749 0.14583333333333334 
28.849477272727274 0.055699951171875005 188.74854919433596 0.14583333333333334 
30.322522727272723 0.052532165527343744 132.81701892089842 0.11458333333333333 
31.461736742424243 0.04364544677734375 81.81815917968751 0.13541666666666666 
29.141668560606057 0.06202069091796876 142.5111982421875 0.11458333333333333 
29.465091179653676 0.05096063232421875 172.0091717529297 0.13541666666666666 
31.85739448051948 0.044126220703124996 96.34668786621094 0.125 
28.844189393939395 0.05842102050781249 160.7701981201172 0.14583333333333334 
29.276341179653677 0.0525650634765625 147.84077172851562 0.14583333333333334 
31.873424242424242 0.04261151123046875 81.14383752441407 0.14583333333333334 
29.165262987012987 0.05355456542968749 176.91464526367187 0.14583333333333334 
30.46470427489178 0.04549395751953126 106.97422302246095 0.14583333333333334 
30.288180194805193 0.046395202636718744 146.08172546386717 0.14583333333333334 
29.89862364718615 0.060565917968749994 123.29367944335937 0.11458333333333333 
30.475290584415585 0.0518095703125 132.25955822753906 0.11458333333333333 
30.52075974025974 0.05160382080078124 138.11017749023438 0.11458333333333333 
31.41375378787879 0.0493035888671875 130.05071423339842 0.11458333333333333 
29.733908549783553 0.05588262939453126 162.26381738281248 0.11458333333333333 
29.83390854978355 0.05466094970703124 139.1337294921875 0.11458333333333333 
29.9199650974026 0.05421099853515625 149.10807604980468 0.11458333333333333 
29.7887895021645 0.05232720947265625 126.99245043945312 0.125 
30.192465097402597 0.053389831542968745 137.96918591308594 0.11458333333333333 
29.547337121212127 0.0567127685546875 173.93626135253908 0.11458333333333333 
29.539399621212123 0.05251910400390626 149.25815234375 0.125 
31.78009604978355 0.0479300537109375 136.33581811523436 0.11458333333333333 
30.700857954545448 0.05136492919921874 136.48420166015626 0.11458333333333333 
30.47379843073593 0.05181988525390625 147.96482958984376 0.11458333333333333 
29.81340854978355 0.05091455078125 137.08162963867187 0.125 
30.99369128787879 0.05066711425781249 132.09766845703126 0.11458333333333333 
