31.12590340909091 0.06208685302734376 113.89880716959635 0.14583333333333334 
31.010451028138526 0.0593555908203125 133.49432568359373 0.13541666666666666 
30.791936147186142 0.06812835693359375 183.37211877441408 0.11458333333333333 
31.512406385281384 0.056016357421874996 108.01851973470052 0.14583333333333334 
31.577049242424245 0.06322076416015625 102.18622237141926 0.14583333333333334 
31.39880221861472 0.056080932617187496 122.75728588867186 0.13541666666666666 
31.41971888528139 0.0591146240234375 175.60410123697915 0.11458333333333333 
32.03857305194805 0.04694342041015625 154.65619079589845 0.13541666666666666 
31.944540313852816 0.054291687011718735 110.5601962890625 0.13541666666666666 
33.457936147186146 0.04738543701171875 127.80360412597656 0.13541666666666666 
32.5741001082251 0.051627868652343756 176.20168908691406 0.11458333333333333 
32.10528165584416 0.05495245361328125 152.25326708984375 0.11458333333333333 
32.73001082251083 0.052173522949218745 125.71650463867186 0.125 
33.270102813852816 0.05193743896484374 139.8409541015625 0.125 
32.49246888528138 0.05272991943359375 139.79946557617188 0.11458333333333333 
33.61911174242424 0.0450333251953125 96.91249084472656 0.13541666666666666 
33.790959956709955 0.0492034912109375 135.89746875 0.125 
33.906397727272726 0.052026062011718756 154.86243115234373 0.11458333333333333 
30.56209090909091 0.062173645019531244 197.55531083170573 0.14583333333333334 
29.162367965367963 0.08343115234375001 188.18177006022134 0.125 
29.39499891774892 0.09992602539062499 228.1549548339844 0.11458333333333333 
29.662829004329 0.07041394042968749 220.1404960123698 0.13541666666666666 
29.4443795995671 0.08459429931640625 300.44749987792966 0.11458333333333333 
29.65719805194805 0.0769276123046875 158.98267923990886 0.13541666666666666 
29.746246753246748 0.082087158203125 214.92689912923177 0.125 
29.725801406926404 0.08899523925781251 221.04222436523438 0.11458333333333333 
30.45743831168831 0.060110046386718755 177.56777514648437 0.17708333333333334 
29.92902840909091 0.07207159423828124 161.49890291341146 0.15625 
29.69956926406926 0.06489318847656249 162.55685880533855 0.13541666666666666 
30.16596158008658 0.07100231933593751 257.82325463867187 0.125 
29.944339015151513 0.07457604980468749 219.11733740234374 0.125 
30.013391504329007 0.08864849853515626 299.51689392089844 0.11458333333333333 
30.1980045995671 0.0958275146484375 186.19093420410155 0.125 
30.728724025974024 0.055231994628906246 132.49028552246094 0.17708333333333334 
30.70610091991342 0.0587310791015625 163.06069189453123 0.17708333333333334 
30.513965097402597 0.06617065429687499 142.08884643554688 0.15625 
30.288049242424243 0.06295361328125 149.44426354980467 0.14583333333333334 
30.44116856060606 0.06448272705078124 199.47877294921875 0.13541666666666666 
30.266489718614718 0.066056640625 241.79595642089845 0.125 
30.308449134199133 0.06836895751953123 157.17456994628907 0.13541666666666666 
30.225531385281386 0.06992889404296875 240.279705851237 0.11458333333333333 
30.311779761904763 0.08832830810546874 211.67675292968752 0.11458333333333333 
30.456697240259746 0.10284051513671874 198.25446142578124 0.11458333333333333 
30.469739718614722 0.11364666748046877 190.55985648600262 0.11458333333333333 
30.89153354978355 0.05873333740234375 125.65841516113281 0.16666666666666666 
30.714980790043292 0.0601043701171875 132.3897987060547 0.14583333333333334 
30.528129599567098 0.0621724853515625 217.97073876953124 0.125 
30.524565205627702 0.0728155517578125 204.98859204101564 0.11458333333333333 
30.468724837662336 0.0716124267578125 119.60772517903646 0.13541666666666666 
30.296948051948057 0.06973944091796876 133.94889721679687 0.125 
31.111785443722944 0.06420013427734375 117.08546032714844 0.15625 
30.603326028138532 0.06158135986328126 157.8121998291016 0.125 
30.695462932900433 0.06571856689453123 130.85905895996092 0.13541666666666666 
30.731862824675325 0.06941900634765626 176.37778051757812 0.11458333333333333 
30.63743831168831 0.081693359375 152.6507853597005 0.11458333333333333 
31.242244859307355 0.051676513671875 132.79037414550783 0.14583333333333334 
31.283631764069263 0.050053466796875 118.78510595703126 0.14583333333333334 
31.040808982683984 0.055499755859375 143.23434948730468 0.13541666666666666 
30.817094967532466 0.05590155029296875 156.29546350097655 0.125 
31.308870670995667 0.05752020263671874 135.31525655110676 0.13541666666666666 
30.944437229437234 0.087330810546875 142.93358829752603 0.11458333333333333 
31.719641504329 0.05457482910156249 106.9290791015625 0.14583333333333334 
31.492644209956712 0.051074462890625005 134.50689855957032 0.13541666666666666 
30.71906331168831 0.060018615722656245 118.09206876627604 0.125 
31.581242694805194 0.06976995849609376 110.78489916992189 0.13541666666666666 
30.86896996753247 0.06148840332031249 147.46331420898437 0.11458333333333333 
32.20737067099567 0.0456724853515625 95.23884313964842 0.15625 
31.98922294372294 0.04629522705078125 95.75631616210936 0.14583333333333334 
31.947606872294376 0.05573126220703125 109.12967517089842 0.13541666666666666 
31.95369534632034 0.05869439697265625 170.40861645507812 0.11458333333333333 
31.167942099567096 0.06364660644531249 145.52117932128905 0.11458333333333333 
32.118702110389606 0.04958197021484374 108.28604431152343 0.13541666666666666 
31.700239718614718 0.052893371582031244 120.30320214843749 0.125 
32.133121753246755 0.048726806640625 90.36809313964845 0.13541666666666666 
32.02533198051948 0.0582625732421875 110.53617964680988 0.125 
32.0894402056277 0.0636661376953125 134.60973034667967 0.11458333333333333 
30.350609848484844 0.070687744140625 228.41305704752602 0.11458333333333333 
31.277526515151514 0.05110369873046875 151.23218835449217 0.13541666666666666 
30.00309604978355 0.064888427734375 188.91927933756511 0.14583333333333334 
30.500296536796533 0.08147235107421874 215.5918590901693 0.11458333333333333 
29.804405573593073 0.08983514404296875 209.18487601725258 0.11458333333333333 
30.408860930735933 0.06075500488281249 213.09677502441406 0.13541666666666666 
31.50524891774892 0.056357177734375 153.22654528808596 0.125 
31.653510551948052 0.054768920898437504 119.33376017252604 0.13541666666666666 
30.349857954545456 0.07782452392578125 220.4845449625651 0.11458333333333333 
31.495318181818185 0.0577305908203125 135.3071994222005 0.125 
30.715291396103897 0.05675579833984375 138.33346350097656 0.13541666666666666 
29.86458387445888 0.08444970703125 315.52973388671876 0.11458333333333333 
30.710729978354983 0.06365130615234375 138.8777344156901 0.13541666666666666 
30.536106060606063 0.09205218505859374 201.56128063964843 0.11458333333333333 
31.959723755411254 0.05084234619140624 115.42310546875001 0.15625 
31.487165313852813 0.05235601806640625 135.60558752441403 0.13541666666666666 
32.10892721861472 0.050621276855468744 124.39948571777344 0.13541666666666666 
32.85400784632035 0.051955810546874995 140.44558435058593 0.125 
