32.36190963203463 0.0432352294921875 120.26322521972656 0.16666666666666666 
32.015332251082256 0.043865234375 114.99119323730469 0.13541666666666666 
28.35953138528139 0.0770911865234375 217.58268790690104 0.11458333333333333 
29.313025703463204 0.05243749999999999 160.3961915690104 0.14583333333333334 
30.02531737012987 0.05331597900390626 136.15214123535156 0.125 
29.998635822510824 0.05062396240234375 136.16504557291665 0.13541666666666666 
29.394216179653675 0.05344342041015625 166.91369999186202 0.13541666666666666 
29.995049512987016 0.050424377441406244 143.38685522460938 0.13541666666666666 
28.813650703463203 0.06223962402343749 176.74657877604164 0.125 
30.50665936147186 0.05113018798828124 135.56240173339845 0.125 
29.636361742424242 0.05442498779296875 151.18170153808595 0.125 
29.55844507575757 0.059454162597656256 171.47766040039062 0.11458333333333333 
29.30811498917749 0.0619273681640625 162.7732373453776 0.11458333333333333 
29.958799512987014 0.049674255371093747 150.91928124999998 0.13541666666666666 
29.540585227272732 0.0517552490234375 152.30862125651043 0.14583333333333334 
30.146478084415584 0.04912078857421875 141.9607694091797 0.13541666666666666 
29.039126893939397 0.0622640380859375 180.98803727213541 0.11458333333333333 
28.801359036796537 0.0556552734375 173.28122635904947 0.14583333333333334 
29.82792424242424 0.054018371582031245 140.5571766357422 0.125 
29.360153679653678 0.06098590087890624 184.22198990885417 0.11458333333333333 
29.974484036796536 0.05286614990234374 143.74844205729167 0.125 
28.666302218614714 0.06097863769531249 181.32273185221354 0.125 
29.61603436147186 0.05232012939453125 163.2362899169922 0.13541666666666666 
29.921912337662338 0.054781982421875 139.8420713297526 0.125 
29.254739718614722 0.053075744628906255 152.9321298014323 0.14583333333333334 
29.140853084415586 0.05915374755859374 160.64845853678386 0.125 
30.091939393939395 0.05613909912109375 159.87394531249998 0.11458333333333333 
29.844945346320344 0.05078985595703125 148.50306884765627 0.13541666666666666 
29.601671536796538 0.05109405517578125 141.91371537272136 0.14583333333333334 
31.141837932900433 0.048969360351562505 132.89157360839846 0.125 
29.562668560606063 0.05342938232421875 148.81779349772137 0.13541666666666666 
29.749692370129868 0.05079425048828125 134.10201713053385 0.14583333333333334 
29.53292424242424 0.051263366699218736 166.42650366210935 0.14583333333333334 
29.12037689393939 0.056793457031249994 171.85093212890627 0.125 
28.634070075757574 0.06277172851562499 178.82536478678384 0.13541666666666666 
29.776284632034628 0.049151062011718746 154.95094519042968 0.14583333333333334 
29.90235606060606 0.05313519287109374 140.97894140625 0.125 
30.301778409090907 0.05177130126953124 139.64194812011718 0.125 
30.171522727272723 0.05191241455078124 141.35363854980469 0.125 
29.981867694805196 0.060821716308593746 156.79618188476564 0.11458333333333333 
30.042180194805194 0.0488690185546875 150.26181665039064 0.13541666666666666 
30.38058522727273 0.04662499999999999 124.5991142578125 0.14583333333333334 
29.305213203463204 0.06476531982421875 168.07572538248698 0.11458333333333333 
29.09641856060606 0.057325073242187496 187.34241503906247 0.13541666666666666 
29.38686498917749 0.06149444580078125 170.31596500651042 0.11458333333333333 
29.993221861471863 0.0582950439453125 160.94951879882814 0.11458333333333333 
29.77510903679654 0.049475402832031244 139.2221993815104 0.14583333333333334 
29.29016856060606 0.05204162597656249 167.41224279785155 0.14583333333333334 
29.392239718614725 0.05219915771484375 160.72240714518227 0.14583333333333334 
29.78391856060606 0.049052551269531244 147.74204443359372 0.14583333333333334 
29.238189393939393 0.0565892333984375 157.07476285807292 0.125 
28.37198403679654 0.06702233886718749 199.74551627604166 0.11458333333333333 
29.855734036796537 0.058876708984375005 167.44206774902344 0.11458333333333333 
29.01417153679654 0.05555834960937499 168.54490287272137 0.14583333333333334 
29.012772727272726 0.0627484130859375 181.3994064127604 0.11458333333333333 
30.636716179653682 0.0469752197265625 129.5784462890625 0.13541666666666666 
30.13189475108225 0.04747460937499999 135.35392053222654 0.14583333333333334 
29.637668560606063 0.05026904296875 152.54845861816403 0.14583333333333334 
29.995272727272727 0.056679016113281244 160.7525018310547 0.11458333333333333 
29.055525703463207 0.054427429199218745 171.98234806315105 0.14583333333333334 
29.561359036796535 0.05103057861328125 151.57168766276044 0.14583333333333334 
29.628650703463205 0.05405865478515624 155.31743595377606 0.125 
28.5999007034632 0.0637947998046875 177.03606705729166 0.125 
29.359067370129868 0.05582073974609375 143.1346797281901 0.14583333333333334 
28.98443939393939 0.05786895751953125 172.94032360839844 0.125 
28.780376893939394 0.06357073974609376 196.8288076171875 0.11458333333333333 
29.34305817099567 0.05393878173828125 166.41153812662762 0.13541666666666666 
29.72397808441558 0.0498470458984375 148.69334033203126 0.14583333333333334 
30.709186417748917 0.05005267333984374 133.85546875 0.125 
30.134367694805196 0.04965838623046875 142.48678747558594 0.13541666666666666 
29.661314393939392 0.0496234130859375 148.80122900390626 0.14583333333333334 
29.71457332251082 0.05223468017578124 136.96672123209635 0.13541666666666666 
29.84543641774892 0.05343695068359374 151.749193359375 0.125 
28.52385903679654 0.0580438232421875 176.65660611979166 0.14583333333333334 
30.268189393939394 0.051372497558593744 140.47508203125 0.125 
29.50975189393939 0.053730712890625 142.16658878580728 0.13541666666666666 
30.05894534632035 0.05020111083984376 131.67867285156248 0.13541666666666666 
30.193055465367962 0.05151483154296874 140.46554516601563 0.125 
31.131142586580086 0.04522125244140625 133.18405041503905 0.14583333333333334 
30.09618046536796 0.048214172363281245 126.10907263183593 0.14583333333333334 
28.9961507034632 0.0629012451171875 178.49746903483071 0.11458333333333333 
29.466731060606058 0.05229406738281249 141.54538260904948 0.14583333333333334 
29.392251893939395 0.0516854248046875 152.69897574869793 0.14583333333333334 
29.418501893939396 0.05470306396484374 157.5746396891276 0.13541666666666666 
30.233382846320346 0.04977130126953125 130.67293688964844 0.13541666666666666 
29.115421536796532 0.05347039794921875 153.40209379069012 0.14583333333333334 
31.285123917748916 0.045848449707031246 107.98634851074218 0.13541666666666666 
29.811239989177487 0.05169476318359375 136.08816471354166 0.13541666666666666 
29.029174242424244 0.060212097167968735 162.37712866210939 0.125 
29.303144751082254 0.052896545410156245 167.0551514892578 0.14583333333333334 
29.47533225108225 0.06007861328124999 172.24498229980466 0.11458333333333333 
30.586686417748915 0.04608026123046875 130.39735437011717 0.14583333333333334 
30.213561417748917 0.047197265625 135.11263146972655 0.14583333333333334 
30.135793560606054 0.052059692382812495 140.0194639892578 0.125 
29.430558170995674 0.053790771484375 156.34877628580728 0.13541666666666666 
29.497043560606063 0.05481964111328126 151.65166552734377 0.125 
29.553338203463206 0.05294036865234375 149.3222393798828 0.13541666666666666 
29.68582332251082 0.05129290771484375 154.0945294596354 0.13541666666666666 
29.105778679653678 0.05556665039062499 168.75388810221355 0.13541666666666666 
29.969401515151514 0.057358703613281235 191.57445397949215 0.11458333333333333 
33.43273782467533 0.042256103515625 115.33316223144533 0.14583333333333334 
30.97005627705628 0.047767700195312505 155.1762120361328 0.125 
31.173118777056278 0.05099188232421874 148.19262963867186 0.11458333333333333 
31.217407467532475 0.045232177734375 130.9115047607422 0.14583333333333334 
31.102336038961038 0.04684887695312499 132.45254626464845 0.13541666666666666 
31.094815205627707 0.046780700683593746 132.49229956054688 0.13541666666666666 
31.184734848484844 0.05020135498046875 147.4057150878906 0.11458333333333333 
31.469216991341987 0.044589111328125 116.77164294433594 0.14583333333333334 
30.257496753246755 0.05495135498046875 188.5020478515625 0.11458333333333333 
31.060056277056276 0.05092736816406249 164.84670837402342 0.11458333333333333 
31.34302949134199 0.04483294677734374 117.30258471679689 0.14583333333333334 
31.849556277056273 0.049586853027343746 145.62540991210938 0.11458333333333333 
31.652681277056274 0.04530487060546874 130.49661791992185 0.13541666666666666 
31.00046103896104 0.05104107666015625 165.40339770507813 0.11458333333333333 
31.259716991341993 0.044211120605468744 133.77416040039063 0.14583333333333334 
30.854252705627705 0.046923461914062506 149.82706481933593 0.13541666666666666 
31.33311282467532 0.04475836181640625 117.77071520996094 0.14583333333333334 
31.548336038961036 0.04434381103515625 114.16469372558593 0.14583333333333334 
31.41330627705628 0.04996282958984375 147.28071228027343 0.11458333333333333 
31.069059253246753 0.0465897216796875 140.34552111816407 0.13541666666666666 
31.375966991341993 0.04456848144531249 117.67763806152344 0.14583333333333334 
31.01193425324675 0.046498657226562504 118.64718176269531 0.14583333333333334 
30.954764610389606 0.04580584716796875 129.7480560302734 0.14583333333333334 
31.087559253246752 0.045593749999999995 117.1810965576172 0.14583333333333334 
30.547586038961036 0.0487801513671875 162.55073571777345 0.13541666666666666 
31.07171103896104 0.050833801269531256 164.51877416992187 0.11458333333333333 
31.120913419913414 0.04526446533203125 133.15801000976563 0.14583333333333334 
30.792127705627706 0.05181994628906249 165.4393592529297 0.11458333333333333 
31.134746753246752 0.04600445556640625 140.068591796875 0.13541666666666666 
30.818627705627705 0.05141271972656249 165.2271912841797 0.11458333333333333 
30.515984848484845 0.05304058837890625 184.63799536132814 0.11458333333333333 
31.28105627705628 0.0481031494140625 155.00165295410156 0.125 
30.511068181818178 0.053208251953124994 166.10524206542968 0.11458333333333333 
30.394014610389615 0.048640075683593756 163.49270458984375 0.13541666666666666 
31.064931277056274 0.0452850341796875 117.41879138183593 0.14583333333333334 
30.855100919913422 0.046039672851562505 135.53356384277345 0.14583333333333334 
30.995461038961036 0.051545410156250006 148.73729626464845 0.11458333333333333 
31.45614853896104 0.04496563720703124 114.44066198730468 0.14583333333333334 
31.534779491341986 0.04442572021484374 116.78805834960939 0.14583333333333334 
31.19900270562771 0.04630895996093749 131.98272937011717 0.13541666666666666 
31.452681277056275 0.04568084716796875 131.75261853027342 0.13541666666666666 
30.98728841991342 0.046716186523437495 146.24665075683595 0.13541666666666666 
30.939806277056277 0.05133459472656249 165.36123474121095 0.11458333333333333 
31.142621753246754 0.046530090332031246 132.1915070800781 0.13541666666666666 
30.94916341991342 0.049535766601562496 149.8652401123047 0.125 
31.02630627705628 0.0511346435546875 165.22503649902345 0.11458333333333333 
30.796056277056277 0.05502935791015624 150.41448864746093 0.11458333333333333 
31.288871753246752 0.045200500488281246 117.64857641601563 0.14583333333333334 
31.271877705627702 0.048587158203124994 150.2957548421224 0.125 
31.385538419913416 0.04428924560546875 116.89257299804687 0.14583333333333334 
31.239252705627706 0.04497570800781249 130.9289686279297 0.14583333333333334 
30.552246753246756 0.052579284667968754 165.35863647460937 0.11458333333333333 
30.38206818181818 0.05443286132812499 168.75761511230468 0.11458333333333333 
30.90349675324675 0.045993652343750004 133.9490408935547 0.14583333333333334 
30.888002705627706 0.046716186523437495 149.44873669433593 0.13541666666666666 
31.145788419913423 0.04448919677734375 133.47395678710936 0.14583333333333334 
32.23080032467533 0.043240234375000006 132.8063406982422 0.14583333333333334 
31.131219967532466 0.045801025390625 115.55539636230469 0.14583333333333334 
31.6450027056277 0.04380389404296875 113.69487683105469 0.14583333333333334 
31.04196103896104 0.05139111328125 164.70127722167967 0.11458333333333333 
30.47446103896104 0.0532694091796875 166.41215759277344 0.11458333333333333 
31.25143127705628 0.04635968017578125 129.46113122558594 0.13541666666666666 
31.31547591991342 0.045053833007812495 115.9026258544922 0.14583333333333334 
31.56721699134199 0.044181884765625005 116.55947497558594 0.14583333333333334 
30.60261877705627 0.048134033203124996 141.61829626464845 0.13541666666666666 
31.306862824675324 0.04496563720703124 118.06652905273438 0.14583333333333334 
31.01353841991342 0.045246520996093754 135.864080078125 0.14583333333333334 
30.968136634199134 0.0454610595703125 131.6669632568359 0.14583333333333334 
30.933139610389606 0.04526763916015625 133.5420428466797 0.14583333333333334 
30.483273809523816 0.05478436279296874 115.33553344726562 0.15625 
30.64294047619047 0.054046142578125 113.98583666992187 0.14583333333333334 
31.237738095238093 0.0508480224609375 111.44024340820312 0.14583333333333334 
30.896523809523806 0.052346435546875 112.55058081054688 0.14583333333333334 
30.77790476190476 0.05339874267578125 112.44896752929687 0.14583333333333334 
31.03982142857143 0.05142895507812499 113.9602775878906 0.14583333333333334 
30.311714285714288 0.05433489990234375 125.42296166992188 0.15625 
30.445869047619045 0.057775146484375 135.04090454101564 0.125 
30.93857142857143 0.051828979492187496 115.22778491210937 0.14583333333333334 
31.011571428571425 0.054172668457031246 121.08775512695313 0.13541666666666666 
32.975750811688314 0.043062011718749994 97.22634008789062 0.14583333333333334 
32.13989366883117 0.043709594726562495 89.86081005859374 0.14583333333333334 
31.645256764069266 0.04959790039062499 103.06524658203124 0.125 
32.147423430735934 0.04471563720703124 104.204564453125 0.13541666666666666 
31.332637716450215 0.052033813476562496 141.3522178955078 0.11458333333333333 
31.08254247835498 0.0501656494140625 121.67616955566407 0.125 
30.639125811688313 0.05381744384765626 125.32661682128906 0.13541666666666666 
30.52670914502164 0.056142028808593744 131.14120764160157 0.125 
30.621090097402593 0.05436132812500001 126.50754296875002 0.13541666666666666 
31.187125811688315 0.0492867431640625 121.84875549316408 0.125 
30.978971049783546 0.054495178222656246 159.0140411376953 0.11458333333333333 
31.009006764069266 0.048995849609374996 124.84377502441407 0.13541666666666666 
30.717459145021643 0.05377172851562499 123.09635937499999 0.125 
30.50096509740259 0.05470721435546875 127.76634582519532 0.13541666666666666 
30.66037581168831 0.05435736083984375 133.87489758300782 0.125 
30.789959145021648 0.052857910156249986 129.70452893066408 0.125 
31.21870914502164 0.049047119140625 131.27289892578125 0.125 
30.679125811688312 0.05395739746093751 123.24811425781252 0.125 
31.400042478354976 0.04830926513671875 139.13171557617187 0.125 
30.8460900974026 0.05058752441406249 125.18990295410157 0.13541666666666666 
30.83587581168831 0.05228247070312501 129.3181915283203 0.125 
30.991625811688312 0.049885009765624995 122.31959484863282 0.125 
31.31370914502164 0.04847161865234374 121.1589833984375 0.125 
30.84704247835498 0.051167846679687504 122.4262667236328 0.125 
31.731090097402596 0.04617889404296875 105.68664367675781 0.13541666666666666 
31.014959145021646 0.048926086425781244 145.86681420898435 0.125 
