30.16666747835498 0.0535609130859375 115.34065454101561 0.13541666666666666 
29.773939393939393 0.05570587158203124 168.76180834960937 0.11458333333333333 
29.679926406926405 0.05061602783203124 132.49288513183595 0.15625 
30.30634117965368 0.04865069580078124 104.52659155273437 0.14583333333333334 
29.03729247835498 0.06004992675781249 138.02671374511718 0.13541666666666666 
29.51416260822511 0.05277655029296875 133.41596948242187 0.13541666666666666 
31.511834145021645 0.04449456787109375 126.86055004882812 0.125 
30.315935335497834 0.04713861083984375 130.36243029785157 0.13541666666666666 
29.92100676406926 0.04905804443359375 149.47499938964845 0.13541666666666666 
29.421872835497833 0.0559884033203125 122.13617114257814 0.14583333333333334 
28.838061417748918 0.058320068359375 171.2408112792969 0.13541666666666666 
30.621471049783555 0.048187499999999994 113.43330871582033 0.125 
29.324734036796535 0.056384765624999986 132.9092116699219 0.13541666666666666 
31.724602002164506 0.04190692138671874 96.68770629882812 0.14583333333333334 
30.0008768939394 0.05436260986328125 116.18066040039062 0.125 
30.81524296536797 0.04668719482421874 99.23795300292969 0.15625 
29.452985930735927 0.05153356933593749 185.08396765136717 0.14583333333333334 
30.673578192640697 0.04857904052734375 99.18745532226562 0.13541666666666666 
30.236876893939392 0.0515859375 102.40888952636718 0.14583333333333334 
30.486671536796536 0.050675109863281255 107.99444506835937 0.13541666666666666 
30.67312283549784 0.05029193115234374 99.90585034179688 0.13541666666666666 
28.363998917748916 0.06629150390625 181.11000732421874 0.14583333333333334 
30.00367153679654 0.051437622070312494 111.9647216796875 0.14583333333333334 
30.399602002164507 0.046497009277343744 132.88033520507813 0.14583333333333334 
29.761385822510825 0.05581622314453125 117.06784643554687 0.15625 
30.294704274891775 0.054869689941406244 129.2752629394531 0.11458333333333333 
30.041695346320346 0.04843994140624999 135.26860815429689 0.14583333333333334 
29.608305465367966 0.05706903076171874 127.97916088867187 0.125 
29.003078192640693 0.059721496582031255 150.21805102539062 0.13541666666666666 
30.197735930735927 0.053781311035156244 167.29693591308592 0.11458333333333333 
28.748229978354978 0.058200988769531246 154.55826110839843 0.14583333333333334 
30.33131439393939 0.04679180908203125 116.65751953125 0.14583333333333334 
29.35942153679654 0.05548913574218749 134.7128322753906 0.14583333333333334 
28.523171536796532 0.061098937988281234 180.51567651367188 0.14583333333333334 
28.930016774891772 0.06302972412109374 151.33551098632813 0.13541666666666666 
30.763721049783555 0.0463570556640625 115.52799975585938 0.13541666666666666 
31.299242965367966 0.044621032714843745 97.59367041015625 0.14583333333333334 
30.648482954545454 0.053159790039062495 128.95032275390625 0.11458333333333333 
29.65795725108225 0.05125195312499999 118.51400122070311 0.14583333333333334 
28.581604978354978 0.0595733642578125 168.1236220703125 0.14583333333333334 
28.977814393939394 0.05724542236328124 135.4470642089844 0.14583333333333334 
29.453209145021646 0.052282958984374996 168.63951025390625 0.13541666666666666 
31.38184902597403 0.04332098388671875 92.89507873535156 0.13541666666666666 
29.501530573593072 0.05392077636718749 164.25474609375 0.125 
29.036310335497838 0.056807617187500006 153.4718601074219 0.13541666666666666 
29.916992965367967 0.04888208007812499 116.96735961914061 0.14583333333333334 
31.215152597402597 0.044139404296875 113.08449145507811 0.13541666666666666 
29.41235010822511 0.05214166259765625 151.84402514648437 0.14583333333333334 
31.155506764069266 0.04558367919921875 108.60464538574217 0.125 
28.767810335497835 0.058450744628906245 154.63788989257813 0.13541666666666666 
29.93776271645022 0.05133563232421875 178.2493985595703 0.125 
31.151757846320344 0.04433209228515625 108.95630444335939 0.14583333333333334 
30.415387716450216 0.04829974365234375 141.47847692871093 0.125 
28.856533549783556 0.0639749755859375 189.51707946777344 0.11458333333333333 
29.690519751082252 0.05058972167968749 151.3772371826172 0.13541666666666666 
29.234686417748918 0.05408038330078124 169.42680615234377 0.13541666666666666 
29.54643939393939 0.058051025390625 169.08313696289062 0.11458333333333333 
29.30496212121212 0.05759844970703125 147.09703100585938 0.125 
29.50227462121212 0.05564111328125 146.65392749023437 0.125 
30.524064393939398 0.04866479492187499 99.61659936523438 0.15625 
29.31276975108225 0.05576971435546875 147.88853088378906 0.13541666666666666 
29.82391260822511 0.050795593261718744 130.9143806152344 0.13541666666666666 
31.3075156926407 0.04459393310546875 93.81905590820313 0.15625 
30.215149621212124 0.051350830078125 115.20695532226561 0.13541666666666666 
30.276399621212125 0.052361572265625 115.25620825195313 0.125 
31.815911525974023 0.04246209716796875 109.243275390625 0.13541666666666666 
29.397819264069263 0.057047363281249985 173.68714672851561 0.125 
30.507828192640694 0.05001922607421875 114.33980932617187 0.125 
30.25339962121212 0.05013250732421874 125.26268847656249 0.125 
28.863444264069265 0.05532025146484374 171.08721313476565 0.14583333333333334 
29.815314393939396 0.05339971923828124 112.48436840820312 0.14583333333333334 
29.915293560606063 0.05947442626953124 131.31014086914064 0.11458333333333333 
30.563006764069268 0.04770849609374999 124.34432409667968 0.125 
30.075292478354974 0.04796588134765625 131.20470922851564 0.13541666666666666 
31.246552489177486 0.04982586669921875 123.10909204101563 0.11458333333333333 
31.448677489177488 0.049074829101562495 129.45816772460938 0.11458333333333333 
29.780712121212126 0.052381591796875 145.22275708007814 0.125 
29.52095427489178 0.060877258300781244 147.7912947998047 0.11458333333333333 
29.308363906926406 0.052817138671875 152.22970935058595 0.15625 
29.79516856060606 0.05769201660156249 142.98453686523436 0.11458333333333333 
29.965091179653676 0.052186401367187496 126.12177270507811 0.125 
30.243510822510824 0.0526524658203125 148.1042907714844 0.11458333333333333 
28.995954274891773 0.061738769531249994 150.1850559082031 0.125 
29.425819264069265 0.05252435302734374 133.23978100585938 0.14583333333333334 
30.040903679653677 0.05469470214843749 149.02697094726562 0.11458333333333333 
28.423271645021646 0.061834716796875 198.34747912597658 0.14583333333333334 
29.74359117965368 0.05521868896484374 127.27855834960937 0.125 
29.015382846320346 0.05709606933593749 183.76165161132812 0.13541666666666666 
29.73658225108225 0.056299804687499996 118.51154565429687 0.13541666666666666 
29.112896645021646 0.054266662597656244 169.58513867187503 0.14583333333333334 
28.718727002164503 0.06315533447265623 169.55520239257814 0.125 
29.748468073593074 0.04949395751953124 153.53263806152341 0.14583333333333334 
31.01133198051948 0.045280639648437496 106.57775219726562 0.15625 
30.915242965367963 0.04537530517578124 98.19470922851562 0.13541666666666666 
31.221804383116886 0.04949707031249999 143.9304775390625 0.11458333333333333 
30.549113906926408 0.04743811035156249 111.48454040527342 0.14583333333333334 
29.0994770021645 0.05455133056640624 169.6237752685547 0.13541666666666666 
29.912381764069266 0.05398419189453124 117.51243591308592 0.13541666666666666 
29.24051082251082 0.05976824951171874 187.92360046386716 0.11458333333333333 
29.74140854978355 0.05035443115234375 131.93149633789062 0.14583333333333334 
29.257810335497833 0.05377532958984375 152.32888696289064 0.13541666666666666 
30.224494859307363 0.05886254882812499 132.8986076660156 0.11458333333333333 
30.994167478354978 0.04649884033203124 128.6714033203125 0.125 
30.478899621212122 0.04854119873046875 115.82106127929688 0.13541666666666666 
31.37443533549784 0.04500103759765625 97.67327233886718 0.125 
30.05316856060606 0.051340454101562495 145.16253649902342 0.125 
31.06645806277056 0.04942456054687498 163.5398858642578 0.11458333333333333 
28.386185335497835 0.06608026123046874 181.89699304199218 0.13541666666666666 
29.558982954545456 0.05513464355468749 128.89566931152342 0.13541666666666666 
29.29538176406926 0.05623870849609375 136.6923564453125 0.15625 
28.497899621212117 0.06145916748046874 176.43480700683594 0.14583333333333334 
29.565798430735935 0.05936608886718751 132.29037658691405 0.11458333333333333 
29.54431141774892 0.056206604003906244 201.54274654134116 0.11458333333333333 
28.793729978354975 0.06332537841796873 190.06418200683595 0.11458333333333333 
29.636881764069262 0.052106018066406246 162.39105684407554 0.13541666666666666 
30.740738906926413 0.04852264404296874 100.10537731933593 0.13541666666666666 
29.549250811688307 0.055110900878906244 163.69243636067708 0.125 
28.986650703463205 0.05858215332031249 194.81123799641927 0.11458333333333333 
30.37227462121212 0.04756958007812499 103.33802819824218 0.14583333333333334 
31.966779491341992 0.04801300048828124 131.06358056640624 0.11458333333333333 
29.69966747835498 0.06422760009765624 127.05621423339844 0.13541666666666666 
29.956959145021642 0.051300842285156245 162.1170782063802 0.125 
28.285530573593075 0.06807733154296874 194.01710717773437 0.14583333333333334 
28.036857683982685 0.07442065429687499 224.53565673828126 0.125 
31.06254247835498 0.04467175292968749 96.8162822265625 0.15625 
28.22393831168831 0.06831976318359374 192.87090209960937 0.11458333333333333 
28.98361093073593 0.06069702148437499 168.7003700764974 0.11458333333333333 
28.51892343073593 0.06473333740234374 200.1496981201172 0.11458333333333333 
29.270381764069263 0.05882318115234374 169.81518115234374 0.11458333333333333 
30.018518668831167 0.05071905517578125 111.8026201171875 0.14583333333333334 
29.480143668831168 0.05509478759765625 149.92431319173176 0.13541666666666666 
31.023030573593076 0.04670068359374999 109.63889892578125 0.125 
28.738805735930736 0.05966802978515624 168.916849609375 0.125 
29.33819561688312 0.05933477783203124 130.95246874999998 0.125 
28.662852002164506 0.06888958740234374 181.20726660156248 0.11458333333333333 
31.3428216991342 0.0490963134765625 130.57755017089843 0.11458333333333333 
29.06915854978355 0.05517419433593749 183.79173787434897 0.13541666666666666 
30.767494859307362 0.047527099609375 129.41558251953123 0.125 
28.59292478354978 0.060652770996093744 187.63054235839843 0.125 
29.891899621212122 0.05483148193359375 118.77306127929688 0.13541666666666666 
29.706750811688313 0.05457098388671874 145.72261946614583 0.125 
29.82425081168831 0.05760461425781249 148.20324922688803 0.11458333333333333 
30.362822240259742 0.05249188232421874 135.0709940185547 0.11458333333333333 
29.687494859307357 0.05111053466796874 164.94104231770834 0.14583333333333334 
29.30538176406926 0.05781671142578124 185.82192415364585 0.11458333333333333 
28.575706168831168 0.06197662353515624 171.73626049804687 0.13541666666666666 
29.074381764069265 0.06641851806640624 164.45434407552082 0.11458333333333333 
29.58800081168831 0.059351928710937495 158.0058778076172 0.11458333333333333 
29.164232954545458 0.06305560302734374 133.97555712890625 0.13541666666666666 
30.098715097402597 0.05707537841796874 136.37447106933595 0.11458333333333333 
30.744840097402594 0.04743737792968749 129.32256018066406 0.13541666666666666 
30.172494859307363 0.050747070312499996 152.0586094970703 0.125 
28.63002462121212 0.0659739990234375 155.84597216796874 0.13541666666666666 
28.6097729978355 0.06422735595703125 180.07761169433593 0.125 
29.071838474025974 0.05697863769531249 184.55504821777345 0.125 
29.24294128787879 0.05619866943359374 149.4648865966797 0.13541666666666666 
30.082167478354982 0.05370526123046874 169.51958723958336 0.11458333333333333 
28.887479978354982 0.06630029296875 169.6697488606771 0.11458333333333333 
29.81240557359307 0.05488897705078124 164.2183428548177 0.11458333333333333 
30.26392343073593 0.052497497558593745 154.41514074707032 0.11458333333333333 
29.217929383116882 0.05873822021484374 148.32347408040363 0.125 
29.50902462121212 0.057085998535156245 130.31692439778647 0.13541666666666666 
28.890948593073592 0.05785711669921874 184.59200423177083 0.13541666666666666 
29.060500811688314 0.05818878173828124 167.14380908203123 0.125 
28.993477002164504 0.059729614257812494 153.87276757812498 0.13541666666666666 
30.394869859307356 0.049314331054687494 138.44920064290363 0.125 
28.355203192640694 0.06879931640624999 190.20933540852863 0.125 
29.365619859307362 0.053723693847656254 182.13804964192707 0.125 
28.234789502164507 0.06601666259765623 198.73859802246093 0.13541666666666666 
30.825209145021642 0.049972778320312494 131.34951501464843 0.11458333333333333 
29.30181033549784 0.061176879882812486 149.22917451985677 0.11458333333333333 
30.16108414502164 0.051218383789062495 118.39251623535156 0.13541666666666666 
30.104786525974028 0.05120056152343749 134.2763800048828 0.125 
30.614905573593074 0.05031744384765624 110.14390563964842 0.13541666666666666 
28.36218235930736 0.06326049804687499 189.9080205078125 0.125 
28.82925216450216 0.06281115722656248 158.99394421386717 0.125 
31.03451866883117 0.044775085449218745 96.14429736328124 0.14583333333333334 
29.536750811688314 0.05674719238281249 177.76592757161458 0.11458333333333333 
30.209786525974028 0.04950219726562499 130.27490657552082 0.13541666666666666 
29.643536525974024 0.052250366210937496 162.35679707845054 0.125 
30.190084145021643 0.053926879882812494 147.28039807128906 0.11458333333333333 
29.72990557359308 0.05632647705078124 127.64099825032551 0.125 
28.69596212121212 0.058625122070312494 169.05658825683594 0.13541666666666666 
28.834537608225105 0.06535076904296874 153.09071480305988 0.13541666666666666 
29.12157224025974 0.061663085937499994 151.79393782552083 0.125 
34.01166341991342 0.04181658935546874 108.79817456054687 0.14583333333333334 
32.64535389610389 0.04164593505859375 101.3942530517578 0.15625 
29.287651515151516 0.059397216796875 140.0492628173828 0.13541666666666666 
29.773812229437226 0.055273132324218745 124.5513271484375 0.13541666666666666 
31.027455086580083 0.05695941162109375 126.33121691894532 0.11458333333333333 
30.80995508658009 0.060127258300781264 127.80546936035157 0.11458333333333333 
31.14245508658009 0.05510784912109375 126.82217004394532 0.11458333333333333 
32.84666341991342 0.043254760742187495 95.60530603027343 0.14583333333333334 
31.045937229437232 0.05320300292968749 108.09633410644531 0.125 
30.39194913419913 0.051133789062500004 121.3164034423828 0.13541666666666666 
30.07080194805195 0.05325183105468749 121.00564025878904 0.13541666666666666 
29.72979437229437 0.056968688964843736 144.71670288085937 0.125 
32.42227949134199 0.04700604248046875 90.6174024658203 0.14583333333333334 
32.085996753246754 0.0424627685546875 86.07636755371094 0.15625 
30.564121753246752 0.06101312255859376 128.17890100097657 0.11458333333333333 
31.32093722943723 0.05020263671874999 106.43434362792969 0.125 
30.858826028138527 0.047948974609375 114.15934346516926 0.13541666666666666 
32.740775432900435 0.04247943115234375 99.43227555338541 0.13541666666666666 
