2024-02-14 21:12:33.082503 1 41.91289792754975 41.91289792754975 42.0 3.643266758482316 0.3711290527343749 0.12326661962681054 762.0933987223308 0.19008264462809918 
2024-02-14 21:12:33.082503 1 41.48352904583807 41.48352904583807 41.0 3.6327364943707816 0.28966767578125 0.10951026955166819 692.2605551757813 0.19834710743801653 
2024-02-14 21:12:33.082503 1 42.89481461192746 42.89481461192746 40.0 3.748168112030728 0.3852189453125 0.12860530160389896 781.6704986165365 0.21487603305785125 
2024-02-14 21:12:33.420455 2 41.91289792754975 41.91289792754975 42.0 3.643266758482316 0.3711290527343749 0.12326661962681054 762.0933987223308 0.19008264462809918 
2024-02-14 21:12:33.420455 2 41.48352904583807 41.48352904583807 41.0 3.6327364943707816 0.28966767578125 0.10951026955166819 692.2605551757813 0.19834710743801653 
2024-02-14 21:12:33.420455 2 42.778120854502404 42.778120854502404 43.0 3.694672042139148 0.319278271484375 0.09310080588052033 744.1573454182942 0.21487603305785125 
2024-02-14 21:12:33.420455 2 41.270192270521875 41.270192270521875 39.0 3.6108785981820035 0.3329244140625 0.11373649704393389 709.8940047200522 0.19834710743801653 
2024-02-14 21:12:33.420455 2 43.05863676306064 43.05863676306064 44.0 3.7306454484198293 0.35416547851562497 0.09301076662127736 774.0228607584636 0.19008264462809918 
2024-02-14 21:12:33.420455 2 42.35398689740772 42.35398689740772 43.0 3.737946404172023 0.343987890625 0.10595699754599569 747.7207490234376 0.2066115702479339 
2024-02-14 21:12:33.420455 2 42.283823988580224 42.283823988580224 46.0 3.6786960832425226 0.32279951171875 0.09867936498533247 753.9901555582683 0.19008264462809918 
2024-02-14 21:12:33.420455 2 41.027276425045535 41.027276425045535 40.0 3.6366509901776927 0.380107958984375 0.1275434121731019 771.1803868001302 0.21487603305785125 
2024-02-14 21:12:33.891781 3 41.48352904583807 41.48352904583807 41.0 3.6327364943707816 0.28966767578125 0.10951026955166819 692.2605551757813 0.19834710743801653 
2024-02-14 21:12:33.891781 3 42.778120854502404 42.778120854502404 43.0 3.694672042139148 0.319278271484375 0.09310080588052033 744.1573454182942 0.21487603305785125 
2024-02-14 21:12:33.891781 3 41.270192270521875 41.270192270521875 39.0 3.6108785981820035 0.3329244140625 0.11373649704393389 709.8940047200522 0.19834710743801653 
2024-02-14 21:12:33.891781 3 43.05863676306064 43.05863676306064 44.0 3.7306454484198293 0.35416547851562497 0.09301076662127736 774.0228607584636 0.19008264462809918 
2024-02-14 21:12:33.891781 3 42.283823988580224 42.283823988580224 46.0 3.6786960832425226 0.32279951171875 0.09867936498533247 753.9901555582683 0.19008264462809918 
2024-02-14 21:12:33.891781 3 41.027276425045535 41.027276425045535 40.0 3.6366509901776927 0.380107958984375 0.1275434121731019 771.1803868001302 0.21487603305785125 
2024-02-14 21:12:33.891781 3 41.990154875563896 41.990154875563896 45.0 3.6550135506478387 0.30101879882812504 0.09848951205450299 711.183876586914 0.19834710743801653 
2024-02-14 21:12:33.891781 3 41.75022593663218 41.75022593663218 42.0 3.6514190269654665 0.32421870117187496 0.10226248316800358 731.5476828613281 0.19008264462809918 
2024-02-14 21:12:33.891781 3 41.499019823313944 41.499019823313944 45.0 3.6745384360651383 0.365458642578125 0.09094416746568915 810.7783625488281 0.2066115702479339 
2024-02-14 21:12:33.891781 3 41.68187783915002 41.68187783915002 41.0 3.637528408081427 0.34252744140624997 0.10873302141560554 750.0512336832682 0.18181818181818182 
2024-02-14 21:12:34.240058 4 41.68187783915002 41.68187783915002 41.0 3.637528408081427 0.34252744140624997 0.10873302141560554 750.0512336832682 0.18181818181818182 
2024-02-14 21:12:34.240058 4 41.499019823313944 41.499019823313944 45.0 3.6745384360651383 0.365458642578125 0.09094416746568915 810.7783625488281 0.2066115702479339 
2024-02-14 21:12:34.240058 4 42.283823988580224 42.283823988580224 46.0 3.6786960832425226 0.32279951171875 0.09867936498533247 753.9901555582683 0.19008264462809918 
2024-02-14 21:12:34.240058 4 41.58639259519721 41.58639259519721 45.0 3.601869579422985 0.35135800781250004 0.09676511203087806 762.7654853515626 0.2066115702479339 
2024-02-14 21:12:34.240058 4 41.544847414174235 41.544847414174235 43.0 3.6294341743997314 0.299288134765625 0.07196561466004611 726.5264463297525 0.19834710743801653 
2024-02-14 21:12:34.240058 4 41.027276425045535 41.027276425045535 40.0 3.6366509901776927 0.380107958984375 0.1275434121731019 771.1803868001302 0.21487603305785125 
2024-02-14 21:12:34.240058 4 41.48352904583807 41.48352904583807 41.0 3.6327364943707816 0.28966767578125 0.10951026955166819 692.2605551757813 0.19834710743801653 
2024-02-14 21:12:34.240058 4 42.0158736639049 42.0158736639049 38.0 3.6885384353348747 0.30622895507812503 0.08819814546034097 685.0885915527344 0.18181818181818182 
2024-02-14 21:12:34.240058 4 41.75022593663218 41.75022593663218 42.0 3.6514190269654665 0.32421870117187496 0.10226248316800358 731.5476828613281 0.19008264462809918 
2024-02-14 21:12:34.240058 4 41.270192270521875 41.270192270521875 39.0 3.6108785981820035 0.3329244140625 0.11373649704393389 709.8940047200522 0.19834710743801653 
2024-02-14 21:12:34.624961 5 42.18106359064482 42.18106359064482 40.0 3.7015224096938493 0.286699169921875 0.07158145439994099 666.1792743326823 0.19834710743801653 
2024-02-14 21:12:34.624961 5 41.58639259519721 41.58639259519721 45.0 3.601869579422985 0.35135800781250004 0.09676511203087806 762.7654853515626 0.2066115702479339 
2024-02-14 21:12:34.624961 5 41.68187783915002 41.68187783915002 41.0 3.637528408081427 0.34252744140624997 0.10873302141560554 750.0512336832682 0.18181818181818182 
2024-02-14 21:12:34.624961 5 41.027276425045535 41.027276425045535 40.0 3.6366509901776927 0.380107958984375 0.1275434121731019 771.1803868001302 0.21487603305785125 
2024-02-14 21:12:34.624961 5 41.02109324644653 41.02109324644653 41.0 3.6154106195232356 0.296652880859375 0.0831581786183095 693.9083186442058 0.19008264462809918 
2024-02-14 21:12:34.624961 5 42.0158736639049 42.0158736639049 38.0 3.6885384353348747 0.30622895507812503 0.08819814546034097 685.0885915527344 0.18181818181818182 
2024-02-14 21:12:34.624961 5 41.95728321356576 41.95728321356576 43.0 3.640093382580611 0.29230292968750005 0.07621332100654606 725.4392733561197 0.2066115702479339 
2024-02-14 21:12:34.624961 5 41.270192270521875 41.270192270521875 39.0 3.6108785981820035 0.3329244140625 0.11373649704393389 709.8940047200522 0.19834710743801653 
2024-02-14 21:12:34.624961 5 41.342557487434306 41.342557487434306 40.0 3.6154502000407573 0.31630996093749997 0.09226964422730445 717.9461608072916 0.19008264462809918 
2024-02-14 21:12:34.624961 5 41.544847414174235 41.544847414174235 43.0 3.6294341743997314 0.299288134765625 0.07196561466004611 726.5264463297525 0.19834710743801653 
