41.99223152584431 41.99223152584431 42.0 3.5984842718341175 0.304497119140625 0.08573076892745257 717.3325006917318 0.21487603305785125 
41.559294819495086 41.559294819495086 40.0 3.5765199861198314 0.314741357421875 0.11251034684930085 723.5093945719401 0.21487603305785125 
42.21352407634935 42.21352407634935 40.0 3.61228154074168 0.29590444335937494 0.09120310429506541 707.3241365152994 0.19834710743801653 
41.56852715864287 41.56852715864287 40.0 3.5860499071791647 0.310277783203125 0.09796686648781064 682.9621659342447 0.21487603305785125 
40.64607131398872 40.64607131398872 41.0 3.6395760869677276 0.3629984375 0.11751250761016846 735.4317518310546 0.19008264462809918 
41.3378408390715 41.3378408390715 40.0 3.686081477002529 0.38091962890625 0.13590072425423627 735.2298646647134 0.18181818181818182 
42.8346814565981 42.8346814565981 41.0 3.7198365610567623 0.33752685546875 0.13093660519814487 787.7186294759114 0.17355371900826447 
41.80766738202888 41.80766738202888 43.0 3.654058295204967 0.311411279296875 0.11810432344279526 719.6943041992188 0.17355371900826447 
42.983221540112794 42.983221540112794 37.0 3.7371762674460047 0.33019404296875005 0.10690148412710192 675.6567408447265 0.2066115702479339 
43.0317744816458 43.0317744816458 39.0 3.7103649828843324 0.33743525390625 0.1014901126301861 677.0371065266928 0.2066115702479339 
42.252928577597146 42.252928577597146 34.0 3.706516503362478 0.34607783203125003 0.14708906262641908 642.0533797607421 0.19834710743801653 
42.2834060611645 42.2834060611645 38.0 3.7080546584908034 0.317065234375 0.12294122540923114 669.5618413492838 0.21487603305785125 
43.86891295323185 43.86891295323185 39.0 3.7856792836506457 0.31748784179687495 0.11693738848650219 625.9515650634767 0.19008264462809918 
43.05606571191107 43.05606571191107 40.0 3.7228651435423883 0.339490576171875 0.10168646326937913 633.5877563476563 0.2231404958677686 
39.60111265889253 39.60111265889253 38.0 3.5565996035698055 0.37074521484375006 0.14450143118084907 700.622194132487 0.19008264462809918 
42.5600687652217 42.5600687652217 37.0 3.7249234073030517 0.331949560546875 0.10953204008584258 624.7429174397787 0.19834710743801653 
41.561729784190696 41.561729784190696 46.0 3.6495166808166033 0.32048994140625 0.0917782115553474 759.0994352620443 0.18181818181818182 
41.901307719898774 41.901307719898774 42.0 3.685982199774769 0.344162841796875 0.10675651547819376 690.5570852050781 0.17355371900826447 
40.815220621535325 40.815220621535325 43.0 3.6295703224793785 0.349549072265625 0.11872779352909328 724.4059604899087 0.19834710743801653 
40.43573598615007 40.43573598615007 40.0 3.5839834894207963 0.33255341796875 0.11705362233654017 707.3853383789063 0.2066115702479339 
41.006832697496854 41.006832697496854 37.0 3.614868851392844 0.34501914062499994 0.1384278448654079 686.5506870524089 0.2231404958677686 
41.00099866388342 41.00099866388342 41.0 3.634654799105263 0.333865966796875 0.11323539648658036 667.9374509684245 0.2231404958677686 
41.26316752051697 41.26316752051697 40.0 3.622578680779146 0.34500703125 0.13160578604141235 658.513091756185 0.23140495867768596 
41.030863410329786 41.030863410329786 47.0 3.6421606315081543 0.30723583984375 0.07210032337474821 788.7793384602865 0.2066115702479339 
42.53361340970262 42.53361340970262 41.0 3.7044389003669194 0.37051845703125 0.13983241683811187 694.0813498535157 0.17355371900826447 
41.761273745853394 41.761273745853394 41.0 3.6338265690707643 0.35938212890625 0.10404794508453369 784.0988073323567 0.18181818181818182 
41.06759051826228 41.06759051826228 44.0 3.5797340000041236 0.34148583984375 0.09345621414947514 762.6170822753907 0.19834710743801653 
41.13913875287081 41.13913875287081 39.0 3.5991910984612225 0.33732211914062504 0.11446890480590106 669.2727465820312 0.2066115702479339 
41.41794447575558 41.41794447575558 35.0 3.590112955843606 0.33934545898437507 0.13291077671557658 648.8136417236328 0.19834710743801653 
40.44880420084302 40.44880420084302 43.0 3.5474383222556596 0.341117333984375 0.08054960255351303 758.628159383138 0.21487603305785125 
43.11750880830127 43.11750880830127 36.0 3.792334853012485 0.35614526367187493 0.12979041453057524 682.8954961751302 0.2066115702479339 
42.18106359064482 42.18106359064482 40.0 3.7015224096938493 0.286699169921875 0.07158145439994099 666.1792743326823 0.19834710743801653 
41.68187783915002 41.68187783915002 41.0 3.637528408081427 0.34252744140624997 0.10873302141560554 750.0512336832682 0.18181818181818182 
41.02109324644653 41.02109324644653 41.0 3.6154106195232356 0.296652880859375 0.0831581786183095 693.9083186442058 0.19008264462809918 
42.0158736639049 42.0158736639049 38.0 3.6885384353348747 0.30622895507812503 0.08819814546034097 685.0885915527344 0.18181818181818182 
41.95728321356576 41.95728321356576 43.0 3.640093382580611 0.29230292968750005 0.07621332100654606 725.4392733561197 0.2066115702479339 
41.270192270521875 41.270192270521875 39.0 3.6108785981820035 0.3329244140625 0.11373649704393389 709.8940047200522 0.19834710743801653 
41.342557487434306 41.342557487434306 40.0 3.6154502000407573 0.31630996093749997 0.09226964422730445 717.9461608072916 0.19008264462809918 
41.544847414174235 41.544847414174235 43.0 3.6294341743997314 0.299288134765625 0.07196561466004611 726.5264463297525 0.19834710743801653 
41.36961828262467 41.36961828262467 39.0 3.722926349493299 0.33082314453125 0.12004709858902934 731.859028849284 0.19008264462809918 
40.937949106406144 40.937949106406144 41.0 3.6683495047264394 0.36824545898437505 0.11614165136423343 777.3844993489583 0.21487603305785125 
