2024-02-14 21:12:27.641757 1 42.63365759173317 42.63365759173317 44.0 3.7320605750029126 0.362406689453125 0.11974827726704838 771.0472213948567 0.19834710743801653 
2024-02-14 21:12:27.641757 1 42.37808359357361 42.37808359357361 45.0 3.7143323631992367 0.37124545898437494 0.11293491384053468 817.8390375569661 0.2066115702479339 
2024-02-14 21:12:27.641757 1 43.64847785396578 43.64847785396578 41.0 3.7401825783865257 0.3435353515625 0.10927451593967442 711.1389235026041 0.19008264462809918 
2024-02-14 21:12:27.641757 1 42.096755928484136 42.096755928484136 36.0 3.6308832405124973 0.344464892578125 0.13386845968715902 672.3451718749999 0.21487603305785125 
2024-02-14 21:12:27.641757 1 43.897223439735356 43.897223439735356 42.0 3.8230727594558864 0.33829731445312505 0.12228187870290043 741.0095842285157 0.19834710743801653 
2024-02-14 21:12:27.641757 1 42.773906789654276 42.773906789654276 41.0 3.7147878498780202 0.33739296875 0.12652819446619984 766.1206972249349 0.21487603305785125 
2024-02-14 21:12:27.641757 1 43.87141409380093 43.87141409380093 38.0 3.7626055971891876 0.34588330078124996 0.14218976889848714 688.4140527750651 0.19834710743801653 
2024-02-14 21:12:27.641757 1 43.906323694434214 43.906323694434214 38.0 3.781725378594573 0.33657041015625005 0.14796266865266794 704.1947284749348 0.19834710743801653 
2024-02-14 21:12:28.005345 2 42.37808359357361 42.37808359357361 45.0 3.7143323631992367 0.37124545898437494 0.11293491384053468 817.8390375569661 0.2066115702479339 
2024-02-14 21:12:28.005345 2 43.897223439735356 43.897223439735356 42.0 3.8230727594558864 0.33829731445312505 0.12228187870290043 741.0095842285157 0.19834710743801653 
2024-02-14 21:12:28.005345 2 43.241600645506026 43.241600645506026 43.0 3.7383655072567614 0.327454931640625 0.12146714720540283 720.6813092041016 0.18181818181818182 
2024-02-14 21:12:28.005345 2 42.096755928484136 42.096755928484136 36.0 3.6308832405124973 0.344464892578125 0.13386845968715902 672.3451718749999 0.21487603305785125 
2024-02-14 21:12:28.005345 2 41.99223152584431 41.99223152584431 42.0 3.5984842718341175 0.304497119140625 0.08573076892745257 717.3325006917318 0.21487603305785125 
2024-02-14 21:12:28.005345 2 43.906323694434214 43.906323694434214 38.0 3.781725378594573 0.33657041015625005 0.14796266865266794 704.1947284749348 0.19834710743801653 
2024-02-14 21:12:28.005345 2 43.161263171915806 43.161263171915806 41.0 3.7488143878824998 0.340958447265625 0.11641875067379237 761.3896145019532 0.23140495867768596 
2024-02-14 21:12:28.005345 2 43.03293102008072 43.03293102008072 47.0 3.750469597739721 0.371457861328125 0.09613927265882735 800.1194716796874 0.2066115702479339 
2024-02-14 21:12:28.005345 2 43.64847785396578 43.64847785396578 41.0 3.7401825783865257 0.3435353515625 0.10927451593967442 711.1389235026041 0.19008264462809918 
2024-02-14 21:12:28.005345 2 43.87141409380093 43.87141409380093 38.0 3.7626055971891876 0.34588330078124996 0.14218976889848714 688.4140527750651 0.19834710743801653 
2024-02-14 21:12:28.416279 3 43.41600251773511 43.41600251773511 39.0 3.8025164616944793 0.36318422851562493 0.14834795869417433 722.5382197672527 0.19008264462809918 
2024-02-14 21:12:28.416279 3 41.87416565160415 41.87416565160415 42.0 3.646307771863499 0.359917041015625 0.11131879401981593 741.5883315022786 0.21487603305785125 
2024-02-14 21:12:28.416279 3 43.161263171915806 43.161263171915806 41.0 3.7488143878824998 0.340958447265625 0.11641875067379237 761.3896145019532 0.23140495867768596 
2024-02-14 21:12:28.416279 3 43.897223439735356 43.897223439735356 42.0 3.8230727594558864 0.33829731445312505 0.12228187870290043 741.0095842285157 0.19834710743801653 
2024-02-14 21:12:28.416279 3 43.241600645506026 43.241600645506026 43.0 3.7383655072567614 0.327454931640625 0.12146714720540283 720.6813092041016 0.18181818181818182 
2024-02-14 21:12:28.416279 3 42.096755928484136 42.096755928484136 36.0 3.6308832405124973 0.344464892578125 0.13386845968715902 672.3451718749999 0.21487603305785125 
2024-02-14 21:12:28.416279 3 44.0487602065633 44.0487602065633 43.0 3.8100260422841696 0.345462744140625 0.1036519658163095 737.890880452474 0.19008264462809918 
2024-02-14 21:12:28.416279 3 42.37808359357361 42.37808359357361 45.0 3.7143323631992367 0.37124545898437494 0.11293491384053468 817.8390375569661 0.2066115702479339 
2024-02-14 21:12:28.416279 3 43.03293102008072 43.03293102008072 47.0 3.750469597739721 0.371457861328125 0.09613927265882735 800.1194716796874 0.2066115702479339 
2024-02-14 21:12:28.416279 3 41.99223152584431 41.99223152584431 42.0 3.5984842718341175 0.304497119140625 0.08573076892745257 717.3325006917318 0.21487603305785125 
2024-02-14 21:12:28.767968 4 43.897223439735356 43.897223439735356 42.0 3.8230727594558864 0.33829731445312505 0.12228187870290043 741.0095842285157 0.19834710743801653 
2024-02-14 21:12:28.767968 4 41.99223152584431 41.99223152584431 42.0 3.5984842718341175 0.304497119140625 0.08573076892745257 717.3325006917318 0.21487603305785125 
2024-02-14 21:12:28.767968 4 42.71010297100561 42.71010297100561 41.0 3.7185471967403076 0.36932626953125003 0.11514038618825913 714.9132264404298 0.2231404958677686 
2024-02-14 21:12:28.767968 4 44.0487602065633 44.0487602065633 43.0 3.8100260422841696 0.345462744140625 0.1036519658163095 737.890880452474 0.19008264462809918 
2024-02-14 21:12:28.767968 4 41.559294819495086 41.559294819495086 40.0 3.5765199861198314 0.314741357421875 0.11251034684930085 723.5093945719401 0.21487603305785125 
2024-02-14 21:12:28.767968 4 43.41600251773511 43.41600251773511 39.0 3.8025164616944793 0.36318422851562493 0.14834795869417433 722.5382197672527 0.19008264462809918 
2024-02-14 21:12:28.767968 4 43.241600645506026 43.241600645506026 43.0 3.7383655072567614 0.327454931640625 0.12146714720540283 720.6813092041016 0.18181818181818182 
2024-02-14 21:12:28.767968 4 43.03293102008072 43.03293102008072 47.0 3.750469597739721 0.371457861328125 0.09613927265882735 800.1194716796874 0.2066115702479339 
2024-02-14 21:12:28.767968 4 42.096755928484136 42.096755928484136 36.0 3.6308832405124973 0.344464892578125 0.13386845968715902 672.3451718749999 0.21487603305785125 
2024-02-14 21:12:28.767968 4 41.87416565160415 41.87416565160415 42.0 3.646307771863499 0.359917041015625 0.11131879401981593 741.5883315022786 0.21487603305785125 
2024-02-14 21:12:29.111248 5 41.99223152584431 41.99223152584431 42.0 3.5984842718341175 0.304497119140625 0.08573076892745257 717.3325006917318 0.21487603305785125 
2024-02-14 21:12:29.111248 5 44.0487602065633 44.0487602065633 43.0 3.8100260422841696 0.345462744140625 0.1036519658163095 737.890880452474 0.19008264462809918 
2024-02-14 21:12:29.111248 5 41.559294819495086 41.559294819495086 40.0 3.5765199861198314 0.314741357421875 0.11251034684930085 723.5093945719401 0.21487603305785125 
2024-02-14 21:12:29.111248 5 43.41600251773511 43.41600251773511 39.0 3.8025164616944793 0.36318422851562493 0.14834795869417433 722.5382197672527 0.19008264462809918 
2024-02-14 21:12:29.111248 5 43.241600645506026 43.241600645506026 43.0 3.7383655072567614 0.327454931640625 0.12146714720540283 720.6813092041016 0.18181818181818182 
2024-02-14 21:12:29.111248 5 42.096755928484136 42.096755928484136 36.0 3.6308832405124973 0.344464892578125 0.13386845968715902 672.3451718749999 0.21487603305785125 
2024-02-14 21:12:29.111248 5 42.977247362677744 42.977247362677744 45.0 3.70141817680943 0.332058251953125 0.09717590313682795 765.306730061849 0.18181818181818182 
2024-02-14 21:12:29.111248 5 42.21352407634935 42.21352407634935 40.0 3.61228154074168 0.29590444335937494 0.09120310429506541 707.3241365152994 0.19834710743801653 
2024-02-14 21:12:29.111248 5 41.56852715864287 41.56852715864287 40.0 3.5860499071791647 0.310277783203125 0.09796686648781064 682.9621659342447 0.21487603305785125 
