2024-02-14 21:12:31.389162 1 42.75676201634623 42.75676201634623 40.0 3.7121896257767 0.34707167968749997 0.12016987755779265 733.4079513346354 0.19834710743801653 
2024-02-14 21:12:31.389162 1 42.42867166694675 42.42867166694675 36.0 3.6790561588394404 0.36445922851562496 0.16236214603835353 750.7604970703125 0.21487603305785125 
2024-02-14 21:12:31.389162 1 41.96794916325935 41.96794916325935 41.0 3.698827459219487 0.36334794921875 0.11588892277394294 746.3914170735677 0.21487603305785125 
2024-02-14 21:12:31.389162 1 39.78372487218235 39.78372487218235 40.0 3.571716253732508 0.37183964843749995 0.15126364474755283 736.2990357259115 0.19008264462809918 
2024-02-14 21:12:31.389162 1 41.081140588565205 41.081140588565205 45.0 3.626013470232898 0.321670068359375 0.10587989130745172 749.9942204182943 0.19834710743801653 
2024-02-14 21:12:31.389162 1 41.972162152085104 41.972162152085104 42.0 3.641231183548135 0.39080361328125 0.12831682616909984 735.8075843098959 0.2066115702479339 
2024-02-14 21:12:31.389162 1 42.2857789249794 42.2857789249794 38.0 3.664314315156807 0.32979321289062496 0.11609292759066822 677.4739682617187 0.2231404958677686 
2024-02-14 21:12:31.389162 1 43.2384758115981 43.2384758115981 35.0 3.718632475582553 0.35767753906250005 0.13903862379456527 760.0684702962238 0.19834710743801653 
2024-02-14 21:12:31.742852 2 42.42867166694675 42.42867166694675 36.0 3.6790561588394404 0.36445922851562496 0.16236214603835353 750.7604970703125 0.21487603305785125 
2024-02-14 21:12:31.742852 2 42.2857789249794 42.2857789249794 38.0 3.664314315156807 0.32979321289062496 0.11609292759066822 677.4739682617187 0.2231404958677686 
2024-02-14 21:12:31.742852 2 41.60496256278552 41.60496256278552 41.0 3.64385423859766 0.31934550781250004 0.08792605295535089 715.8512303466797 0.2066115702479339 
2024-02-14 21:12:31.742852 2 41.13913875287081 41.13913875287081 39.0 3.5991910984612225 0.33732211914062504 0.11446890480590106 669.2727465820312 0.2066115702479339 
2024-02-14 21:12:31.742852 2 41.28080089215051 41.28080089215051 39.0 3.6185213675643246 0.38867524414062493 0.12161383570382359 710.1477500813802 0.19834710743801653 
2024-02-14 21:12:31.742852 2 39.78372487218235 39.78372487218235 40.0 3.571716253732508 0.37183964843749995 0.15126364474755283 736.2990357259115 0.19008264462809918 
2024-02-14 21:12:31.742852 2 41.15061429803427 41.15061429803427 42.0 3.6284714707377246 0.361236669921875 0.11450294976597068 762.8284403483071 0.19008264462809918 
2024-02-14 21:12:31.742852 2 41.081140588565205 41.081140588565205 45.0 3.626013470232898 0.321670068359375 0.10587989130745172 749.9942204182943 0.19834710743801653 
2024-02-14 21:12:31.742852 2 42.35627010904473 42.35627010904473 40.0 3.7204919500863776 0.32841655273437503 0.11335712534739732 750.3417448323568 0.21487603305785125 
2024-02-14 21:12:31.742852 2 43.2384758115981 43.2384758115981 35.0 3.718632475582553 0.35767753906250005 0.13903862379456527 760.0684702962238 0.19834710743801653 
2024-02-14 21:12:32.072780 3 41.761273745853394 41.761273745853394 41.0 3.6338265690707643 0.35938212890625 0.10404794508453369 784.0988073323567 0.18181818181818182 
2024-02-14 21:12:32.072780 3 42.35627010904473 42.35627010904473 40.0 3.7204919500863776 0.32841655273437503 0.11335712534739732 750.3417448323568 0.21487603305785125 
2024-02-14 21:12:32.072780 3 41.28080089215051 41.28080089215051 39.0 3.6185213675643246 0.38867524414062493 0.12161383570382359 710.1477500813802 0.19834710743801653 
2024-02-14 21:12:32.072780 3 42.42867166694675 42.42867166694675 36.0 3.6790561588394404 0.36445922851562496 0.16236214603835353 750.7604970703125 0.21487603305785125 
2024-02-14 21:12:32.072780 3 41.13913875287081 41.13913875287081 39.0 3.5991910984612225 0.33732211914062504 0.11446890480590106 669.2727465820312 0.2066115702479339 
2024-02-14 21:12:32.072780 3 42.2857789249794 42.2857789249794 38.0 3.664314315156807 0.32979321289062496 0.11609292759066822 677.4739682617187 0.2231404958677686 
2024-02-14 21:12:32.072780 3 42.085209178308794 42.085209178308794 41.0 3.675658616753044 0.31116748046875 0.08564842419934275 725.541328491211 0.19834710743801653 
2024-02-14 21:12:32.072780 3 41.16100480397656 41.16100480397656 44.0 3.59710701587714 0.35966025390625006 0.09874248873170853 795.8899755045574 0.19834710743801653 
2024-02-14 21:12:32.072780 3 41.081140588565205 41.081140588565205 45.0 3.626013470232898 0.321670068359375 0.10587989130745172 749.9942204182943 0.19834710743801653 
2024-02-14 21:12:32.072780 3 43.2384758115981 43.2384758115981 35.0 3.718632475582553 0.35767753906250005 0.13903862379456527 760.0684702962238 0.19834710743801653 
2024-02-14 21:12:32.461557 4 42.42867166694675 42.42867166694675 36.0 3.6790561588394404 0.36445922851562496 0.16236214603835353 750.7604970703125 0.21487603305785125 
2024-02-14 21:12:32.461557 4 41.28080089215051 41.28080089215051 39.0 3.6185213675643246 0.38867524414062493 0.12161383570382359 710.1477500813802 0.19834710743801653 
2024-02-14 21:12:32.461557 4 41.16100480397656 41.16100480397656 44.0 3.59710701587714 0.35966025390625006 0.09874248873170853 795.8899755045574 0.19834710743801653 
2024-02-14 21:12:32.461557 4 41.081140588565205 41.081140588565205 45.0 3.626013470232898 0.321670068359375 0.10587989130745172 749.9942204182943 0.19834710743801653 
2024-02-14 21:12:32.461557 4 42.085209178308794 42.085209178308794 41.0 3.675658616753044 0.31116748046875 0.08564842419934275 725.541328491211 0.19834710743801653 
2024-02-14 21:12:32.461557 4 43.2384758115981 43.2384758115981 35.0 3.718632475582553 0.35767753906250005 0.13903862379456527 760.0684702962238 0.19834710743801653 
2024-02-14 21:12:32.461557 4 41.13913875287081 41.13913875287081 39.0 3.5991910984612225 0.33732211914062504 0.11446890480590106 669.2727465820312 0.2066115702479339 
2024-02-14 21:12:32.461557 4 41.761273745853394 41.761273745853394 41.0 3.6338265690707643 0.35938212890625 0.10404794508453369 784.0988073323567 0.18181818181818182 
2024-02-14 21:12:32.461557 4 41.564621749286154 41.564621749286154 44.0 3.6380252887807067 0.305920751953125 0.08647275612330672 726.71783203125 0.2231404958677686 
2024-02-14 21:12:32.461557 4 41.60844470525175 41.60844470525175 40.0 3.622357765127889 0.326024560546875 0.09682922221365216 690.0195873209635 0.19008264462809918 
2024-02-14 21:12:32.871028 5 41.761273745853394 41.761273745853394 41.0 3.6338265690707643 0.35938212890625 0.10404794508453369 784.0988073323567 0.18181818181818182 
2024-02-14 21:12:32.871028 5 42.085209178308794 42.085209178308794 41.0 3.675658616753044 0.31116748046875 0.08564842419934275 725.541328491211 0.19834710743801653 
2024-02-14 21:12:32.871028 5 41.081140588565205 41.081140588565205 45.0 3.626013470232898 0.321670068359375 0.10587989130745172 749.9942204182943 0.19834710743801653 
2024-02-14 21:12:32.871028 5 40.8064795856792 40.8064795856792 40.0 3.62266354238297 0.37335419921875 0.12105948496547703 745.6660598958332 0.21487603305785125 
2024-02-14 21:12:32.871028 5 41.06759051826228 41.06759051826228 44.0 3.5797340000041236 0.34148583984375 0.09345621414947514 762.6170822753907 0.19834710743801653 
2024-02-14 21:12:32.871028 5 41.13913875287081 41.13913875287081 39.0 3.5991910984612225 0.33732211914062504 0.11446890480590106 669.2727465820312 0.2066115702479339 
2024-02-14 21:12:32.871028 5 43.2384758115981 43.2384758115981 35.0 3.718632475582553 0.35767753906250005 0.13903862379456527 760.0684702962238 0.19834710743801653 
2024-02-14 21:12:32.871028 5 41.28080089215051 41.28080089215051 39.0 3.6185213675643246 0.38867524414062493 0.12161383570382359 710.1477500813802 0.19834710743801653 
2024-02-14 21:12:32.871028 5 41.564621749286154 41.564621749286154 44.0 3.6380252887807067 0.305920751953125 0.08647275612330672 726.71783203125 0.2231404958677686 
2024-02-14 21:12:32.871028 5 42.42867166694675 42.42867166694675 36.0 3.6790561588394404 0.36445922851562496 0.16236214603835353 750.7604970703125 0.21487603305785125 
