2024-02-14 21:12:31.347781 1 41.65658962483595 41.65658962483595 42.0 3.689935814830164 0.36868701171874996 0.11718502493000033 757.4671499837239 0.19834710743801653 
2024-02-14 21:12:31.347781 1 42.06743247888592 42.06743247888592 41.0 3.6806857044744046 0.35070996093749995 0.1311075138509273 714.4317871907552 0.19008264462809918 
2024-02-14 21:12:31.347781 1 43.11750880830127 43.11750880830127 36.0 3.792334853012485 0.35614526367187493 0.12979041453057524 682.8954961751302 0.2066115702479339 
2024-02-14 21:12:31.347781 1 41.41794447575558 41.41794447575558 35.0 3.590112955843606 0.33934545898437507 0.13291077671557658 648.8136417236328 0.19834710743801653 
2024-02-14 21:12:31.347781 1 43.99350645695033 43.99350645695033 38.0 3.8205010762371443 0.341466845703125 0.12717168849127056 690.6771899820964 0.18181818181818182 
2024-02-14 21:12:31.347781 1 41.54324613774599 41.54324613774599 43.0 3.7215001713542732 0.3569328125 0.11420974073372843 774.5528464762369 0.2231404958677686 
2024-02-14 21:12:31.347781 1 43.16862337102612 43.16862337102612 41.0 3.689241241601536 0.36700849609374997 0.13288116553102494 706.6116478271484 0.19834710743801653 
2024-02-14 21:12:31.716949 2 43.99350645695033 43.99350645695033 38.0 3.8205010762371443 0.341466845703125 0.12717168849127056 690.6771899820964 0.18181818181818182 
2024-02-14 21:12:31.716949 2 41.61492814158236 41.61492814158236 41.0 3.6562465443053687 0.335273779296875 0.10833380875611542 769.3738009847004 0.18181818181818182 
2024-02-14 21:12:31.716949 2 41.41794447575558 41.41794447575558 35.0 3.590112955843606 0.33934545898437507 0.13291077671557658 648.8136417236328 0.19834710743801653 
2024-02-14 21:12:31.716949 2 42.23434419687209 42.23434419687209 39.0 3.6684980183215488 0.355190673828125 0.1243253732631802 727.8880965576171 0.23140495867768596 
2024-02-14 21:12:31.716949 2 42.281295993140844 42.281295993140844 43.0 3.7488305393866534 0.372071044921875 0.09799279308921097 750.2667373453776 0.2066115702479339 
2024-02-14 21:12:31.716949 2 40.72773976944109 40.72773976944109 43.0 3.649105446797784 0.353096484375 0.10503660125075344 784.4717887369792 0.2066115702479339 
2024-02-14 21:12:31.716949 2 43.11750880830127 43.11750880830127 36.0 3.792334853012485 0.35614526367187493 0.12979041453057524 682.8954961751302 0.2066115702479339 
2024-02-14 21:12:31.716949 2 41.54324613774599 41.54324613774599 43.0 3.7215001713542732 0.3569328125 0.11420974073372843 774.5528464762369 0.2231404958677686 
2024-02-14 21:12:31.716949 2 42.95547140172777 42.95547140172777 42.0 3.7668267578654575 0.34645463867187504 0.11820689544288875 717.8843123779296 0.19834710743801653 
2024-02-14 21:12:31.716949 2 42.06743247888592 42.06743247888592 41.0 3.6806857044744046 0.35070996093749995 0.1311075138509273 714.4317871907552 0.19008264462809918 
2024-02-14 21:12:32.123065 3 40.72773976944109 40.72773976944109 43.0 3.649105446797784 0.353096484375 0.10503660125075344 784.4717887369792 0.2066115702479339 
2024-02-14 21:12:32.123065 3 41.8055128796642 41.8055128796642 47.0 3.675076808769146 0.3618447265625 0.09638931988406181 841.2694684244792 0.19834710743801653 
2024-02-14 21:12:32.123065 3 41.41794447575558 41.41794447575558 35.0 3.590112955843606 0.33934545898437507 0.13291077671557658 648.8136417236328 0.19834710743801653 
2024-02-14 21:12:32.123065 3 41.275989206845786 41.275989206845786 46.0 3.6542414717635308 0.34963437500000005 0.09287770596016882 816.6460647379557 0.23140495867768596 
2024-02-14 21:12:32.123065 3 42.509576322791425 42.509576322791425 39.0 3.732431963504332 0.3261208984375 0.11181204810563086 696.545258585612 0.2231404958677686 
2024-02-14 21:12:32.123065 3 42.281295993140844 42.281295993140844 43.0 3.7488305393866534 0.372071044921875 0.09799279308921097 750.2667373453776 0.2066115702479339 
2024-02-14 21:12:32.123065 3 43.99350645695033 43.99350645695033 38.0 3.8205010762371443 0.341466845703125 0.12717168849127056 690.6771899820964 0.18181818181818182 
2024-02-14 21:12:32.123065 3 43.11750880830127 43.11750880830127 36.0 3.792334853012485 0.35614526367187493 0.12979041453057524 682.8954961751302 0.2066115702479339 
2024-02-14 21:12:32.123065 3 41.01133775331566 41.01133775331566 40.0 3.6298599896835197 0.34379155273437495 0.10387871993028881 719.9247731526693 0.2231404958677686 
2024-02-14 21:12:32.123065 3 42.80036385586806 42.80036385586806 44.0 3.7418517030355263 0.34602119140624993 0.10662833525277136 796.3093686930339 0.19008264462809918 
2024-02-14 21:12:32.478961 4 43.99350645695033 43.99350645695033 38.0 3.8205010762371443 0.341466845703125 0.12717168849127056 690.6771899820964 0.18181818181818182 
2024-02-14 21:12:32.478961 4 41.8055128796642 41.8055128796642 47.0 3.675076808769146 0.3618447265625 0.09638931988406181 841.2694684244792 0.19834710743801653 
2024-02-14 21:12:32.478961 4 42.281295993140844 42.281295993140844 43.0 3.7488305393866534 0.372071044921875 0.09799279308921097 750.2667373453776 0.2066115702479339 
2024-02-14 21:12:32.478961 4 41.41794447575558 41.41794447575558 35.0 3.590112955843606 0.33934545898437507 0.13291077671557658 648.8136417236328 0.19834710743801653 
2024-02-14 21:12:32.478961 4 41.9015749922592 41.9015749922592 41.0 3.7012395137971765 0.34326533203125004 0.10796301344305041 723.2765795898439 0.2231404958677686 
2024-02-14 21:12:32.478961 4 42.509576322791425 42.509576322791425 39.0 3.732431963504332 0.3261208984375 0.11181204810563086 696.545258585612 0.2231404958677686 
2024-02-14 21:12:32.478961 4 40.44880420084302 40.44880420084302 43.0 3.5474383222556596 0.341117333984375 0.08054960255351303 758.628159383138 0.21487603305785125 
2024-02-14 21:12:32.478961 4 42.80036385586806 42.80036385586806 44.0 3.7418517030355263 0.34602119140624993 0.10662833525277136 796.3093686930339 0.19008264462809918 
2024-02-14 21:12:32.478961 4 43.11750880830127 43.11750880830127 36.0 3.792334853012485 0.35614526367187493 0.12979041453057524 682.8954961751302 0.2066115702479339 
2024-02-14 21:12:32.478961 4 40.72773976944109 40.72773976944109 43.0 3.649105446797784 0.353096484375 0.10503660125075344 784.4717887369792 0.2066115702479339 
2024-02-14 21:12:32.798725 5 41.8055128796642 41.8055128796642 47.0 3.675076808769146 0.3618447265625 0.09638931988406181 841.2694684244792 0.19834710743801653 
2024-02-14 21:12:32.798725 5 43.36258909000357 43.36258909000357 44.0 3.765658639262355 0.368770849609375 0.1168931047945523 788.1485546875 0.17355371900826447 
2024-02-14 21:12:32.798725 5 41.99396915536304 41.99396915536304 42.0 3.677905838141906 0.309272314453125 0.0930749209712529 704.4989542236327 0.19834710743801653 
2024-02-14 21:12:32.798725 5 43.99350645695033 43.99350645695033 38.0 3.8205010762371443 0.341466845703125 0.12717168849127056 690.6771899820964 0.18181818181818182 
2024-02-14 21:12:32.798725 5 41.41794447575558 41.41794447575558 35.0 3.590112955843606 0.33934545898437507 0.13291077671557658 648.8136417236328 0.19834710743801653 
2024-02-14 21:12:32.798725 5 41.458598941839035 41.458598941839035 42.0 3.6744601020324708 0.339732763671875 0.08924636781339884 719.955712890625 0.2231404958677686 
2024-02-14 21:12:32.798725 5 40.44880420084302 40.44880420084302 43.0 3.5474383222556596 0.341117333984375 0.08054960255351303 758.628159383138 0.21487603305785125 
2024-02-14 21:12:32.798725 5 43.11750880830127 43.11750880830127 36.0 3.792334853012485 0.35614526367187493 0.12979041453057524 682.8954961751302 0.2066115702479339 
2024-02-14 21:12:32.798725 5 42.39230207200781 42.39230207200781 40.0 3.722117658442349 0.3316986328125 0.11850798834599491 739.5113331705729 0.2066115702479339 
2024-02-14 21:12:32.798725 5 42.509576322791425 42.509576322791425 39.0 3.732431963504332 0.3261208984375 0.11181204810563086 696.545258585612 0.2231404958677686 
