2024-02-14 21:12:27.711729 1 41.44156701688404 41.44156701688404 43.0 3.6317623739349743 0.353800439453125 0.10371433368435147 756.4678499755859 0.21487603305785125 
2024-02-14 21:12:27.711729 1 42.63614274067865 42.63614274067865 41.0 3.7271708731584896 0.33736147460937504 0.12040342744894271 720.8497529296874 0.21487603305785125 
2024-02-14 21:12:27.711729 1 42.252928577597146 42.252928577597146 34.0 3.706516503362478 0.34607783203125003 0.14708906262641908 642.0533797607421 0.19834710743801653 
2024-02-14 21:12:27.711729 1 42.69697071505635 42.69697071505635 41.0 3.72761993308549 0.33897685546874995 0.11643866839500423 714.7347459309898 0.2066115702479339 
2024-02-14 21:12:27.711729 1 41.7573897120853 41.7573897120853 41.0 3.6371833491585814 0.35627348632812506 0.12590523156974082 713.3673167317708 0.19008264462809918 
2024-02-14 21:12:27.711729 1 41.678871697372976 41.678871697372976 37.0 3.6574086954926743 0.350362109375 0.13374570844899175 700.3430919596353 0.19008264462809918 
2024-02-14 21:12:27.711729 1 42.506254947013765 42.506254947013765 38.0 3.67711822963758 0.345638623046875 0.12840604766704797 648.306755859375 0.19834710743801653 
2024-02-14 21:12:28.079945 2 42.409899262506485 42.409899262506485 41.0 3.7069649336731385 0.37071523437500004 0.11784007271408083 749.7285162760417 0.21487603305785125 
2024-02-14 21:12:28.079945 2 42.25141989734122 42.25141989734122 44.0 3.6783625572054364 0.362799755859375 0.12417874109990358 756.8814315185547 0.2066115702479339 
2024-02-14 21:12:28.079945 2 42.252928577597146 42.252928577597146 34.0 3.706516503362478 0.34607783203125003 0.14708906262641908 642.0533797607421 0.19834710743801653 
2024-02-14 21:12:28.079945 2 41.44156701688404 41.44156701688404 43.0 3.6317623739349743 0.353800439453125 0.10371433368435147 756.4678499755859 0.21487603305785125 
2024-02-14 21:12:28.079945 2 42.209062871919095 42.209062871919095 43.0 3.699051072207806 0.33276865234374997 0.10840407190488816 698.0766580810548 0.19008264462809918 
2024-02-14 21:12:28.079945 2 42.68380545696993 42.68380545696993 42.0 3.7719696993752723 0.3478823242187499 0.1254261706323623 754.5546072591145 0.18181818181818182 
2024-02-14 21:12:28.079945 2 42.69697071505635 42.69697071505635 41.0 3.72761993308549 0.33897685546874995 0.11643866839500423 714.7347459309898 0.2066115702479339 
2024-02-14 21:12:28.079945 2 42.506254947013765 42.506254947013765 38.0 3.67711822963758 0.345638623046875 0.12840604766704797 648.306755859375 0.19834710743801653 
2024-02-14 21:12:28.079945 2 41.7573897120853 41.7573897120853 41.0 3.6371833491585814 0.35627348632812506 0.12590523156974082 713.3673167317708 0.19008264462809918 
2024-02-14 21:12:28.079945 2 41.678871697372976 41.678871697372976 37.0 3.6574086954926743 0.350362109375 0.13374570844899175 700.3430919596353 0.19008264462809918 
2024-02-14 21:12:28.474755 3 41.43614656233858 41.43614656233858 43.0 3.706287265709866 0.36047109375 0.09973614469741823 782.6110055745443 0.2066115702479339 
2024-02-14 21:12:28.474755 3 41.924097710854674 41.924097710854674 43.0 3.691626819173258 0.34535742187500007 0.11329897206902505 771.1710826416015 0.2231404958677686 
2024-02-14 21:12:28.474755 3 42.68380545696993 42.68380545696993 42.0 3.7719696993752723 0.3478823242187499 0.1254261706323623 754.5546072591145 0.18181818181818182 
2024-02-14 21:12:28.474755 3 42.209062871919095 42.209062871919095 43.0 3.699051072207806 0.33276865234374997 0.10840407190488816 698.0766580810548 0.19008264462809918 
2024-02-14 21:12:28.474755 3 42.252928577597146 42.252928577597146 34.0 3.706516503362478 0.34607783203125003 0.14708906262641908 642.0533797607421 0.19834710743801653 
2024-02-14 21:12:28.474755 3 43.0317744816458 43.0317744816458 39.0 3.7103649828843324 0.33743525390625 0.1014901126301861 677.0371065266928 0.2066115702479339 
2024-02-14 21:12:28.474755 3 41.98727748443076 41.98727748443076 46.0 3.6513886072218122 0.37548466796874996 0.10520733625370025 778.6896461995442 0.19008264462809918 
2024-02-14 21:12:28.474755 3 41.44156701688404 41.44156701688404 43.0 3.6317623739349743 0.353800439453125 0.10371433368435147 756.4678499755859 0.21487603305785125 
2024-02-14 21:12:28.474755 3 42.506254947013765 42.506254947013765 38.0 3.67711822963758 0.345638623046875 0.12840604766704797 648.306755859375 0.19834710743801653 
2024-02-14 21:12:28.474755 3 41.678871697372976 41.678871697372976 37.0 3.6574086954926743 0.350362109375 0.13374570844899175 700.3430919596353 0.19008264462809918 
2024-02-14 21:12:28.782708 4 41.44156701688404 41.44156701688404 43.0 3.6317623739349743 0.353800439453125 0.10371433368435147 756.4678499755859 0.21487603305785125 
2024-02-14 21:12:28.782708 4 43.0317744816458 43.0317744816458 39.0 3.7103649828843324 0.33743525390625 0.1014901126301861 677.0371065266928 0.2066115702479339 
2024-02-14 21:12:28.782708 4 42.252928577597146 42.252928577597146 34.0 3.706516503362478 0.34607783203125003 0.14708906262641908 642.0533797607421 0.19834710743801653 
2024-02-14 21:12:28.782708 4 42.610031488759766 42.610031488759766 42.0 3.752296976630181 0.34023881835937503 0.1161398411621308 728.5652598470051 0.18181818181818182 
2024-02-14 21:12:28.782708 4 41.98727748443076 41.98727748443076 46.0 3.6513886072218122 0.37548466796874996 0.10520733625370025 778.6896461995442 0.19008264462809918 
2024-02-14 21:12:28.782708 4 42.2834060611645 42.2834060611645 38.0 3.7080546584908034 0.317065234375 0.12294122540923114 669.5618413492838 0.21487603305785125 
2024-02-14 21:12:28.782708 4 42.215336840129254 42.215336840129254 44.0 3.705890461619563 0.33923120117187494 0.08828318060976267 752.0259456380209 0.19008264462809918 
2024-02-14 21:12:28.782708 4 41.924097710854674 41.924097710854674 43.0 3.691626819173258 0.34535742187500007 0.11329897206902505 771.1710826416015 0.2231404958677686 
2024-02-14 21:12:28.782708 4 41.40542632424335 41.40542632424335 43.0 3.675894408567009 0.35528955078125 0.1109196357452869 788.2652357584635 0.21487603305785125 
2024-02-14 21:12:28.782708 4 41.678871697372976 41.678871697372976 37.0 3.6574086954926743 0.350362109375 0.13374570844899175 700.3430919596353 0.19008264462809918 
2024-02-14 21:12:29.089164 5 41.40542632424335 41.40542632424335 43.0 3.675894408567009 0.35528955078125 0.1109196357452869 788.2652357584635 0.21487603305785125 
2024-02-14 21:12:29.089164 5 41.385317016884045 41.385317016884045 44.0 3.6542623739349747 0.35702592773437497 0.10915465843288658 786.1723570556641 0.21487603305785125 
2024-02-14 21:12:29.089164 5 41.924097710854674 41.924097710854674 43.0 3.691626819173258 0.34535742187500007 0.11329897206902505 771.1710826416015 0.2231404958677686 
2024-02-14 21:12:29.089164 5 43.0317744816458 43.0317744816458 39.0 3.7103649828843324 0.33743525390625 0.1014901126301861 677.0371065266928 0.2066115702479339 
2024-02-14 21:12:29.089164 5 42.215336840129254 42.215336840129254 44.0 3.705890461619563 0.33923120117187494 0.08828318060976267 752.0259456380209 0.19008264462809918 
2024-02-14 21:12:29.089164 5 42.252928577597146 42.252928577597146 34.0 3.706516503362478 0.34607783203125003 0.14708906262641908 642.0533797607421 0.19834710743801653 
2024-02-14 21:12:29.089164 5 41.98727748443076 41.98727748443076 46.0 3.6513886072218122 0.37548466796874996 0.10520733625370025 778.6896461995442 0.19008264462809918 
2024-02-14 21:12:29.089164 5 42.610031488759766 42.610031488759766 42.0 3.752296976630181 0.34023881835937503 0.1161398411621308 728.5652598470051 0.18181818181818182 
2024-02-14 21:12:29.089164 5 42.2834060611645 42.2834060611645 38.0 3.7080546584908034 0.317065234375 0.12294122540923114 669.5618413492838 0.21487603305785125 
2024-02-14 21:12:29.089164 5 41.44156701688404 41.44156701688404 43.0 3.6317623739349743 0.353800439453125 0.10371433368435147 756.4678499755859 0.21487603305785125 
