2024-02-14 21:12:31.354994 1 42.526018306607405 42.526018306607405 39.0 3.7086901275539037 0.3431872558593751 0.11702662042504547 698.7482147623698 0.2066115702479339 
2024-02-14 21:12:31.354994 1 43.522168210474604 43.522168210474604 43.0 3.828455237272187 0.352779931640625 0.10673447115268947 723.0774993489583 0.2066115702479339 
2024-02-14 21:12:31.354994 1 41.865179557246165 41.865179557246165 37.0 3.7193301760159336 0.34984838867187507 0.15302279769879573 691.813764038086 0.2066115702479339 
2024-02-14 21:12:31.354994 1 43.56168259364475 43.56168259364475 38.0 3.739239767628312 0.34919760742187506 0.13754951118817568 734.1202333577475 0.19834710743801653 
2024-02-14 21:12:31.354994 1 41.869063359632285 41.869063359632285 44.0 3.6040259479083017 0.34899482421875 0.10114376545859334 754.1027912190755 0.19008264462809918 
2024-02-14 21:12:31.354994 1 41.8456566914166 41.8456566914166 39.0 3.712937499505999 0.37589877929687504 0.14940563417291877 727.1169951171875 0.19834710743801653 
2024-02-14 21:12:31.354994 1 41.55688203078742 41.55688203078742 40.0 3.6540302314214856 0.35075732421875006 0.12619751492714879 731.7338370361327 0.2066115702479339 
2024-02-14 21:12:31.354994 1 41.8811583795891 41.8811583795891 38.0 3.694450552801172 0.3618830078125 0.1352074043710327 759.359693359375 0.2396694214876033 
2024-02-14 21:12:31.705052 2 42.26885979288169 42.26885979288169 43.0 3.796585834186453 0.38895336914062506 0.10536730060249568 818.1631320800781 0.2231404958677686 
2024-02-14 21:12:31.705052 2 41.865179557246165 41.865179557246165 37.0 3.7193301760159336 0.34984838867187507 0.15302279769879573 691.813764038086 0.2066115702479339 
2024-02-14 21:12:31.705052 2 41.224236179382196 41.224236179382196 41.0 3.688085320381373 0.35259038085937505 0.1312325692757344 742.7368858642578 0.2066115702479339 
2024-02-14 21:12:31.705052 2 41.869063359632285 41.869063359632285 44.0 3.6040259479083017 0.34899482421875 0.10114376545859334 754.1027912190755 0.19008264462809918 
2024-02-14 21:12:31.705052 2 42.705200623894505 42.705200623894505 40.0 3.7784481748901246 0.334791552734375 0.10136419413182494 668.4220709228515 0.19008264462809918 
2024-02-14 21:12:31.705052 2 43.23935505682398 43.23935505682398 47.0 3.7646254595078132 0.347218505859375 0.08013010581427812 770.0918068440754 0.19834710743801653 
2024-02-14 21:12:31.705052 2 41.8811583795891 41.8811583795891 38.0 3.694450552801172 0.3618830078125 0.1352074043710327 759.359693359375 0.2396694214876033 
2024-02-14 21:12:31.705052 2 43.56168259364475 43.56168259364475 38.0 3.739239767628312 0.34919760742187506 0.13754951118817568 734.1202333577475 0.19834710743801653 
2024-02-14 21:12:31.705052 2 41.71735567494941 41.71735567494941 42.0 3.605945075263574 0.3651171875 0.12128339938521383 781.6378959554037 0.2066115702479339 
2024-02-14 21:12:31.705052 2 42.526018306607405 42.526018306607405 39.0 3.7086901275539037 0.3431872558593751 0.11702662042504547 698.7482147623698 0.2066115702479339 
2024-02-14 21:12:32.063209 3 43.287059638353554 43.287059638353554 44.0 3.7785888155961684 0.33989853515625 0.0764252822633171 733.5699836425781 0.21487603305785125 
2024-02-14 21:12:32.063209 3 41.865179557246165 41.865179557246165 37.0 3.7193301760159336 0.34984838867187507 0.15302279769879573 691.813764038086 0.2066115702479339 
2024-02-14 21:12:32.063209 3 43.56168259364475 43.56168259364475 38.0 3.739239767628312 0.34919760742187506 0.13754951118817568 734.1202333577475 0.19834710743801653 
2024-02-14 21:12:32.063209 3 41.224236179382196 41.224236179382196 41.0 3.688085320381373 0.35259038085937505 0.1312325692757344 742.7368858642578 0.2066115702479339 
2024-02-14 21:12:32.063209 3 43.23935505682398 43.23935505682398 47.0 3.7646254595078132 0.347218505859375 0.08013010581427812 770.0918068440754 0.19834710743801653 
2024-02-14 21:12:32.063209 3 42.26885979288169 42.26885979288169 43.0 3.796585834186453 0.38895336914062506 0.10536730060249568 818.1631320800781 0.2231404958677686 
2024-02-14 21:12:32.063209 3 41.36961828262467 41.36961828262467 39.0 3.722926349493299 0.33082314453125 0.12004709858902934 731.859028849284 0.19008264462809918 
2024-02-14 21:12:32.063209 3 41.8811583795891 41.8811583795891 38.0 3.694450552801172 0.3618830078125 0.1352074043710327 759.359693359375 0.2396694214876033 
2024-02-14 21:12:32.063209 3 42.484193770187495 42.484193770187495 41.0 3.5979498711213114 0.34980722656249996 0.11714989720915794 776.9211978352864 0.2066115702479339 
2024-02-14 21:12:32.063209 3 41.869063359632285 41.869063359632285 44.0 3.6040259479083017 0.34899482421875 0.10114376545859334 754.1027912190755 0.19008264462809918 
2024-02-14 21:12:32.534665 4 41.8811583795891 41.8811583795891 38.0 3.694450552801172 0.3618830078125 0.1352074043710327 759.359693359375 0.2396694214876033 
2024-02-14 21:12:32.534665 4 41.865179557246165 41.865179557246165 37.0 3.7193301760159336 0.34984838867187507 0.15302279769879573 691.813764038086 0.2066115702479339 
2024-02-14 21:12:32.534665 4 42.812757656301386 42.812757656301386 42.0 3.646835319006759 0.31320122070312495 0.11065949546820876 744.8758411458334 0.2066115702479339 
2024-02-14 21:12:32.534665 4 43.56168259364475 43.56168259364475 38.0 3.739239767628312 0.34919760742187506 0.13754951118817568 734.1202333577475 0.19834710743801653 
2024-02-14 21:12:32.534665 4 41.36961828262467 41.36961828262467 39.0 3.722926349493299 0.33082314453125 0.12004709858902934 731.859028849284 0.19008264462809918 
2024-02-14 21:12:32.534665 4 42.36580660666303 42.36580660666303 47.0 3.713681153813507 0.3420926757812499 0.08328829297479631 765.8760483805339 0.21487603305785125 
2024-02-14 21:12:32.534665 4 42.26885979288169 42.26885979288169 43.0 3.796585834186453 0.38895336914062506 0.10536730060249568 818.1631320800781 0.2231404958677686 
2024-02-14 21:12:32.534665 4 43.287059638353554 43.287059638353554 44.0 3.7785888155961684 0.33989853515625 0.0764252822633171 733.5699836425781 0.21487603305785125 
2024-02-14 21:12:32.534665 4 41.224236179382196 41.224236179382196 41.0 3.688085320381373 0.35259038085937505 0.1312325692757344 742.7368858642578 0.2066115702479339 
2024-02-14 21:12:32.534665 4 42.484193770187495 42.484193770187495 41.0 3.5979498711213114 0.34980722656249996 0.11714989720915794 776.9211978352864 0.2066115702479339 
2024-02-14 21:12:32.906623 5 41.36961828262467 41.36961828262467 39.0 3.722926349493299 0.33082314453125 0.12004709858902934 731.859028849284 0.19008264462809918 
2024-02-14 21:12:32.906623 5 43.287059638353554 43.287059638353554 44.0 3.7785888155961684 0.33989853515625 0.0764252822633171 733.5699836425781 0.21487603305785125 
2024-02-14 21:12:32.906623 5 41.865179557246165 41.865179557246165 37.0 3.7193301760159336 0.34984838867187507 0.15302279769879573 691.813764038086 0.2066115702479339 
2024-02-14 21:12:32.906623 5 40.937949106406144 40.937949106406144 41.0 3.6683495047264394 0.36824545898437505 0.11614165136423343 777.3844993489583 0.21487603305785125 
2024-02-14 21:12:32.906623 5 41.57735701510393 41.57735701510393 47.0 3.7286136119642315 0.36773984374999996 0.10414053479160305 828.7806326904297 0.2231404958677686 
2024-02-14 21:12:32.906623 5 41.8811583795891 41.8811583795891 38.0 3.694450552801172 0.3618830078125 0.1352074043710327 759.359693359375 0.2396694214876033 
2024-02-14 21:12:32.906623 5 42.26885979288169 42.26885979288169 43.0 3.796585834186453 0.38895336914062506 0.10536730060249568 818.1631320800781 0.2231404958677686 
2024-02-14 21:12:32.906623 5 43.56168259364475 43.56168259364475 38.0 3.739239767628312 0.34919760742187506 0.13754951118817568 734.1202333577475 0.19834710743801653 
2024-02-14 21:12:32.906623 5 42.35113027534901 42.35113027534901 42.0 3.6266686523400917 0.30716083984375 0.09622589783450128 751.7162111409506 0.21487603305785125 
2024-02-14 21:12:32.906623 5 42.484193770187495 42.484193770187495 41.0 3.5979498711213114 0.34980722656249996 0.11714989720915794 776.9211978352864 0.2066115702479339 
