2024-02-14 21:12:33.099203 1 41.7274317551042 41.7274317551042 42.0 3.6555170679423776 0.39787421875 0.13844007140542028 808.1064791666666 0.2066115702479339 
2024-02-14 21:12:33.099203 1 42.53361340970262 42.53361340970262 41.0 3.7044389003669194 0.37051845703125 0.13983241683811187 694.0813498535157 0.17355371900826447 
2024-02-14 21:12:33.099203 1 41.55674180257307 41.55674180257307 41.0 3.681156673907448 0.377162548828125 0.13490273195106744 768.6594818522136 0.19834710743801653 
2024-02-14 21:12:33.099203 1 41.91791100290747 41.91791100290747 42.0 3.6776461087931676 0.34798833007812496 0.09872736578643083 752.8493576660155 0.2066115702479339 
2024-02-14 21:12:33.099203 1 42.16311098290255 42.16311098290255 44.0 3.6705578729406123 0.38163793945312496 0.13521254103952643 773.921346069336 0.19834710743801653 
2024-02-14 21:12:33.099203 1 42.18521519229824 42.18521519229824 41.0 3.7076177370960655 0.376715625 0.12659681741429324 777.4510410970053 0.21487603305785125 
2024-02-14 21:12:33.099203 1 41.480838876938336 41.480838876938336 38.0 3.6506793301297944 0.36257055664062504 0.13971440940481417 708.1418452962239 0.2066115702479339 
2024-02-14 21:12:33.099203 1 43.0941963707517 43.0941963707517 40.0 3.725496859177974 0.330194580078125 0.1392153186312318 775.9767326660157 0.18181818181818182 
2024-02-14 21:12:33.099203 1 42.621453843851356 42.621453843851356 42.0 3.7115625685374134 0.33678994140625 0.12395987324222565 732.2188375244141 0.2066115702479339 
2024-02-14 21:12:33.472367 2 42.42124814982059 42.42124814982059 40.0 3.689218578248376 0.3592748046875 0.1406371393270398 741.9421103108725 0.19834710743801653 
2024-02-14 21:12:33.472367 2 41.91791100290747 41.91791100290747 42.0 3.6776461087931676 0.34798833007812496 0.09872736578643083 752.8493576660155 0.2066115702479339 
2024-02-14 21:12:33.472367 2 41.480838876938336 41.480838876938336 38.0 3.6506793301297944 0.36257055664062504 0.13971440940481417 708.1418452962239 0.2066115702479339 
2024-02-14 21:12:33.472367 2 43.0941963707517 43.0941963707517 40.0 3.725496859177974 0.330194580078125 0.1392153186312318 775.9767326660157 0.18181818181818182 
2024-02-14 21:12:33.472367 2 42.53361340970262 42.53361340970262 41.0 3.7044389003669194 0.37051845703125 0.13983241683811187 694.0813498535157 0.17355371900826447 
2024-02-14 21:12:33.472367 2 43.034328853920414 43.034328853920414 42.0 3.7155062023889416 0.362023095703125 0.13565987408366445 775.8533617757162 0.19008264462809918 
2024-02-14 21:12:33.472367 2 41.7274317551042 41.7274317551042 42.0 3.6555170679423776 0.39787421875 0.13844007140542028 808.1064791666666 0.2066115702479339 
2024-02-14 21:12:33.472367 2 41.52719516125859 41.52719516125859 39.0 3.6582283840170833 0.3672178710937499 0.11291608447698591 729.3494267578125 0.2066115702479339 
2024-02-14 21:12:33.472367 2 42.06542761371757 42.06542761371757 40.0 3.6695655449641515 0.374790869140625 0.12321158745923286 702.3280455729166 0.19008264462809918 
2024-02-14 21:12:33.472367 2 42.15660209280745 42.15660209280745 41.0 3.6984208241019387 0.3540427246093749 0.12802016734582194 748.5981552327473 0.2066115702479339 
2024-02-14 21:12:33.809445 3 41.26316752051697 41.26316752051697 40.0 3.622578680779146 0.34500703125 0.13160578604141235 658.513091756185 0.23140495867768596 
2024-02-14 21:12:33.809445 3 41.7274317551042 41.7274317551042 42.0 3.6555170679423776 0.39787421875 0.13844007140542028 808.1064791666666 0.2066115702479339 
2024-02-14 21:12:33.809445 3 42.5117766853159 42.5117766853159 42.0 3.6901236045516237 0.310239208984375 0.10290173465430497 772.5400796305338 0.2066115702479339 
2024-02-14 21:12:33.809445 3 41.311994471996876 41.311994471996876 44.0 3.6612883583564697 0.358915576171875 0.09817399431125881 795.1208160400391 0.2066115702479339 
2024-02-14 21:12:33.809445 3 42.42124814982059 42.42124814982059 40.0 3.689218578248376 0.3592748046875 0.1406371393270398 741.9421103108725 0.19834710743801653 
2024-02-14 21:12:33.809445 3 41.480838876938336 41.480838876938336 38.0 3.6506793301297944 0.36257055664062504 0.13971440940481417 708.1418452962239 0.2066115702479339 
2024-02-14 21:12:33.809445 3 41.21367989515215 41.21367989515215 45.0 3.63580961651008 0.3772444824218751 0.1132674451562428 795.5299577229817 0.21487603305785125 
2024-02-14 21:12:33.809445 3 42.53361340970262 42.53361340970262 41.0 3.7044389003669194 0.37051845703125 0.13983241683811187 694.0813498535157 0.17355371900826447 
2024-02-14 21:12:33.809445 3 43.0941963707517 43.0941963707517 40.0 3.725496859177974 0.330194580078125 0.1392153186312318 775.9767326660157 0.18181818181818182 
2024-02-14 21:12:33.809445 3 42.671002683883025 42.671002683883025 39.0 3.6861846297407435 0.323388671875 0.13181695566558832 735.1396362711589 0.2066115702479339 
2024-02-14 21:12:34.149644 4 41.21367989515215 41.21367989515215 45.0 3.63580961651008 0.3772444824218751 0.1132674451562428 795.5299577229817 0.21487603305785125 
2024-02-14 21:12:34.149644 4 41.26316752051697 41.26316752051697 40.0 3.622578680779146 0.34500703125 0.13160578604141235 658.513091756185 0.23140495867768596 
2024-02-14 21:12:34.149644 4 42.53361340970262 42.53361340970262 41.0 3.7044389003669194 0.37051845703125 0.13983241683811187 694.0813498535157 0.17355371900826447 
2024-02-14 21:12:34.149644 4 41.030863410329786 41.030863410329786 47.0 3.6421606315081543 0.30723583984375 0.07210032337474821 788.7793384602865 0.2066115702479339 
2024-02-14 21:12:34.149644 4 41.480838876938336 41.480838876938336 38.0 3.6506793301297944 0.36257055664062504 0.13971440940481417 708.1418452962239 0.2066115702479339 
2024-02-14 21:12:34.149644 4 43.0941963707517 43.0941963707517 40.0 3.725496859177974 0.330194580078125 0.1392153186312318 775.9767326660157 0.18181818181818182 
2024-02-14 21:12:34.149644 4 42.0294024674328 42.0294024674328 41.0 3.668199961631075 0.3426453125 0.11907218193202976 753.1823623453776 0.2066115702479339 
2024-02-14 21:12:34.149644 4 41.613524935534876 41.613524935534876 39.0 3.6444348480896456 0.34211259765624996 0.13017252675758362 677.7584588216146 0.19834710743801653 
2024-02-14 21:12:34.149644 4 42.77180774698298 42.77180774698298 44.0 3.704917998066605 0.35608437499999995 0.10223680219873427 789.3943166503907 0.18181818181818182 
2024-02-14 21:12:34.149644 4 41.311994471996876 41.311994471996876 44.0 3.6612883583564697 0.358915576171875 0.09817399431125881 795.1208160400391 0.2066115702479339 
2024-02-14 21:12:34.506895 5 41.88342747896669 41.88342747896669 44.0 3.6813101124881307 0.37566533203125 0.12160589822226521 799.4545583496094 0.17355371900826447 
2024-02-14 21:12:34.506895 5 41.006832697496854 41.006832697496854 37.0 3.614868851392844 0.34501914062499994 0.1384278448654079 686.5506870524089 0.2231404958677686 
2024-02-14 21:12:34.506895 5 41.00099866388342 41.00099866388342 41.0 3.634654799105263 0.333865966796875 0.11323539648658036 667.9374509684245 0.2231404958677686 
2024-02-14 21:12:34.506895 5 41.26316752051697 41.26316752051697 40.0 3.622578680779146 0.34500703125 0.13160578604141235 658.513091756185 0.23140495867768596 
2024-02-14 21:12:34.506895 5 43.24223962471996 43.24223962471996 40.0 3.717944550375665 0.3642484863281249 0.1082113065125203 748.7820712890625 0.19008264462809918 
2024-02-14 21:12:34.506895 5 41.030863410329786 41.030863410329786 47.0 3.6421606315081543 0.30723583984375 0.07210032337474821 788.7793384602865 0.2066115702479339 
2024-02-14 21:12:34.506895 5 42.53361340970262 42.53361340970262 41.0 3.7044389003669194 0.37051845703125 0.13983241683811187 694.0813498535157 0.17355371900826447 
2024-02-14 21:12:34.506895 5 43.16179251496698 43.16179251496698 40.0 3.753343858583796 0.38107641601562503 0.12649492092853787 770.5965868326823 0.18181818181818182 
2024-02-14 21:12:34.506895 5 42.39048729045293 42.39048729045293 42.0 3.6805764576840425 0.3290380859375 0.10256850203180312 707.3112654215495 0.19008264462809918 
2024-02-14 21:12:34.506895 5 42.77180774698298 42.77180774698298 44.0 3.704917998066605 0.35608437499999995 0.10223680219873427 789.3943166503907 0.18181818181818182 
