2024-02-14 21:12:26.007821 1 43.063987264842154 43.063987264842154 40.0 3.7987105145456534 0.36957514648437495 0.13635688396036386 755.8556009114583 0.21487603305785125 
2024-02-14 21:12:26.007821 1 41.897476462860325 41.897476462860325 41.0 3.6996370188548986 0.35042846679687495 0.13294390666800734 738.2575653889974 0.2066115702479339 
2024-02-14 21:12:26.007821 1 42.20631482994558 42.20631482994558 41.0 3.6731512880394463 0.33224399414062505 0.11244914441013573 705.7243674316408 0.19008264462809918 
2024-02-14 21:12:26.007821 1 42.26614160245071 42.26614160245071 44.0 3.7327102607145175 0.36202319335937505 0.11122723768597843 761.7216047770182 0.2231404958677686 
2024-02-14 21:12:26.007821 1 42.34894875502894 42.34894875502894 39.0 3.7221127930806714 0.3841099609375 0.14855932658986098 765.0598342692057 0.21487603305785125 
2024-02-14 21:12:26.007821 1 44.35666708093677 44.35666708093677 39.0 3.8290492961630735 0.41424765625 0.1403611194167995 771.5396817626953 0.21487603305785125 
2024-02-14 21:12:26.007821 1 41.80766738202888 41.80766738202888 43.0 3.654058295204967 0.311411279296875 0.11810432344279526 719.6943041992188 0.17355371900826447 
2024-02-14 21:12:26.365685 2 42.34894875502894 42.34894875502894 39.0 3.7221127930806714 0.3841099609375 0.14855932658986098 765.0598342692057 0.21487603305785125 
2024-02-14 21:12:26.365685 2 43.22174035412471 43.22174035412471 39.0 3.718882321067306 0.38491840820312495 0.14373857245113608 770.8582582194009 0.19834710743801653 
2024-02-14 21:12:26.365685 2 42.983221540112794 42.983221540112794 37.0 3.7371762674460047 0.33019404296875005 0.10690148412710192 675.6567408447265 0.2066115702479339 
2024-02-14 21:12:26.365685 2 42.61252116940507 42.61252116940507 46.0 3.7236500885595314 0.3463736816406251 0.10193053879442454 763.4181094563802 0.2066115702479339 
2024-02-14 21:12:26.365685 2 41.70427266353357 41.70427266353357 42.0 3.6909211186989825 0.36332299804687507 0.112030483956635 751.8727041015626 0.2066115702479339 
2024-02-14 21:12:26.365685 2 41.80766738202888 41.80766738202888 43.0 3.654058295204967 0.311411279296875 0.11810432344279526 719.6943041992188 0.17355371900826447 
2024-02-14 21:12:26.365685 2 43.82150442920942 43.82150442920942 39.0 3.8531782644170414 0.40690966796874994 0.12285278787827497 761.6081238606771 0.19008264462809918 
2024-02-14 21:12:26.365685 2 41.897476462860325 41.897476462860325 41.0 3.6996370188548986 0.35042846679687495 0.13294390666800734 738.2575653889974 0.2066115702479339 
2024-02-14 21:12:26.365685 2 42.72422387416935 42.72422387416935 41.0 3.724327588862805 0.3424876464843749 0.1229278459988618 688.0337254638671 0.2066115702479339 
2024-02-14 21:12:26.365685 2 42.20631482994558 42.20631482994558 41.0 3.6731512880394463 0.33224399414062505 0.11244914441013573 705.7243674316408 0.19008264462809918 
2024-02-14 21:12:26.724044 3 43.49221984515742 43.49221984515742 46.0 3.7769453643621596 0.38201083984374995 0.09828077550977707 786.9271171875 0.19008264462809918 
2024-02-14 21:12:26.724044 3 42.983221540112794 42.983221540112794 37.0 3.7371762674460047 0.33019404296875005 0.10690148412710192 675.6567408447265 0.2066115702479339 
2024-02-14 21:12:26.724044 3 42.23703617257355 42.23703617257355 44.0 3.6736479457934568 0.3766898925781251 0.08134972550480128 788.140469523112 0.19834710743801653 
2024-02-14 21:12:26.724044 3 42.97908175465316 42.97908175465316 43.0 3.7574102034446457 0.34122001953125003 0.09339599501253126 709.5696403401693 0.21487603305785125 
2024-02-14 21:12:26.724044 3 42.34894875502894 42.34894875502894 39.0 3.7221127930806714 0.3841099609375 0.14855932658986098 765.0598342692057 0.21487603305785125 
2024-02-14 21:12:26.724044 3 41.80766738202888 41.80766738202888 43.0 3.654058295204967 0.311411279296875 0.11810432344279526 719.6943041992188 0.17355371900826447 
2024-02-14 21:12:26.724044 3 43.82150442920942 43.82150442920942 39.0 3.8531782644170414 0.40690966796874994 0.12285278787827497 761.6081238606771 0.19008264462809918 
2024-02-14 21:12:26.724044 3 41.70427266353357 41.70427266353357 42.0 3.6909211186989825 0.36332299804687507 0.112030483956635 751.8727041015626 0.2066115702479339 
2024-02-14 21:12:26.724044 3 43.22174035412471 43.22174035412471 39.0 3.718882321067306 0.38491840820312495 0.14373857245113608 770.8582582194009 0.19834710743801653 
2024-02-14 21:12:26.724044 3 41.897476462860325 41.897476462860325 41.0 3.6996370188548986 0.35042846679687495 0.13294390666800734 738.2575653889974 0.2066115702479339 
2024-02-14 21:12:27.064008 4 42.983221540112794 42.983221540112794 37.0 3.7371762674460047 0.33019404296875005 0.10690148412710192 675.6567408447265 0.2066115702479339 
2024-02-14 21:12:27.064008 4 42.23703617257355 42.23703617257355 44.0 3.6736479457934568 0.3766898925781251 0.08134972550480128 788.140469523112 0.19834710743801653 
2024-02-14 21:12:27.064008 4 41.80766738202888 41.80766738202888 43.0 3.654058295204967 0.311411279296875 0.11810432344279526 719.6943041992188 0.17355371900826447 
2024-02-14 21:12:27.064008 4 42.34894875502894 42.34894875502894 39.0 3.7221127930806714 0.3841099609375 0.14855932658986098 765.0598342692057 0.21487603305785125 
2024-02-14 21:12:27.064008 4 43.82150442920942 43.82150442920942 39.0 3.8531782644170414 0.40690966796874994 0.12285278787827497 761.6081238606771 0.19008264462809918 
2024-02-14 21:12:27.064008 4 44.1555357995247 44.1555357995247 42.0 3.809940667304831 0.35780087890624995 0.10064907130731583 711.7719800618489 0.2066115702479339 
2024-02-14 21:12:27.064008 4 43.49221984515742 43.49221984515742 46.0 3.7769453643621596 0.38201083984374995 0.09828077550977707 786.9271171875 0.19008264462809918 
2024-02-14 21:12:27.064008 4 41.83138718267456 41.83138718267456 45.0 3.6543802690257796 0.38517407226562506 0.08136733377534153 797.514598795573 0.19834710743801653 
2024-02-14 21:12:27.064008 4 43.70559870650075 43.70559870650075 36.0 3.813389840422735 0.40838437499999997 0.13846814496578216 717.1734382731119 0.19834710743801653 
2024-02-14 21:12:27.064008 4 41.70427266353357 41.70427266353357 42.0 3.6909211186989825 0.36332299804687507 0.112030483956635 751.8727041015626 0.2066115702479339 
2024-02-14 21:12:27.447855 5 41.80766738202888 41.80766738202888 43.0 3.654058295204967 0.311411279296875 0.11810432344279526 719.6943041992188 0.17355371900826447 
2024-02-14 21:12:27.447855 5 44.1555357995247 44.1555357995247 42.0 3.809940667304831 0.35780087890624995 0.10064907130731583 711.7719800618489 0.2066115702479339 
2024-02-14 21:12:27.447855 5 42.34894875502894 42.34894875502894 39.0 3.7221127930806714 0.3841099609375 0.14855932658986098 765.0598342692057 0.21487603305785125 
2024-02-14 21:12:27.447855 5 43.70559870650075 43.70559870650075 36.0 3.813389840422735 0.40838437499999997 0.13846814496578216 717.1734382731119 0.19834710743801653 
2024-02-14 21:12:27.447855 5 42.23703617257355 42.23703617257355 44.0 3.6736479457934568 0.3766898925781251 0.08134972550480128 788.140469523112 0.19834710743801653 
2024-02-14 21:12:27.447855 5 42.983221540112794 42.983221540112794 37.0 3.7371762674460047 0.33019404296875005 0.10690148412710192 675.6567408447265 0.2066115702479339 
2024-02-14 21:12:27.447855 5 41.70427266353357 41.70427266353357 42.0 3.6909211186989825 0.36332299804687507 0.112030483956635 751.8727041015626 0.2066115702479339 
2024-02-14 21:12:27.447855 5 43.82150442920942 43.82150442920942 39.0 3.8531782644170414 0.40690966796874994 0.12285278787827497 761.6081238606771 0.19008264462809918 
2024-02-14 21:12:27.447855 5 42.268341929724905 42.268341929724905 46.0 3.6987790679392845 0.367594384765625 0.08156751937022447 798.1252179361979 0.19834710743801653 
2024-02-14 21:12:27.447855 5 42.47865445915454 42.47865445915454 46.0 3.717374116165912 0.38981684570312497 0.10269403398740051 777.6777821451824 0.18181818181818182 
