2024-02-14 21:12:26.253500 1 41.58423365395354 41.58423365395354 39.0 3.7452172662219096 0.37838349609374994 0.14872259264579776 756.720512084961 0.2066115702479339 
2024-02-14 21:12:26.253500 1 42.04574087623334 42.04574087623334 42.0 3.6687177230664076 0.358565087890625 0.1262960922612691 748.407525756836 0.2066115702479339 
2024-02-14 21:12:26.253500 1 42.8346814565981 42.8346814565981 41.0 3.7198365610567623 0.33752685546875 0.13093660519814487 787.7186294759114 0.17355371900826447 
2024-02-14 21:12:26.253500 1 41.5087702178884 41.5087702178884 45.0 3.6956871139696217 0.388713037109375 0.12851993243098495 765.401083577474 0.19008264462809918 
2024-02-14 21:12:26.253500 1 41.70592455868865 41.70592455868865 40.0 3.670968895698385 0.3418166503906251 0.12018508799010517 736.437651204427 0.19008264462809918 
2024-02-14 21:12:26.253500 1 41.3378408390715 41.3378408390715 40.0 3.686081477002529 0.38091962890625 0.13590072425423627 735.2298646647134 0.18181818181818182 
2024-02-14 21:12:26.253500 1 42.52441431944819 42.52441431944819 39.0 3.65839450577802 0.353587890625 0.1221973785612583 741.7065579833983 0.21487603305785125 
2024-02-14 21:12:26.616535 2 42.8346814565981 42.8346814565981 41.0 3.7198365610567623 0.33752685546875 0.13093660519814487 787.7186294759114 0.17355371900826447 
2024-02-14 21:12:26.616535 2 41.3378408390715 41.3378408390715 40.0 3.686081477002529 0.38091962890625 0.13590072425423627 735.2298646647134 0.18181818181818182 
2024-02-14 21:12:26.616535 2 41.58423365395354 41.58423365395354 39.0 3.7452172662219096 0.37838349609374994 0.14872259264579776 756.720512084961 0.2066115702479339 
2024-02-14 21:12:26.616535 2 42.194656490276145 42.194656490276145 40.0 3.688464912968009 0.3684610839843751 0.11624263966598747 711.4968389485676 0.21487603305785125 
2024-02-14 21:12:26.616535 2 41.05676407678149 41.05676407678149 42.0 3.6383262812179216 0.36603662109375007 0.11255548003482825 751.8211816813151 0.18181818181818182 
2024-02-14 21:12:26.616535 2 42.15911040441756 42.15911040441756 41.0 3.731425909487829 0.376209228515625 0.11779612341552975 706.9871470947264 0.18181818181818182 
2024-02-14 21:12:26.616535 2 42.414295938177744 42.414295938177744 39.0 3.7613606604094216 0.36744609375000004 0.11481947429438591 759.4314707845053 0.19008264462809918 
2024-02-14 21:12:26.616535 2 42.11007339377168 42.11007339377168 41.0 3.698752651416351 0.3359845703125 0.11679116212059024 776.9599770914713 0.18181818181818182 
2024-02-14 21:12:26.616535 2 41.90442823633194 41.90442823633194 40.0 3.6913519656727862 0.3739044921875 0.11987599235869408 762.1699540201823 0.19008264462809918 
2024-02-14 21:12:26.616535 2 42.52441431944819 42.52441431944819 39.0 3.65839450577802 0.353587890625 0.1221973785612583 741.7065579833983 0.21487603305785125 
2024-02-14 21:12:27.005616 3 41.05676407678149 41.05676407678149 42.0 3.6383262812179216 0.36603662109375007 0.11255548003482825 751.8211816813151 0.18181818181818182 
2024-02-14 21:12:27.005616 3 41.58423365395354 41.58423365395354 39.0 3.7452172662219096 0.37838349609374994 0.14872259264579776 756.720512084961 0.2066115702479339 
2024-02-14 21:12:27.005616 3 42.55846334358366 42.55846334358366 44.0 3.7131040296992306 0.34415317382812505 0.10006649552989245 760.6670825602213 0.21487603305785125 
2024-02-14 21:12:27.005616 3 42.28587511029991 42.28587511029991 41.0 3.7355435565466526 0.376209228515625 0.1177845820861459 706.1173804931641 0.18181818181818182 
2024-02-14 21:12:27.005616 3 42.8346814565981 42.8346814565981 41.0 3.7198365610567623 0.33752685546875 0.13093660519814487 787.7186294759114 0.17355371900826447 
2024-02-14 21:12:27.005616 3 41.50359415140243 41.50359415140243 45.0 3.691437245588948 0.36480107421874997 0.08955346644693377 820.3149251708985 0.2066115702479339 
2024-02-14 21:12:27.005616 3 41.3378408390715 41.3378408390715 40.0 3.686081477002529 0.38091962890625 0.13590072425423627 735.2298646647134 0.18181818181818182 
2024-02-14 21:12:27.005616 3 42.69940132322098 42.69940132322098 43.0 3.725580741583838 0.33537314453125 0.0982750361421967 760.6442374267577 0.19834710743801653 
2024-02-14 21:12:27.005616 3 40.64607131398872 40.64607131398872 41.0 3.6395760869677276 0.3629984375 0.11751250761016846 735.4317518310546 0.19008264462809918 
2024-02-14 21:12:27.005616 3 42.57572424306 42.57572424306 40.0 3.7682230560976695 0.35010166015625005 0.10974614464420318 768.1785873209635 0.2066115702479339 
2024-02-14 21:12:27.370660 4 40.64607131398872 40.64607131398872 41.0 3.6395760869677276 0.3629984375 0.11751250761016846 735.4317518310546 0.19008264462809918 
2024-02-14 21:12:27.370660 4 41.3378408390715 41.3378408390715 40.0 3.686081477002529 0.38091962890625 0.13590072425423627 735.2298646647134 0.18181818181818182 
2024-02-14 21:12:27.370660 4 42.55846334358366 42.55846334358366 44.0 3.7131040296992306 0.34415317382812505 0.10006649552989245 760.6670825602213 0.21487603305785125 
2024-02-14 21:12:27.370660 4 42.8346814565981 42.8346814565981 41.0 3.7198365610567623 0.33752685546875 0.13093660519814487 787.7186294759114 0.17355371900826447 
2024-02-14 21:12:27.370660 4 41.58423365395354 41.58423365395354 39.0 3.7452172662219096 0.37838349609374994 0.14872259264579776 756.720512084961 0.2066115702479339 
2024-02-14 21:12:27.370660 4 42.80825520324618 42.80825520324618 41.0 3.771223029851126 0.34615976562499995 0.11425844417666435 732.0219811197916 0.19834710743801653 
2024-02-14 21:12:27.370660 4 42.28587511029991 42.28587511029991 41.0 3.7355435565466526 0.376209228515625 0.1177845820861459 706.1173804931641 0.18181818181818182 
2024-02-14 21:12:27.370660 4 41.50359415140243 41.50359415140243 45.0 3.691437245588948 0.36480107421874997 0.08955346644693377 820.3149251708985 0.2066115702479339 
2024-02-14 21:12:27.370660 4 43.201699179939425 43.201699179939425 40.0 3.758848482013343 0.342779345703125 0.10798249402572871 752.7076252034506 0.2066115702479339 
2024-02-14 21:12:27.370660 4 41.92707273693799 41.92707273693799 46.0 3.6863785728375507 0.323527734375 0.07405013161205294 769.150553141276 0.19834710743801653 
2024-02-14 21:12:27.788060 5 40.64607131398872 40.64607131398872 41.0 3.6395760869677276 0.3629984375 0.11751250761016846 735.4317518310546 0.19008264462809918 
2024-02-14 21:12:27.788060 5 41.3378408390715 41.3378408390715 40.0 3.686081477002529 0.38091962890625 0.13590072425423627 735.2298646647134 0.18181818181818182 
2024-02-14 21:12:27.788060 5 41.92707273693799 41.92707273693799 46.0 3.6863785728375507 0.323527734375 0.07405013161205294 769.150553141276 0.19834710743801653 
2024-02-14 21:12:27.788060 5 42.8346814565981 42.8346814565981 41.0 3.7198365610567623 0.33752685546875 0.13093660519814487 787.7186294759114 0.17355371900826447 
2024-02-14 21:12:27.788060 5 43.2419186995538 43.2419186995538 39.0 3.7614856348931425 0.33901118164062494 0.11585726830422642 698.6487761230468 0.18181818181818182 
2024-02-14 21:12:27.788060 5 41.97362457459121 41.97362457459121 44.0 3.708488534083735 0.334678515625 0.09640303484188079 825.9666654459635 0.19834710743801653 
2024-02-14 21:12:27.788060 5 42.3642554921214 42.3642554921214 44.0 3.6846870618631447 0.32683056640625 0.07817367089700697 739.7928959554037 0.23140495867768596 
2024-02-14 21:12:27.788060 5 41.572014916138215 41.572014916138215 45.0 3.634844791302608 0.37758095703125 0.11847682950791359 800.308445719401 0.19834710743801653 
2024-02-14 21:12:27.788060 5 42.80825520324618 42.80825520324618 41.0 3.771223029851126 0.34615976562499995 0.11425844417666435 732.0219811197916 0.19834710743801653 
2024-02-14 21:12:27.788060 5 41.58423365395354 41.58423365395354 39.0 3.7452172662219096 0.37838349609374994 0.14872259264579776 756.720512084961 0.2066115702479339 
