2024-02-14 21:12:26.072697 1 42.9382063906252 42.9382063906252 39.0 3.775049750516082 0.336174951171875 0.11936354016156439 682.6176301676431 0.19008264462809918 
2024-02-14 21:12:26.072697 1 42.85926708913292 42.85926708913292 39.0 3.7656400079538623 0.39331201171874997 0.1494430731070042 772.5343262532552 0.19008264462809918 
2024-02-14 21:12:26.072697 1 41.18527124084635 41.18527124084635 40.0 3.593834885573663 0.35535322265624997 0.13890814372335433 750.3280314127605 0.19008264462809918 
2024-02-14 21:12:26.072697 1 43.86891295323185 43.86891295323185 39.0 3.7856792836506457 0.31748784179687495 0.11693738848650219 625.9515650634767 0.19008264462809918 
2024-02-14 21:12:26.072697 1 40.70880948428936 40.70880948428936 41.0 3.634686905157107 0.37034077148437505 0.14719625159361122 731.267117960612 0.18181818181818182 
2024-02-14 21:12:26.072697 1 42.38263731627849 42.38263731627849 39.0 3.7181296716269627 0.345135546875 0.14949396650057792 665.0556805826823 0.19834710743801653 
2024-02-14 21:12:26.072697 1 42.676624398400016 42.676624398400016 43.0 3.747812445509427 0.334624169921875 0.11462103524766208 742.2737162272135 0.19834710743801653 
2024-02-14 21:12:26.407839 2 42.647068465117606 42.647068465117606 42.0 3.736035315776415 0.31168955078124994 0.09998367868875503 700.3232601318359 0.18181818181818182 
2024-02-14 21:12:26.407839 2 41.18527124084635 41.18527124084635 40.0 3.593834885573663 0.35535322265624997 0.13890814372335433 750.3280314127605 0.19008264462809918 
2024-02-14 21:12:26.407839 2 40.43573598615007 40.43573598615007 40.0 3.5839834894207963 0.33255341796875 0.11705362233654017 707.3853383789063 0.2066115702479339 
2024-02-14 21:12:26.407839 2 40.70880948428936 40.70880948428936 41.0 3.634686905157107 0.37034077148437505 0.14719625159361122 731.267117960612 0.18181818181818182 
2024-02-14 21:12:26.407839 2 42.38263731627849 42.38263731627849 39.0 3.7181296716269627 0.345135546875 0.14949396650057792 665.0556805826823 0.19834710743801653 
2024-02-14 21:12:26.407839 2 43.86891295323185 43.86891295323185 39.0 3.7856792836506457 0.31748784179687495 0.11693738848650219 625.9515650634767 0.19008264462809918 
2024-02-14 21:12:26.407839 2 43.18749611478993 43.18749611478993 40.0 3.749088739305071 0.33383388671875 0.12101185016650197 652.934792602539 0.21487603305785125 
2024-02-14 21:12:26.407839 2 44.26176531508567 44.26176531508567 40.0 3.835075461002705 0.325810107421875 0.1142907668260789 650.8393595784506 0.2066115702479339 
2024-02-14 21:12:26.407839 2 41.32180818697557 41.32180818697557 45.0 3.6819916837118853 0.36214072265624997 0.1286667442775631 739.3575220133463 0.18181818181818182 
2024-02-14 21:12:26.407839 2 42.27072556830424 42.27072556830424 42.0 3.7109716352189257 0.32115527343750006 0.10502985072541238 698.703578125 0.2066115702479339 
2024-02-14 21:12:26.801097 3 40.43573598615007 40.43573598615007 40.0 3.5839834894207963 0.33255341796875 0.11705362233654017 707.3853383789063 0.2066115702479339 
2024-02-14 21:12:26.801097 3 41.901307719898774 41.901307719898774 42.0 3.685982199774769 0.344162841796875 0.10675651547819376 690.5570852050781 0.17355371900826447 
2024-02-14 21:12:26.801097 3 43.86891295323185 43.86891295323185 39.0 3.7856792836506457 0.31748784179687495 0.11693738848650219 625.9515650634767 0.19008264462809918 
2024-02-14 21:12:26.801097 3 42.647068465117606 42.647068465117606 42.0 3.736035315776415 0.31168955078124994 0.09998367868875503 700.3232601318359 0.18181818181818182 
2024-02-14 21:12:26.801097 3 42.38263731627849 42.38263731627849 39.0 3.7181296716269627 0.345135546875 0.14949396650057792 665.0556805826823 0.19834710743801653 
2024-02-14 21:12:26.801097 3 42.120318932194394 42.120318932194394 44.0 3.726044799713531 0.33307641601562493 0.09676761566573379 716.0487698567708 0.19008264462809918 
2024-02-14 21:12:26.801097 3 41.18527124084635 41.18527124084635 40.0 3.593834885573663 0.35535322265624997 0.13890814372335433 750.3280314127605 0.19008264462809918 
2024-02-14 21:12:26.801097 3 42.9601429715709 42.9601429715709 37.0 3.7367726136522577 0.33753212890624995 0.12479951618656156 633.9931100667318 0.2066115702479339 
2024-02-14 21:12:26.801097 3 43.05606571191107 43.05606571191107 40.0 3.7228651435423883 0.339490576171875 0.10168646326937913 633.5877563476563 0.2231404958677686 
2024-02-14 21:12:26.801097 3 40.70880948428936 40.70880948428936 41.0 3.634686905157107 0.37034077148437505 0.14719625159361122 731.267117960612 0.18181818181818182 
2024-02-14 21:12:27.123192 4 39.60111265889253 39.60111265889253 38.0 3.5565996035698055 0.37074521484375006 0.14450143118084907 700.622194132487 0.19008264462809918 
2024-02-14 21:12:27.123192 4 43.86891295323185 43.86891295323185 39.0 3.7856792836506457 0.31748784179687495 0.11693738848650219 625.9515650634767 0.19008264462809918 
2024-02-14 21:12:27.123192 4 42.647068465117606 42.647068465117606 42.0 3.736035315776415 0.31168955078124994 0.09998367868875503 700.3232601318359 0.18181818181818182 
2024-02-14 21:12:27.123192 4 41.901307719898774 41.901307719898774 42.0 3.685982199774769 0.344162841796875 0.10675651547819376 690.5570852050781 0.17355371900826447 
2024-02-14 21:12:27.123192 4 42.9601429715709 42.9601429715709 37.0 3.7367726136522577 0.33753212890624995 0.12479951618656156 633.9931100667318 0.2066115702479339 
2024-02-14 21:12:27.123192 4 41.561729784190696 41.561729784190696 46.0 3.6495166808166033 0.32048994140625 0.0917782115553474 759.0994352620443 0.18181818181818182 
2024-02-14 21:12:27.123192 4 42.38263731627849 42.38263731627849 39.0 3.7181296716269627 0.345135546875 0.14949396650057792 665.0556805826823 0.19834710743801653 
2024-02-14 21:12:27.123192 4 43.05606571191107 43.05606571191107 40.0 3.7228651435423883 0.339490576171875 0.10168646326937913 633.5877563476563 0.2231404958677686 
2024-02-14 21:12:27.123192 4 40.70880948428936 40.70880948428936 41.0 3.634686905157107 0.37034077148437505 0.14719625159361122 731.267117960612 0.18181818181818182 
2024-02-14 21:12:27.123192 4 40.43573598615007 40.43573598615007 40.0 3.5839834894207963 0.33255341796875 0.11705362233654017 707.3853383789063 0.2066115702479339 
2024-02-14 21:12:27.465532 5 42.38263731627849 42.38263731627849 39.0 3.7181296716269627 0.345135546875 0.14949396650057792 665.0556805826823 0.19834710743801653 
2024-02-14 21:12:27.465532 5 42.647068465117606 42.647068465117606 42.0 3.736035315776415 0.31168955078124994 0.09998367868875503 700.3232601318359 0.18181818181818182 
2024-02-14 21:12:27.465532 5 43.86891295323185 43.86891295323185 39.0 3.7856792836506457 0.31748784179687495 0.11693738848650219 625.9515650634767 0.19008264462809918 
2024-02-14 21:12:27.465532 5 43.05606571191107 43.05606571191107 40.0 3.7228651435423883 0.339490576171875 0.10168646326937913 633.5877563476563 0.2231404958677686 
2024-02-14 21:12:27.465532 5 39.60111265889253 39.60111265889253 38.0 3.5565996035698055 0.37074521484375006 0.14450143118084907 700.622194132487 0.19008264462809918 
2024-02-14 21:12:27.465532 5 42.5600687652217 42.5600687652217 37.0 3.7249234073030517 0.331949560546875 0.10953204008584258 624.7429174397787 0.19834710743801653 
2024-02-14 21:12:27.465532 5 41.561729784190696 41.561729784190696 46.0 3.6495166808166033 0.32048994140625 0.0917782115553474 759.0994352620443 0.18181818181818182 
2024-02-14 21:12:27.465532 5 41.901307719898774 41.901307719898774 42.0 3.685982199774769 0.344162841796875 0.10675651547819376 690.5570852050781 0.17355371900826447 
2024-02-14 21:12:27.465532 5 40.815220621535325 40.815220621535325 43.0 3.6295703224793785 0.349549072265625 0.11872779352909328 724.4059604899087 0.19834710743801653 
2024-02-14 21:12:27.465532 5 40.43573598615007 40.43573598615007 40.0 3.5839834894207963 0.33255341796875 0.11705362233654017 707.3853383789063 0.2066115702479339 
