34.753916666666655 11.636998014322916 
31.43484523809524 15.574138444010417 
33.00641666666666 15.25015146484375 
33.68808333333333 15.195081608072917 
32.189416666666666 15.277514127604169 
32.28141666666666 15.258798014322917 
34.593916666666665 11.68374443359375 
29.87909523809524 19.30187177734375 
33.36141666666667 15.227784505208334 
29.8702619047619 19.465827408854167 
31.388916666666667 15.61530126953125 
32.1465119047619 15.557032877604167 
34.75991666666666 11.481098307291667 
30.11192857142857 15.943032975260417 
30.67359523809524 15.935503873697916 
33.71191666666666 15.163522135416668 
31.209666666666664 15.886903092447916 
34.16591666666667 12.506777636718752 
27.564202380952377 24.05030559895833 
28.49420238095238 23.68519134114584 
29.458952380952383 23.662560742187498 
