35.198238095238096 10.658245117187501 
33.82966666666667 10.805471842447917 
33.8682380952381 10.684138509114584 
29.72009523809524 18.385686393229168 
32.97895238095238 10.894920768229166 
31.732952380952383 14.554081901041666 
32.4372380952381 10.907886263020833 
29.874738095238097 18.299474739583335 
31.342761904761904 14.602177506510419 
31.76009523809524 11.0680021484375 
31.753238095238096 14.541116406250001 
29.331333333333333 18.433781998697917 
30.635952380952382 14.7193771484375 
29.99295238095238 18.244961783854166 
31.583952380952383 14.555196158854168 
30.200095238095237 14.739490755208333 
27.82086904761905 22.66404925130208 
31.288238095238096 14.690449739583332 
28.611845238095235 18.802842415364587 
31.267952380952387 14.703415234374999 
28.218416666666666 22.649633170572915 
29.54009523809524 18.40507766927083 
31.329238095238093 14.605447363281252 
