31.832835227272728 0.09570269775390625 0.03125 
32.68616747835498 0.0785701904296875 0.03125 
32.147085227272726 0.0951356201171875 0.03125 
31.2437637987013 0.13821936035156251 0.03125 
31.603061417748915 0.12064361572265625 0.03125 
33.00309009740259 0.0783709716796875 0.03125 
31.06731141774892 0.14340802001953126 0.03125 
31.625109036796534 0.10051593017578124 0.03125 
32.39648998917749 0.07882562255859375 0.052083333333333336 
31.862257846320347 0.09042901611328126 0.041666666666666664 
32.263242965367965 0.08332360839843748 0.041666666666666664 
31.486817370129863 0.1006683349609375 0.041666666666666664 
31.50478409090909 0.09745306396484374 0.052083333333333336 
31.307843614718614 0.09935198974609374 0.052083333333333336 
31.383606872294372 0.11349346923828123 0.041666666666666664 
31.73342694805195 0.09868603515624999 0.041666666666666664 
35.00242045454546 0.06143389892578125 0.03125 
33.814974025974024 0.06360888671875001 0.03125 
33.24159604978355 0.06908587646484374 0.052083333333333336 
33.056426406926406 0.0695784912109375 0.03125 
31.430689935064937 0.121262451171875 0.03125 
32.95353652597403 0.0738450927734375 0.041666666666666664 
32.31123755411255 0.07892669677734375 0.03125 
32.14921672077922 0.08646795654296875 0.052083333333333336 
33.02246617965368 0.0754525146484375 0.03125 
32.169247835497835 0.0930743408203125 0.03125 
31.59980303030303 0.12100708007812502 0.03125 
32.86008468614718 0.0717010498046875 0.052083333333333336 
32.17486255411255 0.086786865234375 0.03125 
37.730438852813855 0.059170898437499994 0.03125 
36.12009686147186 0.058278259277343744 0.041666666666666664 
35.871949134199134 0.059627502441406244 0.03125 
33.61904329004329 0.06831146240234375 0.03125 
35.06675162337662 0.059148986816406256 0.041666666666666664 
34.93018614718615 0.062251647949218746 0.041666666666666664 
