25.506724206349208 0.1073768310546875 0.18862982472456216 
27.5738998015873 0.05775726318359374 0.21280238158652942 
27.155484126984128 0.071538330078125 0.19998561637162396 
27.072123015873018 0.06095068359375 0.21080654305390342 
28.768829365079363 0.05212432861328124 0.22644103944188113 
25.59902876984127 0.0764149169921875 0.20206722983934453 
24.28731746031746 0.11820910644531249 0.19124213561650913 
25.37502281746032 0.0804715576171875 0.200463498417444 
26.60866369047619 0.063401611328125 0.20998591174624645 
27.75906349206349 0.05674041748046875 0.2123241286273794 
25.049118055555557 0.08776910400390624 0.1996219304443153 
26.471106150793652 0.06514904785156249 0.20852052927685447 
26.63979662698413 0.06585382080078125 0.20621967439116853 
24.33938888888889 0.10926666259765624 0.19486837750354455 
25.739068452380952 0.07335803222656248 0.20472731205292916 
25.266604166666667 0.0829398193359375 0.20199009056264372 
23.996694444444444 0.12709985351562497 0.19098035913611403 
24.09228273809524 0.12044421386718748 0.1898319136595552 
27.760894841269838 0.06507366943359374 0.20157657170972407 
24.501304563492063 0.09852313232421875 0.19643688115718974 
25.98563888888889 0.07101300048828124 0.20441458389090558 
24.083757936507936 0.11893963623046874 0.19182835894134795 
24.125103174603176 0.11132696533203126 0.19318948651854703 
24.870948412698414 0.1157691650390625 0.18874159151357747 
24.323903769841273 0.10520361328124998 0.19673266989268745 
29.6817371031746 0.0496759033203125 0.22337935511949905 
25.12195138888889 0.08975189208984376 0.19747443635906878 
24.41527380952381 0.12191424560546875 0.18911665722845403 
24.8970248015873 0.10869458007812498 0.19151787637797538 
24.414936507936506 0.10702069091796876 0.19473324260273114 
24.881801587301585 0.10150354003906248 0.19206325056314758 
24.449632936507935 0.11764727783203124 0.18920766703487504 
26.17395734126984 0.06778546142578125 0.20573091948035935 
25.89272718253968 0.08791845703125 0.19507043818423445 
24.212232142857143 0.11130004882812501 0.19489728440425266 
25.61495138888889 0.08389849853515623 0.1984508607015382 
24.743165674603176 0.09502917480468749 0.1962707686993438 
24.91395535714286 0.09429730224609374 0.201330922985532 
26.338364087301585 0.07195794677734375 0.2006176067687666 
25.76219345238095 0.0730843505859375 0.20531160780463253 
24.53699007936508 0.10820739746093748 0.1941036696604188 
25.005165674603177 0.09089727783203123 0.19726359339552726 
23.934220238095243 0.11994897460937501 0.19387052304933347 
24.19140972222222 0.11829620361328123 0.1893535712011909 
25.074915674603172 0.10297802734374999 0.1917379801529019 
25.431675595238097 0.07673651123046875 0.20328708611788707 
24.282589285714288 0.11025311279296876 0.1952058539245343 
25.131338293650792 0.085725341796875 0.20205103139323163 
28.22001587301587 0.05385559082031249 0.21843542893958837 
25.009701388888892 0.08817156982421874 0.20401091201193985 
24.665391865079364 0.09675158691406249 0.19481940083595192 
27.332733134920637 0.060233154296875 0.21118516638010384 
24.906353174603176 0.09891973876953124 0.19368195026508864 
24.662920634920635 0.10378063964843749 0.1937662241522883 
24.414654761904764 0.10100701904296876 0.19557451334926154 
25.274228174603174 0.09065527343749999 0.19667551637214042 
26.083325396825398 0.08189636230468748 0.19729288690829552 
25.576599206349204 0.08397491455078124 0.19943922669536784 
25.652040674603178 0.08113427734375 0.19956953970995095 
30.67422420634921 0.04414727783203125 0.23411263807748398 
29.75749603174603 0.045806884765625 0.2224763641108566 
30.355713293650798 0.04521942138671875 0.22721788963797632 
27.072491071428566 0.07594537353515624 0.19489929938104908 
26.096763888888894 0.09255328369140625 0.19313140705109036 
26.481344246031746 0.08643048095703124 0.19325146064765666 
26.914350198412695 0.07636004638671874 0.19606410817097078 
27.974624007936505 0.0619642333984375 0.20654328918248502 
25.595097222222222 0.09482470703124998 0.19192505390062634 
27.453199404761904 0.05846875 0.20879755483357942 
27.132152777777776 0.06737609863281249 0.20134223464305886 
29.0842867063492 0.04894635009765625 0.22896704025389414 
30.72197420634921 0.042565063476562505 0.2361024914885224 
29.48153373015873 0.04755804443359375 0.22452888479790775 
25.304729166666668 0.0896561279296875 0.19624685332746772 
27.60319543650794 0.05684851074218751 0.21784603899336116 
28.530530753968254 0.052556701660156246 0.21814082989925102 
29.262272817460314 0.048151611328124996 0.22675661523073212 
26.89881448412698 0.06304571533203125 0.21439876711022499 
26.008429563492065 0.07586053466796874 0.20370145175664864 
25.82531845238095 0.07799127197265623 0.2017962474113323 
27.582311507936502 0.06878167724609376 0.20134204364800934 
25.290395833333335 0.0923900146484375 0.19638440223580042 
26.122235119047616 0.07238916015625 0.20438723196257902 
30.125675595238096 0.04467749023437499 0.2280464337012389 
28.258612103174602 0.05296795654296875 0.21780353781284015 
28.86172718253969 0.0497396240234375 0.221815209350451 
25.53587599206349 0.08566888427734376 0.19901654196264074 
25.319659722222223 0.0913494873046875 0.19446208240437468 
27.185425595238097 0.07007757568359374 0.20020446839772163 
26.38832440476191 0.08427386474609375 0.19421268220580853 
27.002088293650793 0.06143615722656248 0.20951590872103323 
25.508157738095235 0.091429931640625 0.19411132739459955 
25.421729166666665 0.08679144287109375 0.19664046658298506 
30.153477182539678 0.04578552246093749 0.22534821684746342 
26.491036706349206 0.06911407470703125 0.2035101597166158 
25.418875992063494 0.0885335693359375 0.19862292870712342 
27.314896825396822 0.0630045166015625 0.20670841638797985 
27.303489087301585 0.06687469482421875 0.2029005394161749 
27.38643353174603 0.0587386474609375 0.2127210291774304 
26.270917658730163 0.07094366455078124 0.20083831943921251 
30.56314384920635 0.04420361328125 0.22927303709905533 
25.618068452380953 0.08876556396484374 0.19554704096797523 
26.961840277777775 0.06962457275390624 0.2003562587072627 
27.70840773809524 0.058017211914062505 0.21132146991753764 
26.741770833333327 0.06360095214843749 0.20714643442439515 
25.56451488095238 0.08999829101562498 0.19589399077650108 
29.487143849206348 0.05719732666015624 0.21193109624980067 
29.197292658730156 0.050885559082031254 0.2190973357500051 
26.55047619047619 0.0751824951171875 0.19753577525123522 
26.10152380952381 0.0770281982421875 0.19615043991451944 
27.982862103174604 0.05539288330078125 0.21545588892218312 
26.372013888888887 0.07443670654296874 0.1989651365454177 
26.71960416666667 0.06559075927734374 0.2046425043655141 
27.077554563492065 0.0638927001953125 0.2056197691258754 
27.831592261904756 0.05827276611328126 0.20915921722560338 
26.20333829365079 0.0814866943359375 0.19535218022474912 
25.90573214285714 0.08895452880859375 0.19505683198176918 
27.099627976190476 0.07199835205078124 0.19929087592663905 
26.94872916666667 0.0713017578125 0.2007989999576263 
25.800041666666665 0.08503143310546876 0.19822677934330854 
25.684782738095237 0.0827166748046875 0.19918970087554447 
25.86380853174603 0.083814208984375 0.19664108933192317 
27.717504960317456 0.056296630859374995 0.21335957180618706 
26.149976190476185 0.07691302490234374 0.2009922556371692 
26.054023809523812 0.083149169921875 0.19739271726343896 
26.511842261904757 0.06746954345703124 0.2084382438843945 
28.794565476190474 0.05177764892578124 0.22562166359835464 
27.424733134920636 0.0611241455078125 0.20811532390412735 
25.974828373015875 0.08067962646484375 0.19895866370621587 
25.995026785714288 0.078059326171875 0.19965452053759733 
26.697401785714288 0.0676019287109375 0.205113334899941 
27.31657242063492 0.0589010009765625 0.2139970184003217 
26.7450744047619 0.0728538818359375 0.1999936486250323 
26.322770833333333 0.06875958251953125 0.20519680206400967 
26.064986111111114 0.07984698486328125 0.19834150364288652 
25.068083333333334 0.11063909912109375 0.19030050017991193 
29.1963501984127 0.049865905761718746 0.2208959836005757 
28.720189484126983 0.053377685546875 0.2176674157464492 
25.64245932539682 0.08318536376953126 0.19896992727436347 
