31.02082043650794 0.04156976318359375 0.2185070257617404 
30.563945436507936 0.0425791015625 0.21594092342723104 
30.614945436507934 0.04235693359374999 0.2146145027790207 
28.950942460317457 0.05520330810546875 0.19699786197948455 
31.107427579365083 0.041507080078124994 0.21976680016694394 
29.47688690476191 0.052401550292968745 0.19957137665221839 
29.044355158730163 0.0518677978515625 0.20012740850801877 
27.13643452380952 0.06755950927734375 0.1894673202717304 
29.245781746031742 0.05617071533203124 0.195152605744224 
29.083460317460315 0.0579716796875 0.19301423058313172 
31.31305257936508 0.041879699707031245 0.21674557002126701 
30.257655753968255 0.048113037109375 0.20347358635804733 
31.356177579365085 0.04149981689453124 0.21774937750211287 
30.410473214285712 0.04730841064453124 0.20479504298752538 
30.420924603174605 0.04358697509765625 0.21135915784030482 
30.48836507936508 0.042904968261718746 0.21496540053163563 
26.595490079365078 0.07503021240234375 0.1870355027359979 
29.791579365079365 0.051556091308593746 0.20083632429947298 
30.99180257936508 0.042286987304687496 0.21571393010545006 
29.2747123015873 0.05452893066406249 0.19681930426912883 
29.047212301587297 0.05258148193359376 0.19935102925452855 
30.125007936507938 0.04845263671875 0.2027583336153976 
29.29998511904762 0.057369689941406246 0.1950492481187217 
28.778025793650794 0.05854840087890625 0.1934832320667322 
29.56932043650794 0.051537963867187495 0.20104743512120601 
31.380681547619048 0.040968994140625 0.21928794126555298 
30.903372023809528 0.040761718749999995 0.22411035942960145 
25.359541666666665 0.11671746826171873 0.18320353810148196 
25.55477976190476 0.10435211181640627 0.18425189303626066 
30.97770535714286 0.0409473876953125 0.22166212372812832 
30.566202380952383 0.043157653808593745 0.21404198498446084 
29.697188492063493 0.0443582763671875 0.21659502040030695 
29.56304761904762 0.04747283935546875 0.20501980520203253 
30.844425595238096 0.04144439697265625 0.22028517978094223 
30.721586309523808 0.041419677734375 0.2223501772970615 
30.410187499999996 0.04212542724609374 0.2213221341403686 
30.295470238095238 0.043363281249999996 0.21244645614668292 
31.143372023809526 0.040761718749999995 0.22290262738783176 
25.726029761904762 0.10163427734375 0.18209507321231963 
31.138300595238093 0.041166320800781246 0.21934580034389617 
25.445335317460316 0.10718133544921875 0.18354833749592972 
30.44971130952381 0.041899719238281244 0.22079370817080898 
25.692101190476194 0.0970911865234375 0.19072410448259292 
25.623609126984128 0.0999267578125 0.18340288998765283 
30.02781150793651 0.04262689208984375 0.219931904179842 
31.294550595238093 0.041166320800781246 0.21916905584347054 
28.904829365079365 0.04792993164062499 0.20988931538813715 
29.872410714285714 0.04532684326171874 0.20877062675131017 
25.485255952380953 0.10539056396484377 0.18543375343662846 
30.744356150793653 0.04227386474609375 0.21601113341771416 
30.69605059523809 0.041338500976562505 0.22382898250949376 
25.79216071428571 0.09587725830078125 0.18745955477506357 
30.78563392857143 0.04114471435546875 0.22333035633740606 
30.644711309523807 0.04143560791015625 0.22335252547757203 
29.873648809523807 0.0437667236328125 0.2135419185296816 
29.147966269841266 0.04676232910156249 0.21395936280970626 
29.23202380952381 0.04616668701171875 0.21208417446833827 
30.36224404761905 0.04348773193359375 0.2116445416110603 
30.452419642857144 0.04169940185546875 0.2182485092492985 
30.12710119047619 0.04488378906249999 0.20805959834907006 
29.76456944444444 0.044007385253906246 0.21954788431693154 
30.878821428571428 0.042051940917968746 0.21748184482936836 
31.233717261904758 0.04191827392578125 0.21688621985872836 
31.331589285714283 0.04151556396484375 0.21859147483727726 
30.33447321428571 0.04269683837890625 0.21577154527243836 
25.47954166666667 0.10844378662109375 0.18170416356713212 
29.919371031746028 0.04424530029296874 0.21139357229344558 
28.527173611111113 0.051175231933593746 0.20969881456311626 
30.495154761904757 0.04341217041015625 0.21127275414077515 
29.943440476190478 0.04342486572265625 0.21538560726280861 
28.632329365079364 0.05188574218749999 0.19963976529431138 
28.667714285714283 0.048983886718749994 0.21186083326467245 
25.772279761904763 0.09609686279296875 0.18488487604150036 
31.20396726190476 0.04095904541015625 0.22160547191792482 
25.425613095238095 0.11046636962890626 0.1840477732921678 
30.596202380952377 0.04320928955078125 0.21325902063833616 
30.302345238095235 0.0426136474609375 0.2169681823039379 
30.0657876984127 0.0432064208984375 0.21732146746806205 
30.172502976190476 0.04321990966796875 0.21599451412800286 
25.436613095238094 0.11031988525390624 0.18348787841417036 
25.712696428571427 0.09638110351562498 0.18466804964134345 
30.70469642857143 0.04163006591796875 0.21871653310002834 
25.557696428571425 0.09847991943359376 0.185106886075781 
26.049622023809526 0.09258142089843749 0.17516992841345067 
25.502241071428575 0.10587115478515625 0.17614766099813747 
25.645187500000002 0.10211566162109373 0.17768789751319392 
27.142514880952376 0.07142803955078125 0.18491224972384956 
25.871764880952377 0.09894250488281249 0.17520580245479486 
26.90049702380952 0.06952697753906249 0.1875266972156816 
27.678196428571432 0.059542236328124984 0.19172617127178662 
25.771229166666664 0.09614508056640624 0.17640091639830033 
27.03233035714286 0.06611053466796873 0.18983560934457608 
25.749312499999995 0.09747259521484375 0.17627632024420817 
25.7578244047619 0.09844061279296874 0.17559724340781935 
26.288889880952375 0.0803037109375 0.18243863664589707 
27.47585119047619 0.062158935546874995 0.19261807925935848 
27.62966666666666 0.06112091064453125 0.19236996607317836 
27.371675595238095 0.06067761230468749 0.19330760813999368 
26.421675595238092 0.079741455078125 0.1815783619183713 
28.55908531746032 0.051137634277343746 0.20496487663990215 
25.925574404761903 0.09444012451171875 0.17530443283429284 
26.555708333333335 0.07748052978515625 0.18410719641189877 
26.59753869047619 0.07597528076171875 0.1832471366716785 
29.48946924603174 0.044746948242187494 0.21606053201086162 
26.51341369047619 0.07794287109375 0.18367290810445344 
27.395086309523812 0.06730755615234374 0.1869181711391893 
27.300693452380948 0.06504754638671875 0.18861696243574325 
25.812895833333336 0.09547698974609373 0.17534832952774507 
27.647625000000005 0.06295953369140625 0.18903336828836928 
26.99766964285714 0.08153253173828125 0.18078572329980172 
28.126104166666664 0.05463293457031251 0.19857120253336555 
28.275767857142853 0.05262207031249999 0.20143468741392714 
26.75750892857143 0.074811767578125 0.18404514778494954 
27.63067261904762 0.057960693359374996 0.19444728715335322 
26.677970238095234 0.07456109619140625 0.18665319658586177 
26.353401785714283 0.08374975585937498 0.1809848826848329 
25.86743452380952 0.09331085205078124 0.17875285317060782 
28.392770833333334 0.05119921875 0.20350341880112122 
26.46823511904762 0.081741455078125 0.18112402648808526 
27.96731051587302 0.055226562499999986 0.19888845470435354 
26.139729166666665 0.08831964111328125 0.17931212929672813 
25.9083125 0.09707891845703125 0.1753443800529144 
27.817279761904764 0.0587030029296875 0.193148290716283 
26.69434226190476 0.07918658447265625 0.18139090181536144 
27.283044642857146 0.06676800537109376 0.18818482012201806 
27.749259920634916 0.05764453125 0.19579659570720523 
28.324878968253973 0.05137841796875 0.20278060911540827 
28.047458333333328 0.0569957275390625 0.19603122335846102 
26.517645833333336 0.08521002197265623 0.1779191117798878 
26.78484226190476 0.07247296142578125 0.1868110181250265 
27.214425595238094 0.06782879638671875 0.18728824211840137 
27.535898809523815 0.06203045654296874 0.19165283306869454 
26.98020238095238 0.06915502929687499 0.18528179561234612 
28.58330753968254 0.05033398437499999 0.20451204804679435 
26.67966369047619 0.07332916259765623 0.18630666351072225 
26.848446428571428 0.0721483154296875 0.18534738098650283 
26.200633928571428 0.08770758056640623 0.17964054167679286 
27.263669642857145 0.06272222900390624 0.19038702215147174 
27.82395238095238 0.05785913085937498 0.1955180370660258 
27.249809523809517 0.063642822265625 0.1913956469834229 
26.381916666666665 0.08290283203125 0.18185004207016656 
27.36401488095238 0.06869329833984375 0.1860477684326384 
25.93352083333333 0.09232818603515625 0.17822143681260752 
26.687154761904765 0.07656732177734374 0.18266876240391572 
26.03816369047619 0.09104022216796874 0.17685246646054797 
26.736800595238094 0.07366455078124999 0.18408960311707043 
26.61021726190476 0.07851922607421874 0.18291757882792306 
28.181 0.0574041748046875 0.19434077911458547 
28.094949404761905 0.0549202880859375 0.1976467714001591 
27.601363095238092 0.05940222167968749 0.19389327664592204 
26.0093125 0.0928638916015625 0.1773610837910621 
26.877136904761905 0.06924102783203125 0.1903278261682959 
28.417259920634923 0.0533709716796875 0.19816314511408137 
25.973851190476193 0.09150238037109373 0.17998513989043718 
28.216699404761904 0.0525321044921875 0.2026576601558523 
25.91563392857143 0.09544842529296875 0.1777871620725683 
27.443404761904766 0.06273046874999999 0.18927687234031168 
25.983821428571428 0.08944232177734375 0.18198877080261375 
25.964758928571428 0.09371710205078124 0.17808930217217797 
26.667038690476193 0.075530029296875 0.18569184822793608 
27.362538690476185 0.06482092285156249 0.18906169270439344 
26.097434523809522 0.08896844482421874 0.1792422034839032 
26.181541666666668 0.08427447509765625 0.18468963684289252 
26.20162797619048 0.08587176513671874 0.1817377615338384 
26.72801488095238 0.0754490966796875 0.18287097407364697 
26.249723214285712 0.08439318847656249 0.18214585609707845 
26.050976190476188 0.08840179443359374 0.18053804650115493 
26.40149702380952 0.08224407958984374 0.1787581694092232 
26.36399702380952 0.08316564941406249 0.1801065477124396 
26.25111011904762 0.0865814208984375 0.17821665677201778 
28.46378373015873 0.05143725585937499 0.20208948450049968 
26.63182142857143 0.07244219970703125 0.18771904839106704 
26.274830357142854 0.08542657470703123 0.17980438963608325 
26.11965476190476 0.08697113037109375 0.18227946988632585 
27.061377976190478 0.06897039794921875 0.1884301356671815 
27.91240476190476 0.055939697265625 0.19795919836327128 
26.64818154761905 0.0771092529296875 0.18304650510546958 
26.21771726190476 0.09063909912109376 0.1775302545381635 
28.089815476190473 0.05588330078124999 0.19737343930644977 
28.200434523809527 0.05538854980468749 0.19725049942452566 
26.324830357142854 0.08530706787109374 0.1802775829429911 
26.311955357142857 0.084199462890625 0.18067330888654287 
28.597751984126983 0.051184936523437495 0.2015603727138553 
28.611426587301587 0.05088574218749999 0.20261683296142127 
26.819877976190476 0.07762762451171874 0.18173259905491998 
26.071782738095237 0.090294921875 0.1781042344655728 
26.24302976190476 0.08910467529296875 0.17898277579463828 
27.82158630952381 0.06179595947265624 0.19120163512101185 
27.3652123015873 0.05893743896484375 0.19521963826629363 
28.657344246031744 0.057197204589843745 0.19592674880550243 
26.180738095238098 0.08721307373046874 0.18008274333860028 
26.025663690476186 0.08993621826171874 0.17908552524468022 
27.366038690476195 0.06444769287109374 0.1883236448165839 
26.014354166666664 0.08997235107421875 0.17834792874565567 
26.261812499999998 0.08751849365234374 0.1768467029864812 
27.91398214285714 0.05758312988281249 0.19521338245578332 
25.827906746031744 0.09212719726562499 0.18376600362900808 
30.518134920634918 0.042522888183593746 0.21627660032021603 
30.585029761904764 0.042716613769531245 0.21509361285337794 
26.313654761904765 0.07752777099609375 0.18710640306049156 
26.340037698412697 0.07524237060546875 0.1862008461917426 
26.28877281746032 0.0813856201171875 0.18454798598740596 
25.83576388888889 0.0867957763671875 0.18411355187158207 
29.664613095238092 0.04456268310546875 0.2151482131417354 
26.654712301587303 0.0700135498046875 0.1898785603914331 
26.967569444444443 0.06572808837890624 0.1927938764605257 
27.190510912698414 0.06091723632812499 0.19938612914696788 
30.223974206349205 0.04369512939453125 0.21301621159394787 
27.58857242063492 0.05859277343749999 0.1939367161658315 
30.043388888888888 0.044221008300781246 0.21287742524193742 
28.151786706349206 0.053481689453124995 0.20098162774054248 
29.34593849206349 0.04576904296874999 0.20969845752588248 
26.240231150793647 0.08435449218749999 0.18413635179711277 
25.855975198412693 0.08958953857421874 0.18351152880710744 
27.068601190476194 0.06116546630859374 0.19722695224030207 
28.38102281746032 0.052487854003906244 0.20012228352147207 
30.457009920634913 0.04327722167968749 0.21322694641334908 
26.69159623015873 0.06853411865234374 0.1941248823234509 
27.692739087301582 0.057839355468749985 0.19584666463603173 
26.152760912698408 0.08563610839843751 0.18373510726672035 
28.647287698412697 0.04988092041015625 0.20847639223907985 
30.092119047619043 0.04337170410156249 0.21405515653749532 
29.839613095238093 0.044285339355468745 0.21453939188202423 
29.069837301587302 0.047845947265624994 0.20408725680095863 
26.40944246031746 0.07865460205078124 0.18536956865048806 
25.966406746031744 0.09163067626953125 0.18288771808045343 
30.20515476190476 0.043196105957031244 0.2137393576060577 
26.767033730158733 0.06814129638671874 0.1948370412540427 
28.32212400793651 0.05301617431640625 0.19970803517365818 
26.98584325396825 0.06433862304687499 0.19117851531708954 
25.89503075396825 0.0847257080078125 0.18984769523791803 
27.52683134920635 0.057119995117187496 0.19645859697430398 
26.09764186507936 0.08095349121093749 0.1855231186963461 
27.13407242063492 0.06509423828125 0.1904306256481246 
26.575942460317457 0.07337615966796875 0.1883872140461181 
28.92000595238095 0.04877130126953125 0.20427877186604984 
29.60544642857143 0.044817016601562495 0.21122327926556447 
27.989822420634926 0.05431579589843749 0.20195649669685448 
26.348728174603174 0.07431097412109375 0.18881939165604966 
28.233155753968255 0.052242919921874985 0.20249003176130964 
26.726183531746027 0.07072491455078124 0.18935390843315683 
30.13343253968254 0.04355078125 0.2138445701183426 
28.55203968253968 0.05388464355468749 0.19745579481595463 
29.22605753968254 0.047697143554687495 0.20380249568180553 
29.870958333333327 0.044418701171875 0.21116838820330877 
29.758557539682535 0.044296447753906246 0.2123239507424376 
28.789638888888884 0.050039245605468755 0.20256810687281898 
27.78480753968254 0.05591949462890624 0.19912218717447905 
26.930037698412697 0.06347979736328124 0.19321972091774034 
28.2557748015873 0.055380126953125 0.19656173050211492 
29.58641865079365 0.045010681152343746 0.21242006320099716 
26.210826388888893 0.08489508056640624 0.18392014210811403 
26.008442460317458 0.08036206054687497 0.1861992910014222 
26.817301587301586 0.070801513671875 0.1891010226118944 
28.63977281746032 0.051844238281249996 0.20033978607886316 
27.343843253968252 0.062464355468749996 0.19298598783517096 
26.58556349206349 0.0720914306640625 0.19033380372498457 
27.918566468253964 0.055834228515624994 0.19834137194136403 
27.43193551587301 0.05759582519531249 0.19728546441366324 
29.64994642857143 0.044760681152343745 0.21074229376680428 
29.526970238095238 0.04541467285156249 0.2078923166500931 
26.200308531746032 0.07768450927734374 0.18593709543738104 
28.855283730158725 0.04904974365234375 0.20281546855716703 
27.835814484126985 0.055705627441406246 0.20119079046929436 
26.610704365079364 0.07332373046875 0.18690735977912984 
28.90609722222222 0.04829522705078125 0.20878223596629075 
28.62782837301587 0.05092199707031249 0.20161893987325522 
26.60237103174603 0.07157110595703124 0.18809281583665535 
26.132360119047622 0.0793836669921875 0.1858343534387875 
27.86200992063492 0.056249267578125 0.19612979669243924 
27.028045634920637 0.06172015380859375 0.19535669255277463 
28.47410813492063 0.05165576171874999 0.2010067293893326 
28.97312103174603 0.04744830322265624 0.2067915127993649 
26.49704365079365 0.0743292236328125 0.1878193155403294 
29.015174603174604 0.048546081542968744 0.20514305511780498 
27.091259920634922 0.06107489013671874 0.1944375663102341 
29.165343253968256 0.04679412841796875 0.20705168449253986 
29.09736706349206 0.047162841796874994 0.2055230732390325 
26.84791468253968 0.06688848876953124 0.19192997565155442 
26.603490079365077 0.0745955810546875 0.18654832516852418 
28.71199007936508 0.049592102050781246 0.20564724389556543 
26.881954365079366 0.06732507324218749 0.19140345472412024 
29.386001984126985 0.045650146484374994 0.20914098986136673 
29.50480753968254 0.04510711669921875 0.21218440577012132 
26.130915674603177 0.07905206298828124 0.18768741778140394 
29.18030753968254 0.04684283447265625 0.2057983268112311 
28.726424603174603 0.04908203125 0.20546165746328413 
28.532756944444447 0.05479815673828124 0.19781300970021598 
26.020499007936507 0.08133197021484374 0.18520233966330615 
30.219424603174605 0.044179443359375 0.21077989859319293 
28.081861111111106 0.05358343505859374 0.20211416482176894 
26.085009920634924 0.08011688232421874 0.18632774704634492 
28.276429563492066 0.0567762451171875 0.1960470466499542 
28.96590873015873 0.04890539550781249 0.20381845459810186 
26.912593253968254 0.0666575927734375 0.19319677850339734 
28.068081349206352 0.05739624023437499 0.19526188035851166 
27.69575992063492 0.056685791015625 0.19801979552874616 
26.772573412698414 0.07234613037109375 0.18803977075662615 
26.544229166666668 0.07193725585937498 0.1908911503363487 
29.02965873015873 0.04866314697265625 0.20303326306380887 
28.58876587301587 0.05126892089843749 0.2013170750895579 
26.038540674603176 0.07890313720703127 0.1904368526116551 
27.259935515873014 0.05992724609375 0.19826167128387304 
28.87347817460317 0.048338623046874994 0.20787477270877572 
28.881682539682537 0.048741943359375 0.20613406934863157 
28.042203373015873 0.05548107910156249 0.19877254298272615 
29.589777777777776 0.045585815429687496 0.20747902322127995 
25.971478174603174 0.0846976318359375 0.1844463451704047 
27.312248015873013 0.06155364990234374 0.19442817548662192 
26.03707242063492 0.0778863525390625 0.1919656456334565 
29.466652777777778 0.045210266113281244 0.2104158835842669 
29.313626984126984 0.046486328125 0.20727942357396686 
26.971780753968254 0.06950152587890625 0.1879729508996061 
28.25211408730159 0.05372424316406249 0.1985872626297217 
29.010621031746034 0.047348815917968745 0.20643269839722492 
29.251662698412694 0.046494873046874996 0.20662255368076274 
29.519867063492065 0.0471021728515625 0.2052316906766969 
29.767198412698413 0.0452794189453125 0.21033191694731382 
26.8353998015873 0.07036834716796875 0.1890169708866182 
26.36427579365079 0.074791748046875 0.18799297020912975 
29.541057539682537 0.044829040527343746 0.21292505484716584 
28.744906746031745 0.05074884033203124 0.20224885622160582 
27.890551587301587 0.055365234374999996 0.1988917789148129 
28.192560515873016 0.053876953124999995 0.19797062997027104 
26.89841468253968 0.06551953125 0.19591855723682297 
28.745516865079367 0.05043652343749999 0.2016090128072836 
29.29448015873016 0.04668408203124999 0.20549202866869024 
27.32925992063492 0.06075634765625 0.19437270018572858 
27.885789682539684 0.054998046875 0.2005452881452324 
28.321826388888887 0.05141754150390625 0.20334312907661936 
29.429599206349206 0.0459296875 0.20739767835165734 
27.800581349206347 0.05616516113281249 0.19633419459937396 
28.47656349206349 0.05157629394531249 0.20059081852002547 
29.488944444444446 0.046035034179687497 0.20641157359136644 
28.799132936507938 0.04897906494140625 0.20348439017232808 
28.68355753968254 0.051562255859374996 0.2010510458607293 
27.38044742063492 0.058504150390624995 0.19629270524759615 
26.827959325396826 0.067883056640625 0.19080565461841012 
29.086246031746033 0.05035064697265625 0.2020230869012775 
27.889996031746033 0.05472955322265625 0.20181357959587856 
30.112738095238093 0.04380950927734374 0.2127877283659466 
28.53653373015873 0.050587158203124996 0.20701952422472727 
28.802724206349204 0.04976599121093749 0.20217543689356984 
28.34310615079365 0.05280511474609374 0.20055969673464 
27.2510873015873 0.067193359375 0.18865361189126761 
27.799081349206347 0.057375854492187496 0.19565109694625782 
26.086478174603172 0.08113366699218749 0.18479895402454358 
26.83464087301587 0.0676026611328125 0.19355342098807027 
28.589509920634917 0.05044586181640624 0.20295788823740502 
29.245194444444444 0.04674841308593749 0.20593661546622652 
28.019296626984122 0.05377935791015624 0.19902255727313692 
28.498929563492062 0.052638061523437495 0.1988113134258677 
