31.151814123376617 0.06305206298828125 0.11458333333333333 
32.796531385281384 0.04692486572265625 0.13541666666666666 
31.40097781385281 0.05060626220703125 0.15625 
31.580132575757574 0.05934222412109376 0.11458333333333333 
32.62178436147185 0.056955932617187496 0.11458333333333333 
31.98911471861471 0.05368310546874999 0.125 
32.525355790043285 0.05723785400390624 0.11458333333333333 
32.383474837662334 0.05734954833984376 0.11458333333333333 
31.835846861471857 0.05905743408203125 0.11458333333333333 
30.034290313852814 0.07376348876953126 0.11458333333333333 
29.92876650432901 0.075257080078125 0.11458333333333333 
30.72489448051948 0.06582159423828124 0.11458333333333333 
31.264260551948052 0.053360778808593745 0.13541666666666666 
30.911180194805194 0.06484490966796874 0.11458333333333333 
29.885242694805196 0.07323443603515625 0.125 
31.519567099567098 0.051215576171875 0.13541666666666666 
31.104620670995665 0.0635931396484375 0.11458333333333333 
32.08267126623376 0.04948077392578125 0.13541666666666666 
30.62030221861472 0.06870904541015625 0.11458333333333333 
30.778120670995673 0.06576348876953124 0.11458333333333333 
31.477748647186143 0.050306396484375 0.15625 
31.414817099567095 0.05052691650390625 0.14583333333333334 
31.26384686147186 0.06166278076171875 0.11458333333333333 
31.308516504329003 0.05980566406250001 0.11458333333333333 
31.922748647186143 0.05742218017578125 0.11458333333333333 
32.075638528138526 0.0528380126953125 0.125 
30.734141504329 0.05835400390625001 0.13541666666666666 
30.978516504329 0.06375567626953124 0.11458333333333333 
31.819236742424245 0.049310791015625 0.14583333333333334 
31.787704004329004 0.059218444824218744 0.11458333333333333 
31.496811147186143 0.05051983642578125 0.14583333333333334 
31.214805194805194 0.06265191650390625 0.11458333333333333 
29.740144480519483 0.07338946533203125 0.125 
31.73080817099567 0.049105957031249994 0.15625 
31.758284361471862 0.0498358154296875 0.14583333333333334 
30.460956980519484 0.06909454345703125 0.11458333333333333 
30.166171266233768 0.06923321533203126 0.11458333333333333 
32.46100757575757 0.0471644287109375 0.14583333333333334 
31.191843885281383 0.05594390869140625 0.125 
31.11700162337662 0.054171875 0.13541666666666666 
30.665826028138532 0.06648358154296875 0.11458333333333333 
29.147683170995673 0.09061535644531249 0.125 
32.81578733766234 0.04430224609375 0.16666666666666666 
29.48916829004329 0.07964086914062499 0.11458333333333333 
33.337320075757575 0.0445750732421875 0.14583333333333334 
31.61141233766234 0.049412902832031244 0.16666666666666666 
29.26027245670996 0.0811920166015625 0.11458333333333333 
33.30282007575757 0.0456766357421875 0.14583333333333334 
29.970174242424246 0.0646143798828125 0.125 
29.2146920995671 0.08932440185546875 0.11458333333333333 
31.601046266233766 0.04966033935546875 0.16666666666666666 
32.46043019480519 0.046597045898437495 0.15625 
32.519254599567105 0.04608306884765625 0.15625 
30.975177218614714 0.0526356201171875 0.14583333333333334 
31.97804626623377 0.04956719970703125 0.13541666666666666 
32.96805817099567 0.04515582275390625 0.15625 
29.45245995670996 0.067829833984375 0.13541666666666666 
29.66573079004329 0.0761978759765625 0.11458333333333333 
29.860147456709957 0.0654600830078125 0.14583333333333334 
29.531799242424245 0.07788336181640625 0.11458333333333333 
30.552320075757574 0.06000921630859375 0.125 
29.6046295995671 0.07498968505859374 0.125 
32.92712067099567 0.04540380859375 0.15625 
30.333814123376623 0.06286285400390626 0.125 
30.87351055194805 0.05497186279296875 0.14583333333333334 
30.409965909090907 0.0613814697265625 0.125 
30.133861742424244 0.06396343994140626 0.125 
30.259195075757578 0.0631824951171875 0.125 
32.28345102813853 0.047551025390625 0.14583333333333334 
32.700683170995674 0.04494519042968749 0.16666666666666666 
31.856513528138528 0.048889343261718746 0.15625 
29.573480790043288 0.07683038330078125 0.11458333333333333 
30.45214745670996 0.05891778564453125 0.13541666666666666 
29.87729329004329 0.07526348876953123 0.11458333333333333 
31.188278409090913 0.05073321533203125 0.14583333333333334 
32.17215638528138 0.04705340576171875 0.15625 
32.731546266233764 0.04706317138671875 0.13541666666666666 
32.57185876623377 0.0518223876953125 0.125 
30.529695075757576 0.056428710937499994 0.14583333333333334 
30.029924242424244 0.07516918945312501 0.11458333333333333 
30.772230790043288 0.055524230957031254 0.13541666666666666 
30.577736742424246 0.05517907714843749 0.15625 
30.39108495670996 0.062002502441406246 0.125 
31.288778409090906 0.05583837890625 0.125 
31.002528409090907 0.05778015136718749 0.125 
32.05657602813853 0.048175781249999994 0.14583333333333334 
32.62529626623377 0.0473331298828125 0.13541666666666666 
30.175570075757577 0.06160559082031249 0.14583333333333334 
31.91493019480519 0.048324157714843746 0.15625 
32.41644209956711 0.05250640869140625 0.125 
31.083820075757576 0.05762902832031249 0.125 
32.340921266233764 0.04846783447265625 0.13541666666666666 
31.22890340909091 0.055842956542968746 0.125 
30.940757575757573 0.05443640136718749 0.14583333333333334 
31.126677218614713 0.05171936035156249 0.14583333333333334 
31.041456980519477 0.05476580810546875 0.13541666666666666 
32.38078733766234 0.04561614990234375 0.16666666666666666 
30.752772456709955 0.05645617675781249 0.13541666666666666 
30.93502840909091 0.05821179199218749 0.125 
31.823358766233763 0.05474407958984375 0.125 
32.309537337662334 0.04589349365234375 0.16666666666666666 
31.121314123376624 0.053885681152343747 0.13541666666666666 
31.08502840909091 0.05708251953124999 0.125 
31.683004599567102 0.05112170410156249 0.13541666666666666 
32.606546266233764 0.04784417724609375 0.13541666666666666 
31.466665313852815 0.05230126953124999 0.13541666666666666 
31.79193912337662 0.049817504882812495 0.13541666666666666 
30.418718885281386 0.05659515380859376 0.14583333333333334 
29.583840909090906 0.07675415039062498 0.125 
30.917215909090906 0.05859063720703125 0.125 
31.774281385281387 0.04940179443359375 0.14583333333333334 
30.02423674242424 0.063852783203125 0.13541666666666666 
32.46987959956711 0.04801715087890625 0.13541666666666666 
31.49951352813853 0.050102294921875 0.15625 
30.646552218614715 0.05586981201171874 0.14583333333333334 
32.047870670995664 0.04684747314453125 0.16666666666666666 
31.943763528138525 0.048099121093749996 0.15625 
29.928561147186144 0.06690753173828125 0.125 
30.24669507575758 0.06219873046875 0.13541666666666666 
30.67080221861472 0.05886126708984374 0.125 
30.155659361471862 0.06263641357421874 0.14583333333333334 
29.928403409090908 0.06427545166015625 0.15625 
33.99790151515151 0.051657470703125 0.125 
35.13025865800866 0.04965521240234375 0.125 
34.96383008658008 0.045926208496093746 0.13541666666666666 
34.58752056277056 0.04670257568359375 0.13541666666666666 
34.46694913419913 0.04690618896484374 0.13541666666666666 
35.53195508658008 0.04493286132812499 0.13541666666666666 
34.6607288961039 0.045974426269531236 0.13541666666666666 
35.424330086580085 0.04512615966796874 0.13541666666666666 
35.398115800865796 0.049243530273437496 0.125 
35.49575865800866 0.04885516357421874 0.125 
34.644806277056276 0.05043157958984375 0.125 
35.10207413419913 0.045505615234375 0.13541666666666666 
35.4781158008658 0.049039916992187495 0.125 
34.89338365800866 0.04966552734375 0.125 
34.629449134199135 0.046498962402343746 0.13541666666666666 
34.0486158008658 0.05048834228515624 0.125 
33.71973484848485 0.05166802978515624 0.125 
34.87431520562771 0.0533153076171875 0.11458333333333333 
34.589538419913424 0.0562864990234375 0.11458333333333333 
34.706458062770565 0.05553887939453125 0.11458333333333333 
