28.77927489177489 0.05697253417968749 0.11458333333333333 
28.122786796536793 0.0571451416015625 0.125 
27.878724296536795 0.062800537109375 0.11458333333333333 
27.827950487012988 0.05980859374999999 0.125 
30.90211688311688 0.043789367675781246 0.13541666666666666 
30.981997835497832 0.043519409179687496 0.14583333333333334 
29.28643831168831 0.05003686523437499 0.125 
30.097932629870126 0.05169793701171875 0.11458333333333333 
31.443016504329 0.042907531738281254 0.13541666666666666 
30.088846320346317 0.04575115966796875 0.14583333333333334 
28.87520048701299 0.052000366210937496 0.125 
31.097346861471863 0.04481573486328125 0.125 
30.532441558441555 0.04609222412109375 0.125 
29.38319155844156 0.0485233154296875 0.14583333333333334 
27.62711715367965 0.06117510986328125 0.13541666666666666 
27.49280762987013 0.07434466552734374 0.11458333333333333 
29.489849296536796 0.05336059570312499 0.11458333333333333 
29.107295725108223 0.055139770507812505 0.11458333333333333 
27.33201298701299 0.06402972412109374 0.13541666666666666 
29.759354978354974 0.0479705810546875 0.125 
28.772983225108227 0.052293823242187495 0.14583333333333334 
28.495783820346322 0.0547269287109375 0.125 
28.4477362012987 0.0585413818359375 0.11458333333333333 
27.986271915584418 0.05753002929687499 0.13541666666666666 
28.9597362012987 0.05141552734375 0.13541666666666666 
27.713334686147185 0.06457281494140624 0.11458333333333333 
30.90817938311688 0.049795715332031254 0.11458333333333333 
30.098965367965366 0.0459400634765625 0.13541666666666666 
27.591328463203467 0.06393853759765625 0.125 
28.460986201298702 0.054410888671875005 0.13541666666666666 
27.377890963203463 0.06595318603515625 0.125 
28.158069534632034 0.061030029296874996 0.11458333333333333 
29.482477272727273 0.0485233154296875 0.13541666666666666 
29.688354978354976 0.0483778076171875 0.125 
27.125950757575758 0.07709820556640626 0.11458333333333333 
26.871516233766233 0.08287377929687499 0.125 
27.405575757575754 0.07625897216796874 0.11458333333333333 
32.14882413419913 0.0491456298828125 0.11458333333333333 
31.43865909090909 0.04334381103515625 0.14583333333333334 
26.8864448051948 0.078705322265625 0.13541666666666666 
30.644825757575756 0.04546630859374999 0.14583333333333334 
27.228632305194804 0.0710693359375 0.13541666666666666 
28.40105140692641 0.05623706054687498 0.14583333333333334 
30.45150730519481 0.0476546630859375 0.125 
27.14175730519481 0.06792541503906249 0.14583333333333334 
32.20726758658009 0.042254089355468746 0.13541666666666666 
32.09698187229437 0.0417850341796875 0.15625 
27.091697781385285 0.07176055908203124 0.125 
28.35755005411255 0.05659649658203124 0.14583333333333334 
28.663275162337662 0.05418725585937499 0.15625 
31.282767586580086 0.0436859130859375 0.13541666666666666 
30.898529491341993 0.0436285400390625 0.15625 
27.589882305194806 0.06388049316406248 0.14583333333333334 
27.31997159090909 0.06670141601562499 0.13541666666666666 
28.356251352813853 0.056865295410156246 0.13541666666666666 
30.64893425324675 0.04553863525390624 0.13541666666666666 
30.55126758658009 0.04484423828124999 0.15625 
27.502728625541124 0.06402197265625 0.13541666666666666 
32.01983901515151 0.0419383544921875 0.14583333333333334 
29.97606574675325 0.04787786865234374 0.13541666666666666 
28.708851461038954 0.053903930664062495 0.14583333333333334 
30.690817099567095 0.051505615234375 0.11458333333333333 
28.33747077922078 0.057069580078124994 0.125 
