32.77589772727273 0.07017919921875 0.041666666666666664 
33.355788419913424 0.06170452880859374 0.052083333333333336 
32.78947862554112 0.06859893798828125 0.03125 
33.02118695887446 0.06649029541015625 0.03125 
33.1197316017316 0.06267694091796876 0.03125 
33.411729978354984 0.060831909179687504 0.03125 
33.57620616883116 0.060161193847656246 0.03125 
34.509411796536796 0.06011511230468749 0.03125 
34.6663281926407 0.05624554443359375 0.03125 
32.17965151515151 0.07206402587890626 0.041666666666666664 
32.99311742424243 0.063231689453125 0.041666666666666664 
32.3621158008658 0.0809544677734375 0.03125 
34.00302353896103 0.059660400390625 0.041666666666666664 
