31.845489989177487 0.06329443359375 0.15625 
31.665850108225108 0.066423828125 0.14583333333333334 
31.59436796536797 0.06944677734375 0.14583333333333334 
32.10519534632034 0.0603233642578125 0.14583333333333334 
32.7063262987013 0.05874548339843749 0.14583333333333334 
32.63095725108225 0.06431121826171875 0.13541666666666666 
32.964552489177485 0.059508544921874997 0.13541666666666666 
33.874969155844155 0.058540100097656256 0.13541666666666666 
34.2825762987013 0.055477661132812495 0.13541666666666666 
31.854659632034632 0.06521337890625 0.13541666666666666 
31.491589015151515 0.0718115234375 0.15625 
31.25885091991342 0.07566632080078124 0.13541666666666666 
34.353550324675325 0.06456451416015625 0.125 
29.578768668831167 0.1022249755859375 0.13541666666666666 
29.528815205627705 0.109416748046875 0.125 
29.767706709956713 0.14265228271484376 0.11458333333333333 
30.003977002164504 0.09579302978515625 0.13541666666666666 
29.963768668831165 0.10271380615234374 0.125 
30.00324837662338 0.11880200195312499 0.11458333333333333 
30.600969155844155 0.08025579833984375 0.14583333333333334 
30.503980519480518 0.08315252685546876 0.13541666666666666 
30.414923971861477 0.08706512451171874 0.125 
31.237545995670995 0.07651745605468749 0.14583333333333334 
30.95567261904762 0.07723028564453124 0.13541666666666666 
30.589944805194808 0.08306622314453124 0.125 
30.405727543290045 0.09128155517578124 0.11458333333333333 
31.260174242424238 0.071903076171875 0.13541666666666666 
30.81365313852814 0.0803326416015625 0.125 
31.756861742424235 0.07047961425781249 0.13541666666666666 
31.32874242424242 0.0768702392578125 0.125 
30.901831709956706 0.08492016601562499 0.11458333333333333 
31.483626352813854 0.07314410400390624 0.125 
32.03829924242424 0.06657843017578124 0.125 
31.64588257575757 0.07929559326171876 0.11458333333333333 
32.87911742424242 0.06572344970703124 0.125 
31.911317911255413 0.0761451416015625 0.11458333333333333 
32.891483495671 0.06891522216796875 0.11458333333333333 
29.732802218614715 0.09697039794921875 0.13541666666666666 
30.182519480519478 0.08882757568359376 0.14583333333333334 
30.182561147186142 0.09167169189453125 0.125 
30.20664745670996 0.09865191650390626 0.11458333333333333 
30.72488257575758 0.0815186767578125 0.13541666666666666 
30.70245698051948 0.09038922119140626 0.11458333333333333 
31.448153409090907 0.0767646484375 0.125 
31.530486742424237 0.08173199462890625 0.11458333333333333 
32.65938555194805 0.0739583740234375 0.11458333333333333 
