32.49114177489177 0.042793457031249996 0.03125 
32.70764177489177 0.0423895263671875 0.03125 
32.082353896103896 0.04384906005859374 0.03125 
30.781937229437233 0.05077215576171874 0.03125 
31.911520562770562 0.0446734619140625 0.03125 
32.69582927489178 0.04240985107421875 0.03125 
32.33280844155844 0.0429791259765625 0.03125 
32.067353896103896 0.04384906005859375 0.03125 
32.77187472943723 0.0420169677734375 0.03125 
30.790440476190476 0.05056500244140625 0.03125 
31.896520562770558 0.044673461914062504 0.03125 
32.95482927489178 0.041622314453124996 0.03125 
32.1648538961039 0.043373779296875 0.03125 
30.804940476190477 0.05036138916015624 0.03125 
33.69465882034632 0.041429016113281245 0.03125 
32.10306818181819 0.043839904785156245 0.03125 
31.974520562770568 0.0443739013671875 0.03125 
31.624020562770568 0.04612860107421875 0.03125 
31.30175865800866 0.04766387939453125 0.03125 
31.94652056277056 0.04454669189453124 0.03125 
31.63675865800866 0.04584637451171875 0.03125 
32.005568181818184 0.044315185546875 0.03125 
30.836369047619048 0.050164062499999995 0.03125 
30.72800865800866 0.05095465087890625 0.03125 
32.04402056277056 0.044071411132812495 0.03125 
31.75759199134199 0.04514874267578124 0.03125 
30.93159632034632 0.0497694091796875 0.03125 
30.892619047619053 0.0500799560546875 0.03125 
32.897329274891774 0.042005920410156244 0.03125 
30.64592532467533 0.05138568115234375 0.03125 
32.57037472943723 0.0424208984375 0.03125 
30.931758658008665 0.049572082519531255 0.03125 
32.323187229437224 0.043188110351562496 0.03125 
30.902258658008655 0.04977569580078125 0.03125 
29.94059253246753 0.062109375 0.03125 
30.948471861471866 0.0492747802734375 0.03125 
30.961388528138524 0.04889581298828125 0.03125 
31.492221861471858 0.04624493408203125 0.041666666666666664 
30.343471861471862 0.052397460937499994 0.03125 
31.366117694805194 0.04649700927734375 0.03125 
30.343159361471862 0.052604736328125 0.03125 
30.531513528138532 0.05181121826171875 0.03125 
30.1534926948052 0.0558594970703125 0.03125 
31.51903436147186 0.046222961425781244 0.03125 
31.12222186147186 0.04815313720703125 0.03125 
30.761951028138533 0.050919372558593745 0.03125 
31.651805194805195 0.04541058349609375 0.041666666666666664 
31.548055194805194 0.04568792724609375 0.041666666666666664 
31.20455519480519 0.04766595458984375 0.03125 
31.31028436147186 0.04705401611328124 0.03125 
30.537513528138525 0.05180090332031251 0.03125 
30.901513528138526 0.04990301513671875 0.041666666666666664 
31.84534686147186 0.0448060302734375 0.041666666666666664 
30.974971861471865 0.0488675537109375 0.03125 
30.640388528138534 0.05140399169921874 0.03125 
31.915090909090907 0.044651306152343744 0.03125 
31.69301055194805 0.045511901855468745 0.03125 
31.091326028138532 0.04841851806640625 0.03125 
31.66884090909091 0.045757751464843746 0.03125 
31.30747186147186 0.0469593505859375 0.041666666666666664 
30.025787337662337 0.056821411132812506 0.03125 
31.14044805194805 0.0478592529296875 0.03125 
30.708573051948054 0.051178222656249994 0.03125 
31.754930194805194 0.044960205078125 0.041666666666666664 
31.86276948051948 0.04469012451171875 0.03125 
30.115992694805197 0.0563365478515625 0.03125 
30.60038852813853 0.051611267089843746 0.03125 
30.40972186147186 0.05199688720703125 0.03125 
31.92455519480519 0.04436755371093749 0.041666666666666664 
30.303805194805193 0.0548017578125 0.03125 
30.609638528138532 0.051603942871093746 0.03125 
