27.758979166666666 0.0586788330078125 0.19840548653678472 
28.582776785714287 0.05227764892578125 0.19729440171933654 
29.19199107142857 0.046237060546875 0.21059420945532545 
29.30032440476191 0.04602978515625 0.21106916758046537 
29.54843154761905 0.04867974853515625 0.20066981297430098 
28.374026785714285 0.05405499267578125 0.1966309772246367 
28.313491071428576 0.05516253662109375 0.19377448330968047 
29.093419642857146 0.046631713867187494 0.21017574177611623 
28.875991071428576 0.05286163330078124 0.19524991550215828 
29.78593154761905 0.04845758056640625 0.20102503444796396 
28.772776785714292 0.051050598144531244 0.19797155610176329 
29.548014880952383 0.04886480712890625 0.2002593596047846 
28.680991071428572 0.05342279052734374 0.19477495737701833 
29.34943154761904 0.04566174316406249 0.2123718510218057 
29.310514880952383 0.04908697509765625 0.19990413813112162 
28.214098214285713 0.0524647216796875 0.20063188472048596 
29.081348214285715 0.049925476074218746 0.19895711045310657 
28.428491071428574 0.056135803222656246 0.19253347327660533 
28.719562500000002 0.054666015624999995 0.19351998018765074 
28.16508035714286 0.053680908203125 0.20268184758035188 
28.16686607142857 0.053369934082031244 0.20403068591325413 
29.85940773809524 0.0451610107421875 0.2062392475008629 
29.121931547619045 0.046440673828125 0.21165312590944274 
29.513848214285712 0.049142150878906256 0.19978729005190954 
29.233157738095237 0.046452636718749996 0.2056165101872485 
28.873026785714284 0.047746337890625004 0.20876338584909515 
28.207223214285712 0.05371917724609374 0.19857240757582248 
29.877741071428566 0.044331909179687504 0.2083045063560409 
27.880812499999998 0.060260253906250005 0.1916982579075818 
27.584812499999998 0.060821411132812496 0.19226812733904222 
28.795336309523805 0.047961914062500006 0.20505688298501554 
27.8279375 0.055776550292968755 0.19930243122184602 
29.49568154761905 0.04525085449218749 0.21261810286252528 
28.8993125 0.05202593994140625 0.19563187829948547 
30.191848214285717 0.04371740722656249 0.21037534949405715 
29.25444345238095 0.0470787353515625 0.20332348199788752 
28.06963392857143 0.0563360595703125 0.19575075292438027 
28.54499107142857 0.053374328613281244 0.19618694029089298 
29.427026785714286 0.045986694335937495 0.20614342305679512 
27.817312500000003 0.05638232421875 0.19839186127096817 
28.042312499999998 0.0579609375 0.1929009091822134 
28.93036607142857 0.04936187744140625 0.200482388822294 
29.289264880952384 0.05013067626953125 0.19837722272914082 
28.314741071428568 0.051069885253906246 0.20160135568159165 
27.89213392857143 0.058909057617187496 0.19335001951295128 
27.76224107142857 0.06055145263671875 0.1912372669387343 
29.624348214285714 0.04433190917968749 0.20955402400939752 
28.386229166666663 0.05612841796875 0.19299157567318795 
29.58561011904762 0.044705566406249994 0.20888079403224621 
27.9273125 0.05824841308593749 0.19447616025118386 
29.866306547619047 0.04625201416015624 0.20468199646614327 
29.66053273809524 0.046659240722656245 0.20308611145326702 
28.946264880952377 0.04799475097656249 0.20280803513911638 
28.154633928571428 0.0568319091796875 0.1935078432309825 
29.514264880952386 0.04895709228515625 0.2001977434214259 
28.01222321428571 0.05453997802734374 0.1980974494506825 
29.27634821428571 0.049364318847656255 0.19943206857824655 
28.710026785714284 0.048734985351562496 0.2050064189461953 
28.85227083333333 0.048699279785156244 0.2024911572315412 
28.069937499999998 0.05410894775390625 0.2056169043522785 
28.2233125 0.05180889892578124 0.1998853875233765 
28.76037202380952 0.0479893798828125 0.20440510645030505 
27.90884821428571 0.055235107421875 0.19874412916619613 
30.019110119047618 0.04533471679687501 0.20564211685484754 
28.8945625 0.05400140380859375 0.19395241502315239 
29.35860416666667 0.04679632568359375 0.2037086971905185 
29.27690178571429 0.04622479248046875 0.2070389992996863 
29.103419642857148 0.050730163574218744 0.19687357493353166 
29.07262797619047 0.047575988769531244 0.20450738282291012 
27.628264880952383 0.0589049072265625 0.19525488053703902 
28.69849107142857 0.053374328613281244 0.19492659581724717 
29.284764880952377 0.047772583007812494 0.20211842905617902 
28.9570625 0.05444384765625 0.19387520166131375 
28.91224107142857 0.0467381591796875 0.2075406095194027 
28.127669642857143 0.05406665039062499 0.2002818236280924 
28.470991071428568 0.049514709472656245 0.20248029709333695 
28.693729166666664 0.04897528076171875 0.20173960668331445 
29.786312499999998 0.0450709228515625 0.20658853819782577 
28.793866071428575 0.04958404541015625 0.19908233979203063 
29.56910416666667 0.04739825439453125 0.20137014329505196 
28.57212202380952 0.04910400390625 0.20216254035358702 
28.421437500000003 0.05041516113281249 0.19963824206719857 
27.553979166666664 0.06268994140625 0.1914603923550208 
28.490991071428574 0.05464984130859374 0.1940978029945916 
29.249491071428576 0.05124700927734375 0.19551282824897956 
29.386098214285717 0.04544653320312499 0.20836803692977335 
29.45911011904762 0.045484497070312505 0.20711724136328288 
28.732979166666667 0.051535339355468744 0.19677370718170475 
28.451348214285712 0.050929199218749985 0.19840689957991195 
27.84152678571428 0.056643310546875006 0.19521302152967404 
28.00564583333333 0.059402343749999996 0.19201068871588842 
28.33509821428571 0.058781738281249996 0.1918407544446045 
28.85725892857143 0.051629150390625 0.19617692318347033 
29.35965773809524 0.0456737060546875 0.20738006285621183 
29.526931547619046 0.04514904785156249 0.2126951707067168 
28.35133630952381 0.0527857666015625 0.1992532633363799 
27.792812500000004 0.05955218505859374 0.19217816965775905 
29.65024107142857 0.04511083984374999 0.2075857812436779 
28.397241071428574 0.05763897705078125 0.1921933684668166 
29.742056547619047 0.044321960449218746 0.20856600290256666 
28.040694444444444 0.06957843017578125 0.19111335882763802 
27.901319444444447 0.07090435791015624 0.19049727904433236 
27.802194444444446 0.078405029296875 0.19049855994829457 
29.447807539682536 0.0490230712890625 0.2006121942013003 
29.23360615079365 0.04893713378906249 0.2020005764192665 
27.91774801587302 0.06800457763671874 0.19116886473601355 
27.98422222222222 0.0700694580078125 0.189865777550788 
27.53616865079365 0.07049615478515625 0.2090586863653904 
