26.285651785714286 0.076510498046875 0.1818407292246834 
26.53535416666666 0.06424230957031249 0.1943981982665429 
26.920666666666666 0.060005432128906244 0.1961506780178038 
28.195869047619045 0.050718627929687496 0.1985345855473185 
30.656429563492065 0.04250811767578124 0.21636510447991894 
29.082238095238097 0.045677429199218744 0.20670919737746088 
29.68871626984127 0.04354565429687499 0.21410207487129443 
27.871723214285716 0.053437988281249994 0.19207513766255047 
26.76401488095238 0.06948986816406251 0.18286658305552095 
27.12525892857143 0.0593231201171875 0.19436906598522788 
29.87216964285714 0.04571771240234375 0.20248202933996665 
28.875056547619046 0.050336914062499995 0.19439937260190165 
26.666306547619048 0.07291406249999999 0.1812583270435779 
30.413608134920633 0.0441312255859375 0.20757583182826359 
26.35255654761905 0.06940167236328124 0.18952389563210015 
26.982348214285715 0.06633428955078124 0.1832567508540742 
28.482973214285714 0.051568481445312495 0.19309408065885417 
27.260145833333333 0.05745397949218749 0.19223098465967348 
26.799639880952384 0.06272747802734376 0.18979478856123624 
28.039625 0.0506138916015625 0.20219061567274343 
26.84245238095238 0.06116729736328125 0.19188500972761313 
26.481321428571427 0.07587042236328125 0.18240451267405475 
28.820979166666667 0.049939331054687494 0.19804283163173206 
27.31577083333333 0.05601232910156249 0.1973530171614023 
27.01088988095238 0.061913208007812505 0.18747963975457296 
28.91297222222222 0.045449157714843744 0.21248472098997784 
27.461723214285712 0.05758721923828125 0.1880629794056424 
28.93279464285714 0.04773876953124999 0.2017345009076049 
27.576270833333332 0.05413983154296875 0.19876365531362927 
27.12588988095238 0.059234802246093746 0.19133214160141607 
27.884535714285715 0.0553929443359375 0.19007070804546197 
26.41559226190476 0.0718714599609375 0.18338909295316372 
27.948428571428565 0.04999426269531249 0.20738871136551587 
27.546485119047617 0.055007141113281255 0.19186973365076243 
28.49209523809524 0.04808636474609375 0.20531130344265666 
27.591574404761907 0.0538759765625 0.19492969785867195 
27.225175595238095 0.05961083984375 0.18727994735495132 
27.69182738095238 0.056693359374999995 0.188323252000589 
27.2776755952381 0.05720141601562499 0.18937905853851386 
27.28535416666666 0.056076293945312494 0.19559646082364793 
27.953964285714285 0.05204229736328124 0.20000054701724093 
28.326166666666666 0.04764447021484374 0.2097966549357686 
26.227973214285715 0.07663043212890623 0.18363635755306995 
26.620354166666665 0.06474304199218749 0.1928632134985012 
26.99505654761905 0.06070635986328125 0.18914900264541357 
27.480369047619046 0.056696289062499995 0.18945874331136273 
28.07786904761905 0.0517393798828125 0.19605040241133453 
27.706999999999994 0.05241925048828124 0.20277473336676968 
26.33588988095238 0.0700142822265625 0.18635130296295913 
28.929938492063492 0.0478187255859375 0.20640921115167896 
28.34928373015873 0.0499051513671875 0.20871726557065542 
30.963855158730155 0.04335461425781249 0.21361447504086797 
29.74761706349206 0.0454013671875 0.2105146060375276 
28.787704365079367 0.0497900390625 0.2017020233879134 
26.7974751984127 0.0607105712890625 0.19263683247845653 
26.98949900793651 0.05990325927734373 0.19215526880361156 
29.385167658730154 0.04614947509765625 0.20386735516725984 
27.601741071428574 0.05461560058593749 0.19452368279061272 
27.9599751984127 0.053712341308593745 0.19048764821947928 
26.5634623015873 0.07262786865234373 0.18338848990811893 
26.90467261904762 0.0635677490234375 0.18451432021128067 
28.617078373015875 0.050750366210937495 0.19453242037000548 
29.984849206349203 0.04455419921874999 0.2056660441623007 
26.698010912698415 0.06542987060546875 0.18434925546000838 
26.89653273809524 0.060664794921875 0.19462545778781962 
27.930421626984128 0.05238464355468749 0.19539532438721063 
26.688774801587307 0.06274108886718749 0.19192139269630237 
27.856830357142854 0.05407977294921875 0.19283093138954 
27.02833333333333 0.0627049560546875 0.1830607659552712 
30.008194444444445 0.044172119140625 0.21278601746311168 
26.55058035714286 0.06667340087890625 0.1840516323615189 
29.048605158730158 0.05082525634765624 0.19316637674291182 
28.84064781746032 0.0486839599609375 0.19671837134613404 
27.437266865079362 0.056368469238281246 0.1900437074692364 
27.1799751984127 0.058093078613281245 0.19004370702046355 
28.292259920634923 0.056403991699218746 0.18676678859508797 
29.705807539682542 0.04624438476562499 0.2009766881927744 
27.141510912698415 0.06095996093749999 0.18627341743916923 
28.49695734126984 0.05229296875 0.19139877409879658 
29.091843253968257 0.05206683349609374 0.19059585914039154 
28.61873511904762 0.04892962646484374 0.20481988348314628 
27.645136904761905 0.05794879150390625 0.18605079347651274 
26.916128968253968 0.0690572509765625 0.18277679193442156 
27.191225198412702 0.05957025146484375 0.18770697789526922 
28.00597321428571 0.05197918701171874 0.20306168830158047 
26.760600198412696 0.06300286865234375 0.18599577574200155 
27.875975198412696 0.056087097167968746 0.18682524975226142 
28.31798908730159 0.053869934082031244 0.1895356572810799 
26.96212797619048 0.060433898925781236 0.19012117804625536 
27.09019345238095 0.05895684814453125 0.1946449191598303 
29.25255257936508 0.04842395019531249 0.1957587163245054 
28.470366071428565 0.05030499267578124 0.1979724648970058 
27.53025297619048 0.05543841552734376 0.19743884474175952 
27.273407738095237 0.0574447021484375 0.19208975434495593 
26.711364087301586 0.06261309814453124 0.19012396514709126 
26.40282242063492 0.06694299316406249 0.18586403110927896 
27.282316468253963 0.057090026855468747 0.19883958030588275 
27.984010912698416 0.0548380126953125 0.18852983953339528 
27.398511904761904 0.05938958740234375 0.18680554050850695 
28.73771726190476 0.04818011474609375 0.20367996967279092 
27.909300595238097 0.0525604248046875 0.20132403954311515 
27.953797619047624 0.0580128173828125 0.18540707130477022 
27.011413690476196 0.062071044921874985 0.1863289710402188 
27.22585119047619 0.0626527099609375 0.18430573402115444 
27.444568452380953 0.055590698242187486 0.19536477588195691 
27.457752976190477 0.05734149169921874 0.18854998407444312 
27.67323214285714 0.05918060302734375 0.18473034485895126 
27.69581646825397 0.05586804199218749 0.18849431926531998 
27.364725198412703 0.06014410400390624 0.1841245685014593 
26.752683531746037 0.06297222900390624 0.18803491628122607 
26.621225198412695 0.0643568115234375 0.18785203202591727 
27.701949404761905 0.055241760253906244 0.19048247660544473 
27.01087797619048 0.060433898925781236 0.18789570383993345 
28.127683531746033 0.05232122802734375 0.19244514534975768 
26.603468253968252 0.06488012695312499 0.1889591530771769 
26.711134920634926 0.0636666259765625 0.19128887159089394 
27.099986111111114 0.05779864501953125 0.20116238519720117 
26.667093253968254 0.06400848388671875 0.19332479850805528 
26.88595634920635 0.060666015625 0.19594227773650164 
27.495898809523812 0.05540875244140625 0.207013486869383 
27.122902777777778 0.057250305175781245 0.2036739274663637 
