28.76322098734598 3.0
28.76322098734598 3.0
28.76322098734598 3.0
28.76322098734598 3.0
28.76322098734598 3.0
28.76322098734598 3.0
28.76322098734598 3.0
28.76322098734598 3.0
28.76322098734598 3.0
28.76322098734598 3.0
28.76322098734598 3.0
28.76322098734598 3.0
28.76322098734598 3.0
28.76322098734598 3.0
28.812720987345983 3.0
28.812720987345983 3.0
28.812720987345983 3.0
28.812720987345983 3.0
28.812720987345983 3.0
28.812720987345983 3.0
28.812720987345983 3.0
28.812720987345983 3.0
28.950836371961373 2.0
28.950836371961373 2.0
28.99133637196137 2.0