31.897881682644844 4.0
31.897881682644844 4.0
31.897881682644844 4.0
31.897881682644844 4.0
31.897881682644844 4.0
31.897881682644844 4.0
31.897881682644844 4.0
31.897881682644844 4.0
31.897881682644844 4.0
31.897881682644844 4.0
31.897881682644844 4.0
31.897881682644844 4.0
31.897881682644844 4.0
31.897881682644844 4.0
31.897881682644844 4.0
31.897881682644844 4.0
31.897881682644844 4.0
31.90807399033715 3.0
31.90807399033715 3.0
31.90807399033715 3.0
31.90807399033715 3.0
31.90807399033715 3.0
31.90807399033715 3.0
31.90807399033715 3.0
31.90807399033715 3.0
31.90807399033715 3.0
31.90807399033715 3.0
31.90807399033715 3.0
31.90807399033715 3.0
31.90807399033715 3.0
31.90807399033715 3.0
31.90807399033715 3.0
31.90807399033715 3.0
31.90807399033715 3.0
31.90807399033715 3.0
31.90807399033715 3.0
31.918490657003815 3.0
31.918490657003815 3.0
31.918490657003815 3.0
31.918490657003815 3.0
31.932359704622865 2.0
31.932359704622865 2.0
31.932359704622865 2.0
31.932359704622865 2.0
31.932359704622865 2.0
31.932359704622865 2.0
31.932359704622865 2.0
31.932359704622865 2.0
31.932359704622865 2.0
31.932359704622865 2.0
31.932359704622865 2.0
31.932359704622865 2.0
31.932359704622865 2.0
31.932359704622865 2.0
31.94277637128953 2.0
31.94277637128953 2.0
31.94277637128953 2.0
31.94277637128953 2.0