28.76322098734598 3.0
28.76322098734598 3.0
28.76322098734598 3.0
28.76322098734598 3.0
28.76322098734598 3.0
28.76322098734598 3.0
28.76322098734598 3.0
28.76322098734598 3.0
28.76322098734598 3.0
28.76322098734598 3.0
28.76322098734598 3.0
28.76322098734598 3.0
28.76322098734598 3.0
28.76322098734598 3.0
28.76322098734598 3.0
28.76322098734598 3.0
28.76322098734598 3.0
28.76322098734598 3.0
28.76322098734598 3.0
28.76322098734598 3.0
28.76322098734598 3.0
28.76322098734598 3.0
28.76322098734598 3.0
28.76322098734598 3.0
28.76322098734598 3.0
28.76322098734598 3.0
28.796506701631706 3.0
28.796506701631706 3.0
28.796506701631706 3.0
28.796506701631706 3.0
28.796506701631706 3.0
28.796506701631706 3.0
28.796506701631706 3.0
28.796506701631706 3.0
28.796506701631706 3.0
28.796506701631706 3.0
28.796506701631706 3.0
28.796506701631706 3.0
28.796506701631706 3.0
28.796506701631706 3.0
28.796506701631706 3.0
28.796506701631706 3.0
28.950836371961373 2.0
28.950836371961373 2.0
28.950836371961373 2.0
28.950836371961373 2.0
28.950836371961373 2.0
28.950836371961373 2.0
28.950836371961373 2.0
28.950836371961373 2.0
28.950836371961373 2.0
28.950836371961373 2.0
28.950836371961373 2.0
28.950836371961373 2.0
28.950836371961373 2.0
28.950836371961373 2.0
28.950836371961373 2.0
28.950836371961373 2.0
28.950836371961373 2.0
28.950836371961373 2.0
28.950836371961373 2.0
28.950836371961373 2.0
28.950836371961373 2.0
28.950836371961373 2.0
28.950836371961373 2.0