2024-02-14 21:12:39.623132 1 49.62516245421244 49.62516245421244 40.0 4.099692307692307 0.07461450195312501 0.025690399368941862 600.7284462483724 0.13122171945701358 
2024-02-14 21:12:39.623132 1 49.488835897435905 49.488835897435905 36.0 4.082813186813187 0.0811650390625 0.037297552390575445 540.1081471354167 0.12669683257918551 
2024-02-14 21:12:39.623132 1 48.3449858974359 48.3449858974359 39.0 4.080625152625153 0.0781235107421875 0.03151545634030041 593.6077585042317 0.13574660633484162 
2024-02-14 21:12:39.623132 1 48.543524053724056 48.543524053724056 37.0 3.9943095238095236 0.0806195556640625 0.03267585895202812 574.4243193766276 0.12669683257918551 
2024-02-14 21:12:39.623132 1 50.36925445665446 50.36925445665446 33.0 4.234990231990231 0.081129296875 0.03684796201614387 545.5489894205729 0.13122171945701358 
2024-02-14 21:12:39.805155 2 49.12725732600733 49.12725732600733 41.0 4.083575091575092 0.073741015625 0.025002949036464685 591.9737186279297 0.11764705882352941 
2024-02-14 21:12:39.805155 2 50.36925445665446 50.36925445665446 33.0 4.234990231990231 0.081129296875 0.03684796201614387 545.5489894205729 0.13122171945701358 
2024-02-14 21:12:39.805155 2 51.12621886446887 51.12621886446887 36.0 4.201250915750916 0.0726810546875 0.02770505907329557 534.5522553304037 0.14027149321266968 
2024-02-14 21:12:39.805155 2 47.856565018315024 47.856565018315024 36.0 4.083274114774115 0.0828680419921875 0.03141885648636525 547.4494966634114 0.14479638009049775 
2024-02-14 21:12:39.805155 2 49.488835897435905 49.488835897435905 36.0 4.082813186813187 0.0811650390625 0.037297552390575445 540.1081471354167 0.12669683257918551 
2024-02-14 21:12:39.805155 2 47.572890659340665 47.572890659340665 39.0 3.9122680097680096 0.073917236328125 0.02265419857710606 599.3566944580078 0.13122171945701358 
2024-02-14 21:12:39.805155 2 49.875881196581204 49.875881196581204 37.0 4.183031746031746 0.07647067871093749 0.029143454993354613 560.6517090657551 0.13122171945701358 
2024-02-14 21:12:39.805155 2 48.543524053724056 48.543524053724056 37.0 3.9943095238095236 0.0806195556640625 0.03267585895202812 574.4243193766276 0.12669683257918551 
2024-02-14 21:12:39.805155 2 47.65747643467644 47.65747643467644 38.0 3.9843095238095243 0.08022531738281251 0.028112712531720967 598.8746157633464 0.12217194570135746 
2024-02-14 21:12:39.805155 2 48.4015568986569 48.4015568986569 36.0 4.013158119658119 0.078538232421875 0.031415093731715714 558.7636434326172 0.13574660633484162 
2024-02-14 21:12:39.986457 3 47.856565018315024 47.856565018315024 36.0 4.083274114774115 0.0828680419921875 0.03141885648636525 547.4494966634114 0.14479638009049775 
2024-02-14 21:12:39.986457 3 50.36925445665446 50.36925445665446 33.0 4.234990231990231 0.081129296875 0.03684796201614387 545.5489894205729 0.13122171945701358 
2024-02-14 21:12:39.986457 3 49.05120018315018 49.05120018315018 36.0 4.005379120879121 0.076071923828125 0.024553457950808984 533.3788120930989 0.12217194570135746 
2024-02-14 21:12:39.986457 3 50.18823473748475 50.18823473748475 37.0 4.088028693528694 0.0689784423828125 0.025650523165852476 550.4063844401043 0.14027149321266968 
2024-02-14 21:12:39.986457 3 47.572890659340665 47.572890659340665 39.0 3.9122680097680096 0.073917236328125 0.02265419857710606 599.3566944580078 0.13122171945701358 
2024-02-14 21:12:39.986457 3 49.1201605006105 49.1201605006105 39.0 4.042347374847375 0.07246748046875 0.02218353384028439 621.0556927897135 0.13122171945701358 
2024-02-14 21:12:39.986457 3 51.12621886446887 51.12621886446887 36.0 4.201250915750916 0.0726810546875 0.02770505907329557 534.5522553304037 0.14027149321266968 
2024-02-14 21:12:39.986457 3 49.12725732600733 49.12725732600733 41.0 4.083575091575092 0.073741015625 0.025002949036464685 591.9737186279297 0.11764705882352941 
2024-02-14 21:12:39.986457 3 50.53210842490842 50.53210842490842 34.0 4.165323565323565 0.075898681640625 0.03298450799769161 534.6391882324218 0.13122171945701358 
2024-02-14 21:12:39.986457 3 48.4015568986569 48.4015568986569 36.0 4.013158119658119 0.078538232421875 0.031415093731715714 558.7636434326172 0.13574660633484162 
2024-02-14 21:12:40.238403 4 49.05120018315018 49.05120018315018 36.0 4.005379120879121 0.076071923828125 0.024553457950808984 533.3788120930989 0.12217194570135746 
2024-02-14 21:12:40.238403 4 51.12621886446887 51.12621886446887 36.0 4.201250915750916 0.0726810546875 0.02770505907329557 534.5522553304037 0.14027149321266968 
2024-02-14 21:12:40.238403 4 50.18823473748475 50.18823473748475 37.0 4.088028693528694 0.0689784423828125 0.025650523165852476 550.4063844401043 0.14027149321266968 
2024-02-14 21:12:40.238403 4 50.36925445665446 50.36925445665446 33.0 4.234990231990231 0.081129296875 0.03684796201614387 545.5489894205729 0.13122171945701358 
2024-02-14 21:12:40.238403 4 47.856565018315024 47.856565018315024 36.0 4.083274114774115 0.0828680419921875 0.03141885648636525 547.4494966634114 0.14479638009049775 
2024-02-14 21:12:40.238403 4 49.12725732600733 49.12725732600733 41.0 4.083575091575092 0.073741015625 0.025002949036464685 591.9737186279297 0.11764705882352941 
2024-02-14 21:12:40.238403 4 48.11875891330891 48.11875891330891 41.0 3.9492838827838828 0.07135126953125 0.021014544188795073 598.2905038248698 0.13122171945701358 
2024-02-14 21:12:40.238403 4 48.4004351037851 48.4004351037851 38.0 3.9843791208791206 0.075893505859375 0.023548884265182007 634.9159127197265 0.13574660633484162 
2024-02-14 21:12:40.238403 4 47.572890659340665 47.572890659340665 39.0 3.9122680097680096 0.073917236328125 0.02265419857710606 599.3566944580078 0.13122171945701358 
2024-02-14 21:12:40.238403 4 50.53210842490842 50.53210842490842 34.0 4.165323565323565 0.075898681640625 0.03298450799769161 534.6391882324218 0.13122171945701358 
2024-02-14 21:12:40.400391 5 50.18823473748475 50.18823473748475 37.0 4.088028693528694 0.0689784423828125 0.025650523165852476 550.4063844401043 0.14027149321266968 
2024-02-14 21:12:40.400391 5 47.856565018315024 47.856565018315024 36.0 4.083274114774115 0.0828680419921875 0.03141885648636525 547.4494966634114 0.14479638009049775 
2024-02-14 21:12:40.400391 5 50.36925445665446 50.36925445665446 33.0 4.234990231990231 0.081129296875 0.03684796201614387 545.5489894205729 0.13122171945701358 
2024-02-14 21:12:40.400391 5 47.572890659340665 47.572890659340665 39.0 3.9122680097680096 0.073917236328125 0.02265419857710606 599.3566944580078 0.13122171945701358 
2024-02-14 21:12:40.400391 5 48.11875891330891 48.11875891330891 41.0 3.9492838827838828 0.07135126953125 0.021014544188795073 598.2905038248698 0.13122171945701358 
2024-02-14 21:12:40.400391 5 51.352843040293045 51.352843040293045 38.0 4.1378076923076925 0.0765466796875 0.024517993123111693 573.9117719726562 0.14479638009049775 
2024-02-14 21:12:40.400391 5 49.05120018315018 49.05120018315018 36.0 4.005379120879121 0.076071923828125 0.024553457950808984 533.3788120930989 0.12217194570135746 
2024-02-14 21:12:40.400391 5 48.4004351037851 48.4004351037851 38.0 3.9843791208791206 0.075893505859375 0.023548884265182007 634.9159127197265 0.13574660633484162 
2024-02-14 21:12:40.400391 5 49.12725732600733 49.12725732600733 41.0 4.083575091575092 0.073741015625 0.025002949036464685 591.9737186279297 0.11764705882352941 
2024-02-14 21:12:40.400391 5 50.53210842490842 50.53210842490842 34.0 4.165323565323565 0.075898681640625 0.03298450799769161 534.6391882324218 0.13122171945701358 
