2024-02-14 21:12:40.950830 1 48.707343101343106 48.707343101343106 35.0 4.050373015873016 0.0729938720703125 0.026992652840768697 599.4070900065104 0.13574660633484162 
2024-02-14 21:12:40.950830 1 49.632683577533584 49.632683577533584 37.0 4.109224664224664 0.0692519287109375 0.02520993535233676 546.9744973551433 0.12669683257918551 
2024-02-14 21:12:41.194489 2 48.707343101343106 48.707343101343106 35.0 4.050373015873016 0.0729938720703125 0.026992652840768697 599.4070900065104 0.13574660633484162 
2024-02-14 21:12:41.194489 2 49.632683577533584 49.632683577533584 37.0 4.109224664224664 0.0692519287109375 0.02520993535233676 546.9744973551433 0.12669683257918551 
2024-02-14 21:12:41.194489 2 48.65876306471306 48.65876306471306 37.0 4.049247252747253 0.07802424316406249 0.02973019685743504 575.7466151123047 0.14027149321266968 
2024-02-14 21:12:41.194489 2 49.891812942612944 49.891812942612944 33.0 4.120804029304029 0.0664111572265625 0.025290907649337602 522.297428873698 0.12217194570135746 
2024-02-14 21:12:41.194489 2 48.44821373626374 48.44821373626374 37.0 4.038793650793651 0.07583464355468751 0.02761726449533166 590.2710959879557 0.14479638009049775 
2024-02-14 21:12:41.415737 3 48.707343101343106 48.707343101343106 35.0 4.050373015873016 0.0729938720703125 0.026992652840768697 599.4070900065104 0.13574660633484162 
2024-02-14 21:12:41.415737 3 49.632683577533584 49.632683577533584 37.0 4.109224664224664 0.0692519287109375 0.02520993535233676 546.9744973551433 0.12669683257918551 
2024-02-14 21:12:41.415737 3 49.891812942612944 49.891812942612944 33.0 4.120804029304029 0.0664111572265625 0.025290907649337602 522.297428873698 0.12217194570135746 
2024-02-14 21:12:41.415737 3 48.44821373626374 48.44821373626374 37.0 4.038793650793651 0.07583464355468751 0.02761726449533166 590.2710959879557 0.14479638009049775 
2024-02-14 21:12:41.415737 3 48.48055976800977 48.48055976800977 36.0 4.048296092796092 0.0681611083984375 0.022749264102136478 573.915040649414 0.12669683257918551 
2024-02-14 21:12:41.415737 3 49.86978369963371 49.86978369963371 40.0 4.128794871794872 0.07685844726562499 0.021154527338931563 601.7747730305989 0.13122171945701358 
2024-02-14 21:12:41.415737 3 48.399272466422474 48.399272466422474 37.0 4.088502442002442 0.0664661865234375 0.021666714193508057 570.3735552164713 0.12217194570135746 
2024-02-14 21:12:41.605465 4 49.632683577533584 49.632683577533584 37.0 4.109224664224664 0.0692519287109375 0.02520993535233676 546.9744973551433 0.12669683257918551 
2024-02-14 21:12:41.605465 4 49.891812942612944 49.891812942612944 33.0 4.120804029304029 0.0664111572265625 0.025290907649337602 522.297428873698 0.12217194570135746 
2024-02-14 21:12:41.605465 4 48.48055976800977 48.48055976800977 36.0 4.048296092796092 0.0681611083984375 0.022749264102136478 573.915040649414 0.12669683257918551 
2024-02-14 21:12:41.605465 4 48.399272466422474 48.399272466422474 37.0 4.088502442002442 0.0664661865234375 0.021666714193508057 570.3735552164713 0.12217194570135746 
2024-02-14 21:12:41.605465 4 49.094812942612954 49.094812942612954 34.0 4.106994505494506 0.0673892822265625 0.025617435820743512 513.8178225097656 0.12217194570135746 
2024-02-14 21:12:41.605465 4 50.72105421245422 50.72105421245422 32.0 4.200626984126984 0.077896728515625 0.032572393339931956 504.8831033528645 0.12669683257918551 
2024-02-14 21:12:41.605465 4 47.2183057997558 47.2183057997558 35.0 3.9623040293040295 0.064306298828125 0.020535613800051204 547.0815941162109 0.13122171945701358 
2024-02-14 21:12:41.820690 5 49.632683577533584 49.632683577533584 37.0 4.109224664224664 0.0692519287109375 0.02520993535233676 546.9744973551433 0.12669683257918551 
2024-02-14 21:12:41.820690 5 49.891812942612944 49.891812942612944 33.0 4.120804029304029 0.0664111572265625 0.025290907649337602 522.297428873698 0.12217194570135746 
2024-02-14 21:12:41.820690 5 48.48055976800977 48.48055976800977 36.0 4.048296092796092 0.0681611083984375 0.022749264102136478 573.915040649414 0.12669683257918551 
2024-02-14 21:12:41.820690 5 48.399272466422474 48.399272466422474 37.0 4.088502442002442 0.0664661865234375 0.021666714193508057 570.3735552164713 0.12217194570135746 
2024-02-14 21:12:41.820690 5 49.094812942612954 49.094812942612954 34.0 4.106994505494506 0.0673892822265625 0.025617435820743512 513.8178225097656 0.12217194570135746 
2024-02-14 21:12:41.820690 5 50.72105421245422 50.72105421245422 32.0 4.200626984126984 0.077896728515625 0.032572393339931956 504.8831033528645 0.12669683257918551 
2024-02-14 21:12:41.820690 5 47.2183057997558 47.2183057997558 35.0 3.9623040293040295 0.064306298828125 0.020535613800051204 547.0815941162109 0.13122171945701358 
2024-02-14 21:12:41.820690 5 48.65297802197802 48.65297802197802 33.0 4.051319902319903 0.075266015625 0.024850358645668064 503.0314784342448 0.14027149321266968 
2024-02-14 21:12:41.820690 5 48.97264627594628 48.97264627594628 33.0 4.073661172161172 0.0670319580078125 0.025554412619625873 519.5814728190104 0.12217194570135746 
2024-02-14 21:12:41.820690 5 49.39247960927962 49.39247960927962 33.0 4.124137362637363 0.0667684814453125 0.025902045822817726 501.19751098632815 0.12217194570135746 
