2024-02-14 21:12:45.274718 1 48.348587057387064 48.348587057387064 37.0 4.054746031746032 0.0743923095703125 0.0313718686510437 610.9114148356119 0.1493212669683258 
2024-02-14 21:12:45.274718 1 52.05458724053724 52.05458724053724 33.0 4.238772893772894 0.080175341796875 0.029780094431326443 551.8144215494792 0.15384615384615385 
2024-02-14 21:12:45.274718 1 49.50057600732601 49.50057600732601 31.0 4.092541514041515 0.08545087890624999 0.035488412460909 572.9609052734376 0.14027149321266968 
2024-02-14 21:12:45.274718 1 48.0895330891331 48.0895330891331 34.0 3.9383394383394386 0.08609958496093752 0.040557907868611284 551.3797556559244 0.14027149321266968 
2024-02-14 21:12:45.274718 1 50.24048235653235 50.24048235653235 35.0 4.122599511599511 0.0829341552734375 0.03576117090619269 585.5505933024087 0.14479638009049775 
2024-02-14 21:12:45.454912 2 48.348587057387064 48.348587057387064 37.0 4.054746031746032 0.0743923095703125 0.0313718686510437 610.9114148356119 0.1493212669683258 
2024-02-14 21:12:45.454912 2 52.05458724053724 52.05458724053724 33.0 4.238772893772894 0.080175341796875 0.029780094431326443 551.8144215494792 0.15384615384615385 
2024-02-14 21:12:45.454912 2 49.50057600732601 49.50057600732601 31.0 4.092541514041515 0.08545087890624999 0.035488412460909 572.9609052734376 0.14027149321266968 
2024-02-14 21:12:45.454912 2 48.0895330891331 48.0895330891331 34.0 3.9383394383394386 0.08609958496093752 0.040557907868611284 551.3797556559244 0.14027149321266968 
2024-02-14 21:12:45.454912 2 49.43180616605617 49.43180616605617 37.0 4.138652625152625 0.085696240234375 0.03273310120777842 674.647666381836 0.13122171945701358 
2024-02-14 21:12:45.454912 2 48.42605213675214 48.42605213675214 38.0 3.951291819291819 0.08657685546874999 0.030948553243074405 608.2505881754557 0.13122171945701358 
2024-02-14 21:12:45.454912 2 47.543369597069606 47.543369597069606 36.0 3.9416825396825392 0.08220058593749999 0.032393451911272984 634.9100253499349 0.14027149321266968 
2024-02-14 21:12:45.454912 2 48.1881188034188 48.1881188034188 33.0 3.9881587301587302 0.0747677490234375 0.03213484390862646 547.2197357584636 0.13574660633484162 
2024-02-14 21:12:45.454912 2 48.52275054945055 48.52275054945055 41.0 4.031402930402931 0.078439111328125 0.026971802585031894 600.9874618733724 0.13122171945701358 
2024-02-14 21:12:45.454912 2 48.86925140415141 48.86925140415141 36.0 4.139519536019536 0.07319477539062501 0.031457081063888157 567.5079007161459 0.14479638009049775 
2024-02-14 21:12:45.685886 3 49.501767216117216 49.501767216117216 34.0 4.027990231990231 0.0797373291015625 0.029050986085187868 525.0639942626952 0.14027149321266968 
2024-02-14 21:12:45.685886 3 48.42605213675214 48.42605213675214 38.0 3.951291819291819 0.08657685546874999 0.030948553243074405 608.2505881754557 0.13122171945701358 
2024-02-14 21:12:45.685886 3 48.86925140415141 48.86925140415141 36.0 4.139519536019536 0.07319477539062501 0.031457081063888157 567.5079007161459 0.14479638009049775 
2024-02-14 21:12:45.685886 3 49.43180616605617 49.43180616605617 37.0 4.138652625152625 0.085696240234375 0.03273310120777842 674.647666381836 0.13122171945701358 
2024-02-14 21:12:45.685886 3 47.543369597069606 47.543369597069606 36.0 3.9416825396825392 0.08220058593749999 0.032393451911272984 634.9100253499349 0.14027149321266968 
2024-02-14 21:12:45.685886 3 48.52275054945055 48.52275054945055 41.0 4.031402930402931 0.078439111328125 0.026971802585031894 600.9874618733724 0.13122171945701358 
2024-02-14 21:12:45.685886 3 48.0895330891331 48.0895330891331 34.0 3.9383394383394386 0.08609958496093752 0.040557907868611284 551.3797556559244 0.14027149321266968 
2024-02-14 21:12:45.685886 3 49.50057600732601 49.50057600732601 31.0 4.092541514041515 0.08545087890624999 0.035488412460909 572.9609052734376 0.14027149321266968 
2024-02-14 21:12:45.685886 3 52.05458724053724 52.05458724053724 33.0 4.238772893772894 0.080175341796875 0.029780094431326443 551.8144215494792 0.15384615384615385 
2024-02-14 21:12:45.685886 3 48.1881188034188 48.1881188034188 33.0 3.9881587301587302 0.0747677490234375 0.03213484390862646 547.2197357584636 0.13574660633484162 
2024-02-14 21:12:45.883528 4 48.5922315018315 48.5922315018315 39.0 4.007831501831501 0.0854935791015625 0.028743325779325403 591.3854328613281 0.12669683257918551 
2024-02-14 21:12:45.883528 4 48.87300061050061 48.87300061050061 33.0 3.9490494505494507 0.087592138671875 0.036932409969999816 548.0022447509765 0.14027149321266968 
2024-02-14 21:12:45.883528 4 48.52275054945055 48.52275054945055 41.0 4.031402930402931 0.078439111328125 0.026971802585031894 600.9874618733724 0.13122171945701358 
2024-02-14 21:12:45.883528 4 48.86925140415141 48.86925140415141 36.0 4.139519536019536 0.07319477539062501 0.031457081063888157 567.5079007161459 0.14479638009049775 
2024-02-14 21:12:45.883528 4 47.543369597069606 47.543369597069606 36.0 3.9416825396825392 0.08220058593749999 0.032393451911272984 634.9100253499349 0.14027149321266968 
2024-02-14 21:12:45.883528 4 49.50057600732601 49.50057600732601 31.0 4.092541514041515 0.08545087890624999 0.035488412460909 572.9609052734376 0.14027149321266968 
2024-02-14 21:12:45.883528 4 48.0895330891331 48.0895330891331 34.0 3.9383394383394386 0.08609958496093752 0.040557907868611284 551.3797556559244 0.14027149321266968 
2024-02-14 21:12:45.883528 4 49.43180616605617 49.43180616605617 37.0 4.138652625152625 0.085696240234375 0.03273310120777842 674.647666381836 0.13122171945701358 
2024-02-14 21:12:45.883528 4 52.05458724053724 52.05458724053724 33.0 4.238772893772894 0.080175341796875 0.029780094431326443 551.8144215494792 0.15384615384615385 
2024-02-14 21:12:45.883528 4 50.19743168498169 50.19743168498169 33.0 4.1368840048840045 0.077397705078125 0.030352219284117295 514.7152157796224 0.13574660633484162 
2024-02-14 21:12:46.035264 5 52.05458724053724 52.05458724053724 33.0 4.238772893772894 0.080175341796875 0.029780094431326443 551.8144215494792 0.15384615384615385 
2024-02-14 21:12:46.035264 5 48.86925140415141 48.86925140415141 36.0 4.139519536019536 0.07319477539062501 0.031457081063888157 567.5079007161459 0.14479638009049775 
2024-02-14 21:12:46.035264 5 48.0895330891331 48.0895330891331 34.0 3.9383394383394386 0.08609958496093752 0.040557907868611284 551.3797556559244 0.14027149321266968 
2024-02-14 21:12:46.035264 5 48.87300061050061 48.87300061050061 33.0 3.9490494505494507 0.087592138671875 0.036932409969999816 548.0022447509765 0.14027149321266968 
2024-02-14 21:12:46.035264 5 52.024145177045185 52.024145177045185 35.0 4.286685592185592 0.0860923095703125 0.03299801989186945 612.2672446289063 0.13122171945701358 
2024-02-14 21:12:46.035264 5 49.50562362637363 49.50562362637363 39.0 3.9948431013431014 0.080483203125 0.026626896493754364 597.0012530110677 0.13574660633484162 
2024-02-14 21:12:46.035264 5 49.50057600732601 49.50057600732601 31.0 4.092541514041515 0.08545087890624999 0.035488412460909 572.9609052734376 0.14027149321266968 
2024-02-14 21:12:46.035264 5 47.543369597069606 47.543369597069606 36.0 3.9416825396825392 0.08220058593749999 0.032393451911272984 634.9100253499349 0.14027149321266968 
2024-02-14 21:12:46.035264 5 49.43180616605617 49.43180616605617 37.0 4.138652625152625 0.085696240234375 0.03273310120777842 674.647666381836 0.13122171945701358 
2024-02-14 21:12:46.035264 5 48.5922315018315 48.5922315018315 39.0 4.007831501831501 0.0854935791015625 0.028743325779325403 591.3854328613281 0.12669683257918551 
