2024-02-14 21:12:39.650997 1 47.03458009768009 47.03458009768009 34.0 3.981274114774115 0.0814337158203125 0.0354855883958787 534.3607630615234 0.14027149321266968 
2024-02-14 21:12:39.650997 1 49.68124743589743 49.68124743589743 37.0 4.13604822954823 0.0787181640625 0.03271284273313531 487.82456538899737 0.12669683257918551 
2024-02-14 21:12:39.650997 1 50.10922081807082 50.10922081807082 36.0 4.043225274725274 0.083700634765625 0.032654747282931766 588.1036841634115 0.14027149321266968 
2024-02-14 21:12:39.650997 1 50.500570390720384 50.500570390720384 34.0 4.259021978021978 0.0849944091796875 0.03472030106333439 535.9473129475912 0.1493212669683258 
2024-02-14 21:12:39.650997 1 47.595448962148964 47.595448962148964 39.0 3.9301147741147737 0.0796036865234375 0.026821827378398763 593.2940025634765 0.14479638009049775 
2024-02-14 21:12:39.860913 2 50.500570390720384 50.500570390720384 34.0 4.259021978021978 0.0849944091796875 0.03472030106333439 535.9473129475912 0.1493212669683258 
2024-02-14 21:12:39.860913 2 49.68124743589743 49.68124743589743 37.0 4.13604822954823 0.0787181640625 0.03271284273313531 487.82456538899737 0.12669683257918551 
2024-02-14 21:12:39.860913 2 48.899087851037855 48.899087851037855 39.0 4.016059218559218 0.0797705810546875 0.029403913037115998 561.118139444987 0.13122171945701358 
2024-02-14 21:12:39.860913 2 49.071734065934066 49.071734065934066 36.0 4.139123321123321 0.08121630859375001 0.0349544878383874 516.2312614339193 0.1493212669683258 
2024-02-14 21:12:39.860913 2 47.03458009768009 47.03458009768009 34.0 3.981274114774115 0.0814337158203125 0.0354855883958787 534.3607630615234 0.14027149321266968 
2024-02-14 21:12:39.860913 2 48.124749755799755 48.124749755799755 39.0 4.054506105006105 0.08521181640624999 0.032968878090634327 652.2882859293619 0.14027149321266968 
2024-02-14 21:12:39.860913 2 48.48560854700854 48.48560854700854 38.0 4.0501037851037855 0.07855126953125001 0.027440021073579818 581.7536902262369 0.1493212669683258 
2024-02-14 21:12:39.860913 2 47.76203467643468 47.76203467643468 34.0 3.89019413919414 0.0804633544921875 0.03237744221500105 544.0509904378255 0.14479638009049775 
2024-02-14 21:12:39.860913 2 47.595448962148964 47.595448962148964 39.0 3.9301147741147737 0.0796036865234375 0.026821827378398763 593.2940025634765 0.14479638009049775 
2024-02-14 21:12:39.860913 2 50.10922081807082 50.10922081807082 36.0 4.043225274725274 0.083700634765625 0.032654747282931766 588.1036841634115 0.14027149321266968 
2024-02-14 21:12:40.087408 3 47.76203467643468 47.76203467643468 34.0 3.89019413919414 0.0804633544921875 0.03237744221500105 544.0509904378255 0.14479638009049775 
2024-02-14 21:12:40.087408 3 47.17935775335776 47.17935775335776 39.0 3.897929181929182 0.079920068359375 0.02592258388502833 565.686023030599 0.12669683257918551 
2024-02-14 21:12:40.087408 3 47.03458009768009 47.03458009768009 34.0 3.981274114774115 0.0814337158203125 0.0354855883958787 534.3607630615234 0.14027149321266968 
2024-02-14 21:12:40.087408 3 49.68124743589743 49.68124743589743 37.0 4.13604822954823 0.0787181640625 0.03271284273313531 487.82456538899737 0.12669683257918551 
2024-02-14 21:12:40.087408 3 47.993030097680105 47.993030097680105 36.0 3.9630836385836385 0.08265192871093749 0.028266103038293747 594.1523636474609 0.1493212669683258 
2024-02-14 21:12:40.087408 3 47.783091086691094 47.783091086691094 36.0 3.9767545787545786 0.07757666015625 0.02485631803584098 568.1685638834635 0.15384615384615385 
2024-02-14 21:12:40.087408 3 50.500570390720384 50.500570390720384 34.0 4.259021978021978 0.0849944091796875 0.03472030106333439 535.9473129475912 0.1493212669683258 
2024-02-14 21:12:40.087408 3 47.12677454212454 47.12677454212454 36.0 3.9919407814407815 0.07242841796875 0.032408604453549414 466.2761837972006 0.13574660633484162 
2024-02-14 21:12:40.087408 3 48.899087851037855 48.899087851037855 39.0 4.016059218559218 0.0797705810546875 0.029403913037115998 561.118139444987 0.13122171945701358 
2024-02-14 21:12:40.087408 3 48.48560854700854 48.48560854700854 38.0 4.0501037851037855 0.07855126953125001 0.027440021073579818 581.7536902262369 0.1493212669683258 
2024-02-14 21:12:40.357171 4 47.76203467643468 47.76203467643468 34.0 3.89019413919414 0.0804633544921875 0.03237744221500105 544.0509904378255 0.14479638009049775 
2024-02-14 21:12:40.357171 4 48.40502057387058 48.40502057387058 39.0 3.9765280830280836 0.080897216796875 0.03014884123343222 550.9912266031901 0.13574660633484162 
2024-02-14 21:12:40.357171 4 47.783091086691094 47.783091086691094 36.0 3.9767545787545786 0.07757666015625 0.02485631803584098 568.1685638834635 0.15384615384615385 
2024-02-14 21:12:40.357171 4 47.12677454212454 47.12677454212454 36.0 3.9919407814407815 0.07242841796875 0.032408604453549414 466.2761837972006 0.13574660633484162 
2024-02-14 21:12:40.357171 4 49.28473962148963 49.28473962148963 31.0 4.104996336996337 0.07862573242187501 0.03310396622389556 519.890408610026 0.15384615384615385 
2024-02-14 21:12:40.357171 4 50.500570390720384 50.500570390720384 34.0 4.259021978021978 0.0849944091796875 0.03472030106333439 535.9473129475912 0.1493212669683258 
2024-02-14 21:12:40.357171 4 49.01310531135531 49.01310531135531 39.0 4.075260073260074 0.07890549316406249 0.028965567215644677 596.776021850586 0.13122171945701358 
2024-02-14 21:12:40.357171 4 47.03458009768009 47.03458009768009 34.0 3.981274114774115 0.0814337158203125 0.0354855883958787 534.3607630615234 0.14027149321266968 
2024-02-14 21:12:40.357171 4 47.17935775335776 47.17935775335776 39.0 3.897929181929182 0.079920068359375 0.02592258388502833 565.686023030599 0.12669683257918551 
2024-02-14 21:12:40.357171 4 49.68124743589743 49.68124743589743 37.0 4.13604822954823 0.0787181640625 0.03271284273313531 487.82456538899737 0.12669683257918551 
2024-02-14 21:12:40.601436 5 47.25511965811967 47.25511965811967 41.0 3.923881562881563 0.079724560546875 0.024317111880347717 655.9674549967448 0.12669683257918551 
2024-02-14 21:12:40.601436 5 47.17935775335776 47.17935775335776 39.0 3.897929181929182 0.079920068359375 0.02592258388502833 565.686023030599 0.12669683257918551 
2024-02-14 21:12:40.601436 5 47.03458009768009 47.03458009768009 34.0 3.981274114774115 0.0814337158203125 0.0354855883958787 534.3607630615234 0.14027149321266968 
2024-02-14 21:12:40.601436 5 49.28473962148963 49.28473962148963 31.0 4.104996336996337 0.07862573242187501 0.03310396622389556 519.890408610026 0.15384615384615385 
2024-02-14 21:12:40.601436 5 47.70732918192919 47.70732918192919 36.0 3.9508021978021977 0.07963115234375 0.02641507420512204 529.1595850423176 0.15384615384615385 
2024-02-14 21:12:40.601436 5 47.12677454212454 47.12677454212454 36.0 3.9919407814407815 0.07242841796875 0.032408604453549414 466.2761837972006 0.13574660633484162 
2024-02-14 21:12:40.601436 5 47.76203467643468 47.76203467643468 34.0 3.89019413919414 0.0804633544921875 0.03237744221500105 544.0509904378255 0.14479638009049775 
2024-02-14 21:12:40.601436 5 50.500570390720384 50.500570390720384 34.0 4.259021978021978 0.0849944091796875 0.03472030106333439 535.9473129475912 0.1493212669683258 
2024-02-14 21:12:40.601436 5 48.485450549450555 48.485450549450555 35.0 4.188752136752137 0.0737160888671875 0.029702998209344696 507.94768522135416 0.12669683257918551 
2024-02-14 21:12:40.601436 5 49.01310531135531 49.01310531135531 39.0 4.075260073260074 0.07890549316406249 0.028965567215644677 596.776021850586 0.13122171945701358 
