2024-02-14 21:12:45.214914 1 49.14491007326007 49.14491007326007 40.0 4.044601343101343 0.0783499267578125 0.028958746045786757 610.9308701171876 0.14027149321266968 
2024-02-14 21:12:45.214914 1 48.425508730158725 48.425508730158725 38.0 4.042698412698413 0.06920615234375 0.028958052376713683 624.2688681233725 0.14479638009049775 
2024-02-14 21:12:45.214914 1 49.80276746031746 49.80276746031746 37.0 4.147050061050061 0.07503591308593749 0.027576540558730916 553.4655747477212 0.14027149321266968 
2024-02-14 21:12:45.419693 2 48.425508730158725 48.425508730158725 38.0 4.042698412698413 0.06920615234375 0.028958052376713683 624.2688681233725 0.14479638009049775 
2024-02-14 21:12:45.419693 2 49.80276746031746 49.80276746031746 37.0 4.147050061050061 0.07503591308593749 0.027576540558730916 553.4655747477212 0.14027149321266968 
2024-02-14 21:12:45.419693 2 48.16103943833944 48.16103943833944 34.0 4.006910866910867 0.0795361083984375 0.03342258374816125 523.1098431396484 0.13574660633484162 
2024-02-14 21:12:45.419693 2 48.11068333333333 48.11068333333333 36.0 4.108018315018316 0.08177004394531248 0.02906649614804929 597.1698593343099 0.13574660633484162 
2024-02-14 21:12:45.419693 2 48.6085934065934 48.6085934065934 36.0 3.9722680097680096 0.07552687988281251 0.026339787733637637 531.6801739501952 0.14027149321266968 
2024-02-14 21:12:45.419693 2 48.03041825396824 48.03041825396824 37.0 3.973809523809524 0.07835395507812501 0.03190650674516913 632.442232828776 0.1493212669683258 
2024-02-14 21:12:45.592639 3 49.80276746031746 49.80276746031746 37.0 4.147050061050061 0.07503591308593749 0.027576540558730916 553.4655747477212 0.14027149321266968 
2024-02-14 21:12:45.592639 3 47.86874841269841 47.86874841269841 38.0 3.9992405372405373 0.0829632568359375 0.03183605857340987 556.6906029052735 0.12217194570135746 
2024-02-14 21:12:45.592639 3 47.10544816849817 47.10544816849817 37.0 3.8927759462759464 0.07354609374999999 0.027435815784869158 581.9900956624349 0.14027149321266968 
2024-02-14 21:12:45.592639 3 49.63940317460319 49.63940317460319 41.0 4.141065934065934 0.07525341796874999 0.02136859418797491 608.6947310384114 0.12669683257918551 
2024-02-14 21:12:45.592639 3 48.16103943833944 48.16103943833944 34.0 4.006910866910867 0.0795361083984375 0.03342258374816125 523.1098431396484 0.13574660633484162 
2024-02-14 21:12:45.592639 3 48.277061904761894 48.277061904761894 40.0 4.069708791208791 0.077764697265625 0.025388850103995782 635.954196858724 0.13122171945701358 
2024-02-14 21:12:45.592639 3 48.85491904761904 48.85491904761904 36.0 4.049626984126984 0.0825208251953125 0.0335426738048142 562.779406616211 0.12669683257918551 
2024-02-14 21:12:45.592639 3 48.08821483516483 48.08821483516483 37.0 3.990577533577534 0.07994514160156249 0.027648720693523313 558.4577391357421 0.14479638009049775 
2024-02-14 21:12:45.592639 3 48.425508730158725 48.425508730158725 38.0 4.042698412698413 0.06920615234375 0.028958052376713683 624.2688681233725 0.14479638009049775 
2024-02-14 21:12:45.592639 3 48.11068333333333 48.11068333333333 36.0 4.108018315018316 0.08177004394531248 0.02906649614804929 597.1698593343099 0.13574660633484162 
2024-02-14 21:12:45.827357 4 48.425508730158725 48.425508730158725 38.0 4.042698412698413 0.06920615234375 0.028958052376713683 624.2688681233725 0.14479638009049775 
2024-02-14 21:12:45.827357 4 49.80276746031746 49.80276746031746 37.0 4.147050061050061 0.07503591308593749 0.027576540558730916 553.4655747477212 0.14027149321266968 
2024-02-14 21:12:45.827357 4 48.16103943833944 48.16103943833944 34.0 4.006910866910867 0.0795361083984375 0.03342258374816125 523.1098431396484 0.13574660633484162 
2024-02-14 21:12:45.827357 4 48.88884841269841 48.88884841269841 37.0 4.048050061050062 0.077836767578125 0.027004109973289992 503.63494771321615 0.14027149321266968 
2024-02-14 21:12:45.827357 4 47.06974181929182 47.06974181929182 38.0 3.960942612942613 0.0781298583984375 0.029056162845432127 562.3731394856771 0.12217194570135746 
2024-02-14 21:12:45.827357 4 48.277061904761894 48.277061904761894 40.0 4.069708791208791 0.077764697265625 0.025388850103995782 635.954196858724 0.13122171945701358 
2024-02-14 21:12:45.827357 4 49.63940317460319 49.63940317460319 41.0 4.141065934065934 0.07525341796874999 0.02136859418797491 608.6947310384114 0.12669683257918551 
2024-02-14 21:12:45.827357 4 47.86874841269841 47.86874841269841 38.0 3.9992405372405373 0.0829632568359375 0.03183605857340987 556.6906029052735 0.12217194570135746 
2024-02-14 21:12:45.827357 4 47.10544816849817 47.10544816849817 37.0 3.8927759462759464 0.07354609374999999 0.027435815784869158 581.9900956624349 0.14027149321266968 
2024-02-14 21:12:45.827357 4 48.04668388278388 48.04668388278388 35.0 3.984466422466422 0.0788408447265625 0.033769031907712785 529.3667188313802 0.14479638009049775 
2024-02-14 21:12:46.013662 5 47.86874841269841 47.86874841269841 38.0 3.9992405372405373 0.0829632568359375 0.03183605857340987 556.6906029052735 0.12217194570135746 
2024-02-14 21:12:46.013662 5 47.06974181929182 47.06974181929182 38.0 3.960942612942613 0.0781298583984375 0.029056162845432127 562.3731394856771 0.12217194570135746 
2024-02-14 21:12:46.013662 5 48.275476739926745 48.275476739926745 35.0 3.995514041514042 0.07916423339843749 0.03380665206134974 538.5193623453777 0.14027149321266968 
2024-02-14 21:12:46.013662 5 48.16103943833944 48.16103943833944 34.0 4.006910866910867 0.0795361083984375 0.03342258374816125 523.1098431396484 0.13574660633484162 
2024-02-14 21:12:46.013662 5 48.199892857142856 48.199892857142856 40.0 4.012764346764346 0.064360107421875 0.017255646493256126 577.2585209554036 0.14479638009049775 
2024-02-14 21:12:46.013662 5 49.80276746031746 49.80276746031746 37.0 4.147050061050061 0.07503591308593749 0.027576540558730916 553.4655747477212 0.14027149321266968 
2024-02-14 21:12:46.013662 5 48.88884841269841 48.88884841269841 37.0 4.048050061050062 0.077836767578125 0.027004109973289992 503.63494771321615 0.14027149321266968 
2024-02-14 21:12:46.013662 5 47.10544816849817 47.10544816849817 37.0 3.8927759462759464 0.07354609374999999 0.027435815784869158 581.9900956624349 0.14027149321266968 
2024-02-14 21:12:46.013662 5 46.8921815018315 46.8921815018315 40.0 3.9397759462759465 0.07484892578125 0.026812446698460533 569.063093383789 0.14027149321266968 
2024-02-14 21:12:46.013662 5 48.28374737484738 48.28374737484738 42.0 4.006831501831502 0.075201513671875 0.02384215995340587 605.1546734619141 0.12669683257918551 
