2024-02-14 21:12:44.161395 1 49.07150824175826 49.07150824175826 41.0 4.024757020757021 0.083139111328125 0.025920027801463578 609.3394594726561 0.14027149321266968 
2024-02-14 21:12:44.161395 1 51.65992777777778 51.65992777777778 32.0 4.262859584859585 0.08009458007812499 0.033487129577472255 483.0594272054036 0.13122171945701358 
2024-02-14 21:12:44.161395 1 47.85680873015874 47.85680873015874 32.0 4.012946886446887 0.07174746093750001 0.03196013660456175 490.3717423502604 0.13574660633484162 
2024-02-14 21:12:44.327615 2 49.07150824175826 49.07150824175826 41.0 4.024757020757021 0.083139111328125 0.025920027801463578 609.3394594726561 0.14027149321266968 
2024-02-14 21:12:44.327615 2 51.65992777777778 51.65992777777778 32.0 4.262859584859585 0.08009458007812499 0.033487129577472255 483.0594272054036 0.13122171945701358 
2024-02-14 21:12:44.327615 2 47.85680873015874 47.85680873015874 32.0 4.012946886446887 0.07174746093750001 0.03196013660456175 490.3717423502604 0.13574660633484162 
2024-02-14 21:12:44.327615 2 48.70099285714286 48.70099285714286 41.0 4.014192918192919 0.0799028076171875 0.02502149622758563 633.2793247884114 0.14027149321266968 
2024-02-14 21:12:44.327615 2 47.44856428571428 47.44856428571428 34.0 3.9695024420024425 0.0764541259765625 0.02985361022912206 529.6621806233725 0.13574660633484162 
2024-02-14 21:12:44.327615 2 51.97244316239316 51.97244316239316 34.0 4.263423687423687 0.08333088378906249 0.031520810578710395 460.1074544677735 0.13122171945701358 
2024-02-14 21:12:44.327615 2 47.31148547008547 47.31148547008547 34.0 3.9814810744810747 0.0868068115234375 0.03666625360134309 594.7877215983074 0.14479638009049775 
2024-02-14 21:12:44.327615 2 49.758743162393166 49.758743162393166 42.0 4.131257020757021 0.08192343749999999 0.02461080391916274 632.8220971272785 0.12669683257918551 
2024-02-14 21:12:44.327615 2 51.64161880341881 51.64161880341881 33.0 4.344393772893772 0.08097229003906248 0.03433240331856903 479.6314091796875 0.12669683257918551 
2024-02-14 21:12:44.573903 3 47.85680873015874 47.85680873015874 32.0 4.012946886446887 0.07174746093750001 0.03196013660456175 490.3717423502604 0.13574660633484162 
2024-02-14 21:12:44.573903 3 51.64161880341881 51.64161880341881 33.0 4.344393772893772 0.08097229003906248 0.03433240331856903 479.6314091796875 0.12669683257918551 
2024-02-14 21:12:44.573903 3 47.44856428571428 47.44856428571428 34.0 3.9695024420024425 0.0764541259765625 0.02985361022912206 529.6621806233725 0.13574660633484162 
2024-02-14 21:12:44.573903 3 51.97244316239316 51.97244316239316 34.0 4.263423687423687 0.08333088378906249 0.031520810578710395 460.1074544677735 0.13122171945701358 
2024-02-14 21:12:44.573903 3 49.758743162393166 49.758743162393166 42.0 4.131257020757021 0.08192343749999999 0.02461080391916274 632.8220971272785 0.12669683257918551 
2024-02-14 21:12:44.573903 3 47.31148547008547 47.31148547008547 34.0 3.9814810744810747 0.0868068115234375 0.03666625360134309 594.7877215983074 0.14479638009049775 
2024-02-14 21:12:44.573903 3 51.65992777777778 51.65992777777778 32.0 4.262859584859585 0.08009458007812499 0.033487129577472255 483.0594272054036 0.13122171945701358 
2024-02-14 21:12:44.573903 3 48.70099285714286 48.70099285714286 41.0 4.014192918192919 0.0799028076171875 0.02502149622758563 633.2793247884114 0.14027149321266968 
2024-02-14 21:12:44.573903 3 49.07150824175826 49.07150824175826 41.0 4.024757020757021 0.083139111328125 0.025920027801463578 609.3394594726561 0.14027149321266968 
2024-02-14 21:12:44.573903 3 49.89930903540903 49.89930903540903 41.0 4.112733211233211 0.08158381347656249 0.02576271181986982 534.5724581298828 0.13122171945701358 
2024-02-14 21:12:44.831050 4 51.64161880341881 51.64161880341881 33.0 4.344393772893772 0.08097229003906248 0.03433240331856903 479.6314091796875 0.12669683257918551 
2024-02-14 21:12:44.831050 4 51.97244316239316 51.97244316239316 34.0 4.263423687423687 0.08333088378906249 0.031520810578710395 460.1074544677735 0.13122171945701358 
2024-02-14 21:12:44.831050 4 47.56848095238095 47.56848095238095 38.0 3.941050061050061 0.0731883056640625 0.02302948613241372 608.401875406901 0.13122171945701358 
2024-02-14 21:12:44.831050 4 47.85680873015874 47.85680873015874 32.0 4.012946886446887 0.07174746093750001 0.03196013660456175 490.3717423502604 0.13574660633484162 
2024-02-14 21:12:44.831050 4 47.31148547008547 47.31148547008547 34.0 3.9814810744810747 0.0868068115234375 0.03666625360134309 594.7877215983074 0.14479638009049775 
2024-02-14 21:12:44.831050 4 49.758743162393166 49.758743162393166 42.0 4.131257020757021 0.08192343749999999 0.02461080391916274 632.8220971272785 0.12669683257918551 
2024-02-14 21:12:44.831050 4 50.49944316239316 50.49944316239316 40.0 4.240542735042735 0.0778051513671875 0.025609272947251252 558.2843860270182 0.12669683257918551 
2024-02-14 21:12:44.831050 4 49.55608650793651 49.55608650793651 37.0 4.096113553113553 0.0792837646484375 0.02851847775943928 487.9213850911458 0.12669683257918551 
2024-02-14 21:12:44.831050 4 47.44856428571428 47.44856428571428 34.0 3.9695024420024425 0.0764541259765625 0.02985361022912206 529.6621806233725 0.13574660633484162 
2024-02-14 21:12:44.831050 4 48.83364841269842 48.83364841269842 37.0 4.001462759462759 0.080058447265625 0.02838364777491322 577.3618519287108 0.13122171945701358 
2024-02-14 21:12:45.027206 5 51.97244316239316 51.97244316239316 34.0 4.263423687423687 0.08333088378906249 0.031520810578710395 460.1074544677735 0.13122171945701358 
2024-02-14 21:12:45.027206 5 51.64161880341881 51.64161880341881 33.0 4.344393772893772 0.08097229003906248 0.03433240331856903 479.6314091796875 0.12669683257918551 
2024-02-14 21:12:45.027206 5 47.56848095238095 47.56848095238095 38.0 3.941050061050061 0.0731883056640625 0.02302948613241372 608.401875406901 0.13122171945701358 
2024-02-14 21:12:45.027206 5 47.31148547008547 47.31148547008547 34.0 3.9814810744810747 0.0868068115234375 0.03666625360134309 594.7877215983074 0.14479638009049775 
2024-02-14 21:12:45.027206 5 49.758743162393166 49.758743162393166 42.0 4.131257020757021 0.08192343749999999 0.02461080391916274 632.8220971272785 0.12669683257918551 
2024-02-14 21:12:45.027206 5 46.86461111111111 46.86461111111111 35.0 3.907224664224665 0.0867779541015625 0.034534811105415175 592.3923987223308 0.14027149321266968 
2024-02-14 21:12:45.027206 5 47.85680873015874 47.85680873015874 32.0 4.012946886446887 0.07174746093750001 0.03196013660456175 490.3717423502604 0.13574660633484162 
2024-02-14 21:12:45.027206 5 50.49944316239316 50.49944316239316 40.0 4.240542735042735 0.0778051513671875 0.025609272947251252 558.2843860270182 0.12669683257918551 
2024-02-14 21:12:45.027206 5 49.55904920634921 49.55904920634921 35.0 4.163946886446887 0.0841330078125 0.03199190770438673 497.7907699788411 0.13122171945701358 
2024-02-14 21:12:45.027206 5 49.69241538461539 49.69241538461539 37.0 4.196209401709401 0.0759751708984375 0.02828255653467839 513.5024425455729 0.12669683257918551 
