2024-02-14 21:12:39.642308 1 49.95468901098901 49.95468901098901 33.0 4.211725274725275 0.0803604736328125 0.03448436507980519 565.1039414876302 0.13574660633484162 
2024-02-14 21:12:39.642308 1 48.297399999999996 48.297399999999996 37.0 4.062888888888889 0.07904560546875 0.03626619729407791 571.7910792236329 0.14479638009049775 
2024-02-14 21:12:39.642308 1 49.34570537240538 49.34570537240538 37.0 4.128985958485958 0.07540720214843749 0.025939246748124936 556.0102807617187 0.13122171945701358 
2024-02-14 21:12:39.642308 1 48.33573711843711 48.33573711843711 35.0 4.0931422466422465 0.0822255615234375 0.032191442922365004 592.9546426188152 0.14479638009049775 
2024-02-14 21:12:39.885485 2 49.95468901098901 49.95468901098901 33.0 4.211725274725275 0.0803604736328125 0.03448436507980519 565.1039414876302 0.13574660633484162 
2024-02-14 21:12:39.885485 2 48.297399999999996 48.297399999999996 37.0 4.062888888888889 0.07904560546875 0.03626619729407791 571.7910792236329 0.14479638009049775 
2024-02-14 21:12:39.885485 2 49.34570537240538 49.34570537240538 37.0 4.128985958485958 0.07540720214843749 0.025939246748124936 556.0102807617187 0.13122171945701358 
2024-02-14 21:12:39.885485 2 48.33573711843711 48.33573711843711 35.0 4.0931422466422465 0.0822255615234375 0.032191442922365004 592.9546426188152 0.14479638009049775 
2024-02-14 21:12:39.885485 2 47.859615995115995 47.859615995115995 37.0 4.0128601953601954 0.0820510009765625 0.029573664492737687 565.0822160644531 0.13122171945701358 
2024-02-14 21:12:39.885485 2 50.250026007326 50.250026007326 35.0 4.08609706959707 0.08035419921875 0.027850202371797587 551.9988908691406 0.13122171945701358 
2024-02-14 21:12:39.885485 2 49.46771587301587 49.46771587301587 36.0 4.204611111111111 0.07609167480468751 0.029447477542921964 534.1741289469401 0.13574660633484162 
2024-02-14 21:12:39.885485 2 45.641448229548224 45.641448229548224 36.0 3.8703168498168496 0.07522314453125 0.028346024966835984 587.6290155029297 0.14479638009049775 
2024-02-14 21:12:39.885485 2 48.19161965811966 48.19161965811966 39.0 4.019967643467643 0.07936745605468751 0.030407109873902157 591.0077420654297 0.13122171945701358 
2024-02-14 21:12:40.096832 3 45.641448229548224 45.641448229548224 36.0 3.8703168498168496 0.07522314453125 0.028346024966835984 587.6290155029297 0.14479638009049775 
2024-02-14 21:12:40.096832 3 49.34570537240538 49.34570537240538 37.0 4.128985958485958 0.07540720214843749 0.025939246748124936 556.0102807617187 0.13122171945701358 
2024-02-14 21:12:40.096832 3 50.3451652014652 50.3451652014652 35.0 4.154749084249085 0.0766736083984375 0.02851220966178124 526.3558610026041 0.12669683257918551 
2024-02-14 21:12:40.096832 3 47.859615995115995 47.859615995115995 37.0 4.0128601953601954 0.0820510009765625 0.029573664492737687 565.0822160644531 0.13122171945701358 
2024-02-14 21:12:40.096832 3 46.55687124542124 46.55687124542124 40.0 3.9608247863247863 0.0815687255859375 0.028122596874400985 611.8794029947917 0.13122171945701358 
2024-02-14 21:12:40.096832 3 48.32663632478632 48.32663632478632 37.0 4.056697802197802 0.07876340332031248 0.02832357312768638 623.9791539306641 0.13122171945701358 
2024-02-14 21:12:40.096832 3 49.95468901098901 49.95468901098901 33.0 4.211725274725275 0.0803604736328125 0.03448436507980519 565.1039414876302 0.13574660633484162 
2024-02-14 21:12:40.096832 3 47.720542063492054 47.720542063492054 34.0 4.015619047619047 0.0772016357421875 0.029207476973091936 532.6560143636068 0.14027149321266968 
2024-02-14 21:12:40.096832 3 48.19161965811966 48.19161965811966 39.0 4.019967643467643 0.07936745605468751 0.030407109873902157 591.0077420654297 0.13122171945701358 
2024-02-14 21:12:40.096832 3 48.702379365079366 48.702379365079366 36.0 4.065936507936508 0.07573681640625 0.02774839807760721 536.684429321289 0.13574660633484162 
2024-02-14 21:12:40.359009 4 50.43024902319901 50.43024902319901 37.0 4.169324786324786 0.0696456787109375 0.023940820063907475 560.9132220458985 0.13122171945701358 
2024-02-14 21:12:40.359009 4 45.641448229548224 45.641448229548224 36.0 3.8703168498168496 0.07522314453125 0.028346024966835984 587.6290155029297 0.14479638009049775 
2024-02-14 21:12:40.359009 4 47.859615995115995 47.859615995115995 37.0 4.0128601953601954 0.0820510009765625 0.029573664492737687 565.0822160644531 0.13122171945701358 
2024-02-14 21:12:40.359009 4 48.689733943833936 48.689733943833936 41.0 4.03997557997558 0.07877966308593749 0.027072324832603405 633.6951846923828 0.13574660633484162 
2024-02-14 21:12:40.359009 4 50.3451652014652 50.3451652014652 35.0 4.154749084249085 0.0766736083984375 0.02851220966178124 526.3558610026041 0.12669683257918551 
2024-02-14 21:12:40.359009 4 49.95468901098901 49.95468901098901 33.0 4.211725274725275 0.0803604736328125 0.03448436507980519 565.1039414876302 0.13574660633484162 
2024-02-14 21:12:40.359009 4 46.55687124542124 46.55687124542124 40.0 3.9608247863247863 0.0815687255859375 0.028122596874400985 611.8794029947917 0.13122171945701358 
2024-02-14 21:12:40.359009 4 49.34570537240538 49.34570537240538 37.0 4.128985958485958 0.07540720214843749 0.025939246748124936 556.0102807617187 0.13122171945701358 
2024-02-14 21:12:40.359009 4 47.49651837606838 47.49651837606838 34.0 4.029582417582418 0.0820347412109375 0.03155140675523933 571.6343103027344 0.13122171945701358 
2024-02-14 21:12:40.359009 4 47.720542063492054 47.720542063492054 34.0 4.015619047619047 0.0772016357421875 0.029207476973091936 532.6560143636068 0.14027149321266968 
2024-02-14 21:12:40.661919 5 45.51932551892551 45.51932551892551 36.0 3.8289078144078146 0.07334809570312499 0.029930063425753026 530.4084699707032 0.1493212669683258 
2024-02-14 21:12:40.661919 5 47.9817387057387 47.9817387057387 40.0 4.054269230769231 0.0839260498046875 0.027319202598797738 663.0677615966797 0.13122171945701358 
2024-02-14 21:12:40.661919 5 50.35363394383394 50.35363394383394 35.0 4.223808913308914 0.0785595947265625 0.031574570664226344 520.7298688557943 0.13574660633484162 
2024-02-14 21:12:40.661919 5 49.95468901098901 49.95468901098901 33.0 4.211725274725275 0.0803604736328125 0.03448436507980519 565.1039414876302 0.13574660633484162 
2024-02-14 21:12:40.661919 5 50.43024902319901 50.43024902319901 37.0 4.169324786324786 0.0696456787109375 0.023940820063907475 560.9132220458985 0.13122171945701358 
2024-02-14 21:12:40.661919 5 48.22002442002442 48.22002442002442 35.0 4.060824786324787 0.0708594970703125 0.021302291376396984 548.6114794514974 0.1493212669683258 
2024-02-14 21:12:40.661919 5 50.3451652014652 50.3451652014652 35.0 4.154749084249085 0.0766736083984375 0.02851220966178124 526.3558610026041 0.12669683257918551 
2024-02-14 21:12:40.661919 5 47.537987118437115 47.537987118437115 40.0 3.9918724053724053 0.07536345214843751 0.021799835401851517 605.8613799641928 0.13574660633484162 
2024-02-14 21:12:40.661919 5 48.031189010989 48.031189010989 38.0 4.011891941391941 0.0811821044921875 0.030649098487579244 666.5620385742186 0.14027149321266968 
2024-02-14 21:12:40.661919 5 50.71131648351648 50.71131648351648 36.0 4.154364468864469 0.07233083496093749 0.028555670895254036 560.60322660319 0.13122171945701358 
