2024-02-14 21:12:44.300244 1 50.005137118437126 50.005137118437126 39.0 4.1726874236874245 0.084699169921875 0.03111063809628244 634.5586253662109 0.12669683257918551 
2024-02-14 21:12:44.300244 1 50.84525421245421 50.84525421245421 35.0 4.162135531135531 0.080390869140625 0.036273294871509126 581.0731922200521 0.14479638009049775 
2024-02-14 21:12:44.300244 1 50.17205073260074 50.17205073260074 37.0 4.105976190476191 0.083432177734375 0.03340453370861772 592.2001233723959 0.14027149321266968 
2024-02-14 21:12:44.505663 2 50.005137118437126 50.005137118437126 39.0 4.1726874236874245 0.084699169921875 0.03111063809628244 634.5586253662109 0.12669683257918551 
2024-02-14 21:12:44.505663 2 50.84525421245421 50.84525421245421 35.0 4.162135531135531 0.080390869140625 0.036273294871509126 581.0731922200521 0.14479638009049775 
2024-02-14 21:12:44.505663 2 47.9540811965812 47.9540811965812 37.0 3.9413577533577535 0.0708465087890625 0.021836126087171445 560.6984783121745 0.13122171945701358 
2024-02-14 21:12:44.668081 3 50.005137118437126 50.005137118437126 39.0 4.1726874236874245 0.084699169921875 0.03111063809628244 634.5586253662109 0.12669683257918551 
2024-02-14 21:12:44.668081 3 50.84525421245421 50.84525421245421 35.0 4.162135531135531 0.080390869140625 0.036273294871509126 581.0731922200521 0.14479638009049775 
2024-02-14 21:12:44.668081 3 47.9540811965812 47.9540811965812 37.0 3.9413577533577535 0.0708465087890625 0.021836126087171445 560.6984783121745 0.13122171945701358 
2024-02-14 21:12:44.668081 3 49.62100378510379 49.62100378510379 37.0 4.143020757020757 0.07954465332031249 0.033768347442805206 613.0740292154949 0.12669683257918551 
2024-02-14 21:12:44.668081 3 47.88367564102565 47.88367564102565 40.0 3.9884450549450547 0.08224851074218752 0.029750117716013817 626.7544066975911 0.13574660633484162 
2024-02-14 21:12:44.668081 3 51.009318986568985 51.009318986568985 39.0 4.207912698412699 0.08701386718750001 0.028732206185016613 645.1890208333333 0.12217194570135746 
2024-02-14 21:12:44.668081 3 50.42360738705738 50.42360738705738 35.0 4.078048229548229 0.07846171875 0.0324715936073875 658.6819836018882 0.14479638009049775 
2024-02-14 21:12:44.877917 4 50.005137118437126 50.005137118437126 39.0 4.1726874236874245 0.084699169921875 0.03111063809628244 634.5586253662109 0.12669683257918551 
2024-02-14 21:12:44.877917 4 50.84525421245421 50.84525421245421 35.0 4.162135531135531 0.080390869140625 0.036273294871509126 581.0731922200521 0.14479638009049775 
2024-02-14 21:12:44.877917 4 47.9540811965812 47.9540811965812 37.0 3.9413577533577535 0.0708465087890625 0.021836126087171445 560.6984783121745 0.13122171945701358 
2024-02-14 21:12:44.877917 4 49.62100378510379 49.62100378510379 37.0 4.143020757020757 0.07954465332031249 0.033768347442805206 613.0740292154949 0.12669683257918551 
2024-02-14 21:12:44.877917 4 47.88367564102565 47.88367564102565 40.0 3.9884450549450547 0.08224851074218752 0.029750117716013817 626.7544066975911 0.13574660633484162 
2024-02-14 21:12:44.877917 4 51.009318986568985 51.009318986568985 39.0 4.207912698412699 0.08701386718750001 0.028732206185016613 645.1890208333333 0.12217194570135746 
2024-02-14 21:12:44.877917 4 50.42360738705738 50.42360738705738 35.0 4.078048229548229 0.07846171875 0.0324715936073875 658.6819836018882 0.14479638009049775 
2024-02-14 21:12:44.877917 4 49.03670140415141 49.03670140415141 40.0 4.069108058608059 0.08354350585937502 0.02765100603499175 694.55759370931 0.12669683257918551 
2024-02-14 21:12:44.877917 4 48.36430421245421 48.36430421245421 36.0 4.054079975579976 0.080642431640625 0.03539404241621728 640.6437048339844 0.1493212669683258 
2024-02-14 21:12:45.097824 5 50.005137118437126 50.005137118437126 39.0 4.1726874236874245 0.084699169921875 0.03111063809628244 634.5586253662109 0.12669683257918551 
2024-02-14 21:12:45.097824 5 47.9540811965812 47.9540811965812 37.0 3.9413577533577535 0.0708465087890625 0.021836126087171445 560.6984783121745 0.13122171945701358 
2024-02-14 21:12:45.097824 5 49.62100378510379 49.62100378510379 37.0 4.143020757020757 0.07954465332031249 0.033768347442805206 613.0740292154949 0.12669683257918551 
2024-02-14 21:12:45.097824 5 47.88367564102565 47.88367564102565 40.0 3.9884450549450547 0.08224851074218752 0.029750117716013817 626.7544066975911 0.13574660633484162 
2024-02-14 21:12:45.097824 5 51.009318986568985 51.009318986568985 39.0 4.207912698412699 0.08701386718750001 0.028732206185016613 645.1890208333333 0.12217194570135746 
2024-02-14 21:12:45.097824 5 49.03670140415141 49.03670140415141 40.0 4.069108058608059 0.08354350585937502 0.02765100603499175 694.55759370931 0.12669683257918551 
2024-02-14 21:12:45.097824 5 47.95747643467644 47.95747643467644 31.0 3.9625799755799758 0.074210791015625 0.031023401192977404 550.229971883138 0.13574660633484162 
2024-02-14 21:12:45.097824 5 48.34509945054945 48.34509945054945 38.0 4.000413308913308 0.0739046142578125 0.021301589559800046 628.3329114990236 0.14027149321266968 
2024-02-14 21:12:45.097824 5 49.166405006105016 49.166405006105016 35.0 3.9481355311355317 0.076968603515625 0.031046011982467217 638.1684516194662 0.1493212669683258 
