49.632683577533584 49.632683577533584 37.0 4.109224664224664 0.0692519287109375 0.02520993535233676 546.9744973551433 0.12669683257918551 
49.891812942612944 49.891812942612944 33.0 4.120804029304029 0.0664111572265625 0.025290907649337602 522.297428873698 0.12217194570135746 
48.48055976800977 48.48055976800977 36.0 4.048296092796092 0.0681611083984375 0.022749264102136478 573.915040649414 0.12669683257918551 
48.399272466422474 48.399272466422474 37.0 4.088502442002442 0.0664661865234375 0.021666714193508057 570.3735552164713 0.12217194570135746 
49.094812942612954 49.094812942612954 34.0 4.106994505494506 0.0673892822265625 0.025617435820743512 513.8178225097656 0.12217194570135746 
50.72105421245422 50.72105421245422 32.0 4.200626984126984 0.077896728515625 0.032572393339931956 504.8831033528645 0.12669683257918551 
47.2183057997558 47.2183057997558 35.0 3.9623040293040295 0.064306298828125 0.020535613800051204 547.0815941162109 0.13122171945701358 
48.65297802197802 48.65297802197802 33.0 4.051319902319903 0.075266015625 0.024850358645668064 503.0314784342448 0.14027149321266968 
48.97264627594628 48.97264627594628 33.0 4.073661172161172 0.0670319580078125 0.025554412619625873 519.5814728190104 0.12217194570135746 
49.39247960927962 49.39247960927962 33.0 4.124137362637363 0.0667684814453125 0.025902045822817726 501.19751098632815 0.12217194570135746 
47.754283455433445 47.754283455433445 37.0 3.932993894993895 0.07711623535156249 0.027687380244695504 562.7868984375 0.13122171945701358 
47.2462898046398 47.2462898046398 35.0 4.035057387057387 0.0776548095703125 0.030939799851548048 520.6965378011067 0.13574660633484162 
51.098926251526244 51.098926251526244 37.0 4.104671550671551 0.07081748046875 0.0190256395489836 598.85879296875 0.13574660633484162 
49.93502155067154 49.93502155067154 36.0 4.107763736263736 0.072795458984375 0.024192368272063756 516.8351270345051 0.11764705882352941 
49.13001043956044 49.13001043956044 34.0 4.069819291819292 0.0709798095703125 0.02533492613864591 489.9043334147135 0.13122171945701358 
45.51932551892551 45.51932551892551 36.0 3.8289078144078146 0.07334809570312499 0.029930063425753026 530.4084699707032 0.1493212669683258 
47.572890659340665 47.572890659340665 39.0 3.9122680097680096 0.073917236328125 0.02265419857710606 599.3566944580078 0.13122171945701358 
48.11875891330891 48.11875891330891 41.0 3.9492838827838828 0.07135126953125 0.021014544188795073 598.2905038248698 0.13122171945701358 
49.05120018315018 49.05120018315018 36.0 4.005379120879121 0.076071923828125 0.024553457950808984 533.3788120930989 0.12217194570135746 
49.12725732600733 49.12725732600733 41.0 4.083575091575092 0.073741015625 0.025002949036464685 591.9737186279297 0.11764705882352941 
47.25511965811967 47.25511965811967 41.0 3.923881562881563 0.079724560546875 0.024317111880347717 655.9674549967448 0.12669683257918551 
47.17935775335776 47.17935775335776 39.0 3.897929181929182 0.079920068359375 0.02592258388502833 565.686023030599 0.12669683257918551 
47.03458009768009 47.03458009768009 34.0 3.981274114774115 0.0814337158203125 0.0354855883958787 534.3607630615234 0.14027149321266968 
49.28473962148963 49.28473962148963 31.0 4.104996336996337 0.07862573242187501 0.03310396622389556 519.890408610026 0.15384615384615385 
47.70732918192919 47.70732918192919 36.0 3.9508021978021977 0.07963115234375 0.02641507420512204 529.1595850423176 0.15384615384615385 
47.12677454212454 47.12677454212454 36.0 3.9919407814407815 0.07242841796875 0.032408604453549414 466.2761837972006 0.13574660633484162 
47.76203467643468 47.76203467643468 34.0 3.89019413919414 0.0804633544921875 0.03237744221500105 544.0509904378255 0.14479638009049775 
48.485450549450555 48.485450549450555 35.0 4.188752136752137 0.0737160888671875 0.029702998209344696 507.94768522135416 0.12669683257918551 
47.9540811965812 47.9540811965812 37.0 3.9413577533577535 0.0708465087890625 0.021836126087171445 560.6984783121745 0.13122171945701358 
47.95747643467644 47.95747643467644 31.0 3.9625799755799758 0.074210791015625 0.031023401192977404 550.229971883138 0.13574660633484162 
49.166405006105016 49.166405006105016 35.0 3.9481355311355317 0.076968603515625 0.031046011982467217 638.1684516194662 0.1493212669683258 
45.520087973137976 45.520087973137976 35.0 3.8731831501831504 0.08047543945312499 0.032307320208981 565.3654394938151 0.13122171945701358 
49.30845512820513 49.30845512820513 40.0 4.049728937728938 0.07496982421875 0.02524382113188746 592.2330927734375 0.11764705882352941 
49.004113858363866 49.004113858363866 36.0 4.077332112332113 0.07013071289062499 0.024013030057361096 471.94603361002606 0.14027149321266968 
49.029159890109895 49.029159890109895 35.0 4.020681318681319 0.06380522460937499 0.02137747810826065 530.7944623616537 0.13574660633484162 
48.149878327228336 48.149878327228336 36.0 4.0070463980463975 0.066668310546875 0.020186564490821356 494.2819504801432 0.13122171945701358 
47.95748846153846 47.95748846153846 40.0 4.035332112332112 0.0746109619140625 0.022098833558723347 596.0465407307942 0.12669683257918551 
49.11316648351649 49.11316648351649 37.0 4.078630036630036 0.063050634765625 0.01913431103461028 502.4501274820963 0.13574660633484162 
46.89304743589744 46.89304743589744 40.0 3.9605347985347987 0.0718970458984375 0.02357307912820038 576.1204606526692 0.13122171945701358 
48.0895330891331 48.0895330891331 34.0 3.9383394383394386 0.08609958496093752 0.040557907868611284 551.3797556559244 0.14027149321266968 
48.87300061050061 48.87300061050061 33.0 3.9490494505494507 0.087592138671875 0.036932409969999816 548.0022447509765 0.14027149321266968 
47.86874841269841 47.86874841269841 38.0 3.9992405372405373 0.0829632568359375 0.03183605857340987 556.6906029052735 0.12217194570135746 
47.06974181929182 47.06974181929182 38.0 3.960942612942613 0.0781298583984375 0.029056162845432127 562.3731394856771 0.12217194570135746 
48.275476739926745 48.275476739926745 35.0 3.995514041514042 0.07916423339843749 0.03380665206134974 538.5193623453777 0.14027149321266968 
48.16103943833944 48.16103943833944 34.0 4.006910866910867 0.0795361083984375 0.03342258374816125 523.1098431396484 0.13574660633484162 
48.199892857142856 48.199892857142856 40.0 4.012764346764346 0.064360107421875 0.017255646493256126 577.2585209554036 0.14479638009049775 
47.10544816849817 47.10544816849817 37.0 3.8927759462759464 0.07354609374999999 0.027435815784869158 581.9900956624349 0.14027149321266968 
46.8921815018315 46.8921815018315 40.0 3.9397759462759465 0.07484892578125 0.026812446698460533 569.063093383789 0.14027149321266968 
48.28374737484738 48.28374737484738 42.0 4.006831501831502 0.075201513671875 0.02384215995340587 605.1546734619141 0.12669683257918551 
51.97244316239316 51.97244316239316 34.0 4.263423687423687 0.08333088378906249 0.031520810578710395 460.1074544677735 0.13122171945701358 
51.64161880341881 51.64161880341881 33.0 4.344393772893772 0.08097229003906248 0.03433240331856903 479.6314091796875 0.12669683257918551 
47.56848095238095 47.56848095238095 38.0 3.941050061050061 0.0731883056640625 0.02302948613241372 608.401875406901 0.13122171945701358 
47.85680873015874 47.85680873015874 32.0 4.012946886446887 0.07174746093750001 0.03196013660456175 490.3717423502604 0.13574660633484162 
