2024-02-14 21:12:43.980430 1 45.520087973137976 45.520087973137976 35.0 3.8731831501831504 0.08047543945312499 0.032307320208981 565.3654394938151 0.13122171945701358 
2024-02-14 21:12:43.980430 1 48.78468846153845 48.78468846153845 36.0 4.083840048840049 0.068677978515625 0.024158038314998173 521.8006424560547 0.12669683257918551 
2024-02-14 21:12:43.980430 1 48.32278315018315 48.32278315018315 34.0 4.0510189255189255 0.07543647460937498 0.0332416581061578 566.5927586669922 0.14027149321266968 
2024-02-14 21:12:43.980430 1 48.783735470085475 48.783735470085475 35.0 4.085189255189255 0.0756684814453125 0.03295079429110233 579.3212659098307 0.1493212669683258 
2024-02-14 21:12:44.215698 2 45.520087973137976 45.520087973137976 35.0 3.8731831501831504 0.08047543945312499 0.032307320208981 565.3654394938151 0.13122171945701358 
2024-02-14 21:12:44.215698 2 48.78468846153845 48.78468846153845 36.0 4.083840048840049 0.068677978515625 0.024158038314998173 521.8006424560547 0.12669683257918551 
2024-02-14 21:12:44.215698 2 48.32278315018315 48.32278315018315 34.0 4.0510189255189255 0.07543647460937498 0.0332416581061578 566.5927586669922 0.14027149321266968 
2024-02-14 21:12:44.215698 2 48.783735470085475 48.783735470085475 35.0 4.085189255189255 0.0756684814453125 0.03295079429110233 579.3212659098307 0.1493212669683258 
2024-02-14 21:12:44.215698 2 49.14704743589743 49.14704743589743 43.0 4.097677655677655 0.07365695800781251 0.02254757540939991 633.8591850179037 0.13574660633484162 
2024-02-14 21:12:44.215698 2 47.633248962148954 47.633248962148954 36.0 3.9919987789987794 0.076420556640625 0.03261796427774675 576.9227325439454 0.14479638009049775 
2024-02-14 21:12:44.215698 2 48.96645616605617 48.96645616605617 44.0 4.028443223443223 0.07359760742187499 0.025097882898948223 635.9648239339193 0.13574660633484162 
2024-02-14 21:12:44.215698 2 46.29857448107448 46.29857448107448 36.0 3.933040293040293 0.0808395751953125 0.02643270971177757 607.7240822347005 0.13574660633484162 
2024-02-14 21:12:44.215698 2 48.7716836996337 48.7716836996337 42.0 4.049022588522588 0.073926416015625 0.02564265081484558 629.916375813802 0.13122171945701358 
2024-02-14 21:12:44.470291 3 48.32278315018315 48.32278315018315 34.0 4.0510189255189255 0.07543647460937498 0.0332416581061578 566.5927586669922 0.14027149321266968 
2024-02-14 21:12:44.470291 3 45.520087973137976 45.520087973137976 35.0 3.8731831501831504 0.08047543945312499 0.032307320208981 565.3654394938151 0.13122171945701358 
2024-02-14 21:12:44.470291 3 48.78468846153845 48.78468846153845 36.0 4.083840048840049 0.068677978515625 0.024158038314998173 521.8006424560547 0.12669683257918551 
2024-02-14 21:12:44.470291 3 48.264085470085476 48.264085470085476 41.0 4.001855921855922 0.07254389648437501 0.028991674506900305 610.3637124430338 0.1493212669683258 
2024-02-14 21:12:44.470291 3 48.04172814407815 48.04172814407815 42.0 4.0192527472527475 0.07433056640624999 0.021781178268194198 640.023243001302 0.14027149321266968 
2024-02-14 21:12:44.470291 3 49.16298345543346 49.16298345543346 34.0 4.04423199023199 0.0825447021484375 0.030442099356614988 571.6715290120443 0.13122171945701358 
2024-02-14 21:12:44.470291 3 48.96645616605617 48.96645616605617 44.0 4.028443223443223 0.07359760742187499 0.025097882898948223 635.9648239339193 0.13574660633484162 
2024-02-14 21:12:44.470291 3 49.004113858363866 49.004113858363866 36.0 4.077332112332113 0.07013071289062499 0.024013030057361096 471.94603361002606 0.14027149321266968 
2024-02-14 21:12:44.470291 3 49.14704743589743 49.14704743589743 43.0 4.097677655677655 0.07365695800781251 0.02254757540939991 633.8591850179037 0.13574660633484162 
2024-02-14 21:12:44.470291 3 48.494861782661786 48.494861782661786 40.0 4.054135531135532 0.0842958251953125 0.026714792223603148 675.927506225586 0.12669683257918551 
2024-02-14 21:12:44.649769 4 48.32278315018315 48.32278315018315 34.0 4.0510189255189255 0.07543647460937498 0.0332416581061578 566.5927586669922 0.14027149321266968 
2024-02-14 21:12:44.649769 4 45.520087973137976 45.520087973137976 35.0 3.8731831501831504 0.08047543945312499 0.032307320208981 565.3654394938151 0.13122171945701358 
2024-02-14 21:12:44.649769 4 48.589780769230764 48.589780769230764 41.0 4.116788766788767 0.0678109619140625 0.02096125760348499 593.0411247151693 0.14027149321266968 
2024-02-14 21:12:44.649769 4 47.99320213675215 47.99320213675215 41.0 3.991855921855922 0.07209877929687501 0.026563747753646342 627.2995572102864 0.1493212669683258 
2024-02-14 21:12:44.649769 4 49.30845512820513 49.30845512820513 40.0 4.049728937728938 0.07496982421875 0.02524382113188746 592.2330927734375 0.11764705882352941 
2024-02-14 21:12:44.649769 4 49.004113858363866 49.004113858363866 36.0 4.077332112332113 0.07013071289062499 0.024013030057361096 471.94603361002606 0.14027149321266968 
2024-02-14 21:12:44.649769 4 48.494861782661786 48.494861782661786 40.0 4.054135531135532 0.0842958251953125 0.026714792223603148 675.927506225586 0.12669683257918551 
2024-02-14 21:12:44.649769 4 48.96645616605617 48.96645616605617 44.0 4.028443223443223 0.07359760742187499 0.025097882898948223 635.9648239339193 0.13574660633484162 
2024-02-14 21:12:44.649769 4 49.029159890109895 49.029159890109895 35.0 4.020681318681319 0.06380522460937499 0.02137747810826065 530.7944623616537 0.13574660633484162 
2024-02-14 21:12:44.649769 4 48.335682112332115 48.335682112332115 37.0 4.090903540903541 0.0806560546875 0.028715395271549187 513.5131475830078 0.13122171945701358 
2024-02-14 21:12:44.826646 5 48.32278315018315 48.32278315018315 34.0 4.0510189255189255 0.07543647460937498 0.0332416581061578 566.5927586669922 0.14027149321266968 
2024-02-14 21:12:44.826646 5 45.520087973137976 45.520087973137976 35.0 3.8731831501831504 0.08047543945312499 0.032307320208981 565.3654394938151 0.13122171945701358 
2024-02-14 21:12:44.826646 5 49.30845512820513 49.30845512820513 40.0 4.049728937728938 0.07496982421875 0.02524382113188746 592.2330927734375 0.11764705882352941 
2024-02-14 21:12:44.826646 5 49.004113858363866 49.004113858363866 36.0 4.077332112332113 0.07013071289062499 0.024013030057361096 471.94603361002606 0.14027149321266968 
2024-02-14 21:12:44.826646 5 49.029159890109895 49.029159890109895 35.0 4.020681318681319 0.06380522460937499 0.02137747810826065 530.7944623616537 0.13574660633484162 
2024-02-14 21:12:44.826646 5 48.149878327228336 48.149878327228336 36.0 4.0070463980463975 0.066668310546875 0.020186564490821356 494.2819504801432 0.13122171945701358 
2024-02-14 21:12:44.826646 5 47.95748846153846 47.95748846153846 40.0 4.035332112332112 0.0746109619140625 0.022098833558723347 596.0465407307942 0.12669683257918551 
2024-02-14 21:12:44.826646 5 49.11316648351649 49.11316648351649 37.0 4.078630036630036 0.063050634765625 0.01913431103461028 502.4501274820963 0.13574660633484162 
2024-02-14 21:12:44.826646 5 46.89304743589744 46.89304743589744 40.0 3.9605347985347987 0.0718970458984375 0.02357307912820038 576.1204606526692 0.13122171945701358 
