2024-02-14 21:12:40.987699 1 48.78479108669107 48.78479108669107 36.0 3.9581941391941395 0.07461994628906249 0.028209919268256996 494.3983756103516 0.13122171945701358 
2024-02-14 21:12:40.987699 1 50.833869108669106 50.833869108669106 38.0 4.135623931623932 0.07699228515625 0.025906416205277515 624.7501024169923 0.14027149321266968 
2024-02-14 21:12:40.987699 1 49.4324286935287 49.4324286935287 36.0 4.139136752136753 0.072981201171875 0.02617437168484931 563.017770711263 0.12669683257918551 
2024-02-14 21:12:41.236496 2 48.78479108669107 48.78479108669107 36.0 3.9581941391941395 0.07461994628906249 0.028209919268256996 494.3983756103516 0.13122171945701358 
2024-02-14 21:12:41.236496 2 49.4324286935287 49.4324286935287 36.0 4.139136752136753 0.072981201171875 0.02617437168484931 563.017770711263 0.12669683257918551 
2024-02-14 21:12:41.236496 2 50.86391514041514 50.86391514041514 38.0 4.197100122100122 0.075881103515625 0.02140767087095974 639.7060610351563 0.13122171945701358 
2024-02-14 21:12:41.236496 2 49.4662818070818 49.4662818070818 36.0 4.020782661782662 0.07014772949218749 0.022389332128941408 569.9676560872397 0.14027149321266968 
2024-02-14 21:12:41.236496 2 48.462979731379725 48.462979731379725 36.0 4.024517094017094 0.09148974609374999 0.0376455267965794 584.2531585286459 0.13574660633484162 
2024-02-14 21:12:41.236496 2 49.93502155067154 49.93502155067154 36.0 4.107763736263736 0.072795458984375 0.024192368272063756 516.8351270345051 0.11764705882352941 
2024-02-14 21:12:41.236496 2 49.75588266178267 49.75588266178267 39.0 4.107660561660562 0.0748111328125 0.027418907907547866 585.5210327962241 0.13122171945701358 
2024-02-14 21:12:41.398101 3 48.78479108669107 48.78479108669107 36.0 3.9581941391941395 0.07461994628906249 0.028209919268256996 494.3983756103516 0.13122171945701358 
2024-02-14 21:12:41.398101 3 49.4324286935287 49.4324286935287 36.0 4.139136752136753 0.072981201171875 0.02617437168484931 563.017770711263 0.12669683257918551 
2024-02-14 21:12:41.398101 3 50.86391514041514 50.86391514041514 38.0 4.197100122100122 0.075881103515625 0.02140767087095974 639.7060610351563 0.13122171945701358 
2024-02-14 21:12:41.398101 3 49.4662818070818 49.4662818070818 36.0 4.020782661782662 0.07014772949218749 0.022389332128941408 569.9676560872397 0.14027149321266968 
2024-02-14 21:12:41.398101 3 48.462979731379725 48.462979731379725 36.0 4.024517094017094 0.09148974609374999 0.0376455267965794 584.2531585286459 0.13574660633484162 
2024-02-14 21:12:41.398101 3 49.93502155067154 49.93502155067154 36.0 4.107763736263736 0.072795458984375 0.024192368272063756 516.8351270345051 0.11764705882352941 
2024-02-14 21:12:41.398101 3 49.13001043956044 49.13001043956044 34.0 4.069819291819292 0.0709798095703125 0.02533492613864591 489.9043334147135 0.13122171945701358 
2024-02-14 21:12:41.398101 3 48.576120695970694 48.576120695970694 40.0 4.025925518925519 0.076232421875 0.027168086269259536 601.4478314208984 0.12669683257918551 
2024-02-14 21:12:41.398101 3 50.64604377289377 50.64604377289377 35.0 4.102517704517705 0.0687264404296875 0.022386193102523634 556.6301074625651 0.14027149321266968 
2024-02-14 21:12:41.398101 3 50.174554029304026 50.174554029304026 37.0 4.130044566544567 0.07178974609375 0.01903400751908777 559.7822926839193 0.13574660633484162 
2024-02-14 21:12:41.655170 4 50.86714450549451 50.86714450549451 38.0 4.116139804639805 0.06981430664062499 0.01934344946632618 617.4986175130209 0.13122171945701358 
2024-02-14 21:12:41.655170 4 50.86391514041514 50.86391514041514 38.0 4.197100122100122 0.075881103515625 0.02140767087095974 639.7060610351563 0.13122171945701358 
2024-02-14 21:12:41.655170 4 49.13001043956044 49.13001043956044 34.0 4.069819291819292 0.0709798095703125 0.02533492613864591 489.9043334147135 0.13122171945701358 
2024-02-14 21:12:41.655170 4 49.93502155067154 49.93502155067154 36.0 4.107763736263736 0.072795458984375 0.024192368272063756 516.8351270345051 0.11764705882352941 
2024-02-14 21:12:41.655170 4 47.441257997558 47.441257997558 42.0 3.9580683760683764 0.0777072509765625 0.026816034685479943 614.4603221435548 0.14027149321266968 
2024-02-14 21:12:41.655170 4 50.64604377289377 50.64604377289377 35.0 4.102517704517705 0.0687264404296875 0.022386193102523634 556.6301074625651 0.14027149321266968 
2024-02-14 21:12:41.655170 4 48.462979731379725 48.462979731379725 36.0 4.024517094017094 0.09148974609374999 0.0376455267965794 584.2531585286459 0.13574660633484162 
2024-02-14 21:12:41.655170 4 50.174554029304026 50.174554029304026 37.0 4.130044566544567 0.07178974609375 0.01903400751908777 559.7822926839193 0.13574660633484162 
2024-02-14 21:12:41.655170 4 48.14529133089133 48.14529133089133 37.0 4.004647741147741 0.08493195800781252 0.03302083764715852 559.2609315592449 0.12217194570135746 
2024-02-14 21:12:41.655170 4 48.576120695970694 48.576120695970694 40.0 4.025925518925519 0.076232421875 0.027168086269259536 601.4478314208984 0.12669683257918551 
2024-02-14 21:12:41.811527 5 48.462979731379725 48.462979731379725 36.0 4.024517094017094 0.09148974609374999 0.0376455267965794 584.2531585286459 0.13574660633484162 
2024-02-14 21:12:41.811527 5 47.754283455433445 47.754283455433445 37.0 3.932993894993895 0.07711623535156249 0.027687380244695504 562.7868984375 0.13122171945701358 
2024-02-14 21:12:41.811527 5 49.87946202686203 49.87946202686203 41.0 4.059692307692307 0.0738593017578125 0.02380665499649707 654.1451433919271 0.12669683257918551 
2024-02-14 21:12:41.811527 5 47.441257997558 47.441257997558 42.0 3.9580683760683764 0.0777072509765625 0.026816034685479943 614.4603221435548 0.14027149321266968 
2024-02-14 21:12:41.811527 5 47.2462898046398 47.2462898046398 35.0 4.035057387057387 0.0776548095703125 0.030939799851548048 520.6965378011067 0.13574660633484162 
2024-02-14 21:12:41.811527 5 50.52226202686202 50.52226202686202 36.0 4.113985958485959 0.06802404785156249 0.022730401842400418 578.2617894287109 0.14479638009049775 
2024-02-14 21:12:41.811527 5 51.098926251526244 51.098926251526244 37.0 4.104671550671551 0.07081748046875 0.0190256395489836 598.85879296875 0.13574660633484162 
2024-02-14 21:12:41.811527 5 49.93502155067154 49.93502155067154 36.0 4.107763736263736 0.072795458984375 0.024192368272063756 516.8351270345051 0.11764705882352941 
2024-02-14 21:12:41.811527 5 50.86391514041514 50.86391514041514 38.0 4.197100122100122 0.075881103515625 0.02140767087095974 639.7060610351563 0.13122171945701358 
2024-02-14 21:12:41.811527 5 49.13001043956044 49.13001043956044 34.0 4.069819291819292 0.0709798095703125 0.02533492613864591 489.9043334147135 0.13122171945701358 
