28.77078733766234 5.0
28.77078733766234 5.0
28.77078733766234 5.0
28.77078733766234 5.0
28.77078733766234 5.0
28.77078733766234 5.0
28.77078733766234 5.0
28.77078733766234 5.0
28.77078733766234 5.0
28.77078733766234 5.0
28.77078733766234 5.0
28.77078733766234 5.0
28.77078733766234 5.0
28.77078733766234 5.0
28.77078733766234 5.0
28.77078733766234 5.0
28.77078733766234 5.0
28.77078733766234 5.0
28.77078733766234 5.0
28.77078733766234 5.0
28.77078733766234 5.0
28.77078733766234 5.0
28.77078733766234 5.0
28.77078733766234 5.0
28.77078733766234 5.0
28.77078733766234 5.0
28.77078733766234 5.0
28.77078733766234 5.0
28.77078733766234 5.0
28.77078733766234 5.0
28.77078733766234 5.0
28.77078733766234 5.0
28.77078733766234 5.0
28.77078733766234 5.0
28.77078733766234 5.0
28.77078733766234 5.0
28.77078733766234 5.0
28.77078733766234 5.0
28.77078733766234 5.0
28.77078733766234 5.0
28.77078733766234 5.0
28.77078733766234 5.0
28.77078733766234 5.0
28.77078733766234 5.0
28.77078733766234 5.0
28.77078733766234 5.0
28.77078733766234 5.0
28.77078733766234 5.0
28.77078733766234 5.0
28.77078733766234 5.0
28.77078733766234 5.0
28.77078733766234 5.0
28.77078733766234 5.0
28.77078733766234 5.0
28.77078733766234 5.0
28.77078733766234 5.0
28.77078733766234 5.0
28.77078733766234 5.0
28.77078733766234 5.0
28.77078733766234 5.0
28.77078733766234 5.0
28.77078733766234 5.0
28.77078733766234 5.0
28.77078733766234 5.0
28.77078733766234 5.0
28.77078733766234 5.0
28.77078733766234 5.0
28.77078733766234 5.0
28.77078733766234 5.0
28.77078733766234 5.0
28.77078733766234 5.0
28.77078733766234 5.0
28.77078733766234 5.0
28.77078733766234 5.0
28.77078733766234 5.0
28.77078733766234 5.0
28.77078733766234 5.0
28.77078733766234 5.0
28.77078733766234 5.0
28.77078733766234 5.0
28.77078733766234 5.0
28.77078733766234 5.0
28.77078733766234 5.0
28.77078733766234 5.0
28.77078733766234 5.0
28.77078733766234 5.0
28.77078733766234 5.0
28.77078733766234 5.0
28.77078733766234 5.0
28.77078733766234 5.0
28.77078733766234 5.0
28.77078733766234 5.0
28.77078733766234 5.0
28.77078733766234 5.0
28.77078733766234 5.0
28.77078733766234 5.0
28.77078733766234 5.0
28.77078733766234 5.0
28.77078733766234 5.0
28.77078733766234 5.0
28.77078733766234 5.0
28.77078733766234 5.0
28.77078733766234 5.0
28.77078733766234 5.0
28.77078733766234 5.0
28.77078733766234 5.0
28.77078733766234 5.0
28.77078733766234 5.0
28.77078733766234 5.0
28.77078733766234 5.0
28.77078733766234 5.0
28.77078733766234 5.0
28.77078733766234 5.0
28.77078733766234 5.0
28.77078733766234 5.0
28.77078733766234 5.0
28.77078733766234 5.0
28.77078733766234 5.0
28.789954004329 5.0
28.789954004329 5.0
28.789954004329 5.0
28.789954004329 5.0
28.789954004329 5.0
28.789954004329 5.0
28.789954004329 5.0
28.789954004329 5.0
28.789954004329 5.0
28.789954004329 5.0
28.789954004329 5.0
28.789954004329 5.0
28.843037337662338 4.0
28.843037337662338 4.0
28.843037337662338 4.0
28.843037337662338 4.0
28.843037337662338 4.0
28.843037337662338 4.0
28.843037337662338 4.0
28.843037337662338 4.0
28.843037337662338 4.0
28.843037337662338 4.0
28.843037337662338 4.0
28.843037337662338 4.0
28.843037337662338 4.0
28.843037337662338 4.0
28.843037337662338 4.0
28.843037337662338 4.0
28.843037337662338 4.0
28.843037337662338 4.0
28.843037337662338 4.0
28.843037337662338 4.0
28.843037337662338 4.0
28.843037337662338 4.0
28.843037337662338 4.0
28.843037337662338 4.0
28.843037337662338 4.0
28.843037337662338 4.0
28.843037337662338 4.0
28.843037337662338 4.0
28.843037337662338 4.0
28.843037337662338 4.0
28.843037337662338 4.0
28.843037337662338 4.0
28.843037337662338 4.0
28.843037337662338 4.0
28.843037337662338 4.0
28.843037337662338 4.0
28.843037337662338 4.0
28.843037337662338 4.0
28.843037337662338 4.0
28.843037337662338 4.0
28.843037337662338 4.0
28.843037337662338 4.0
28.843037337662338 4.0
28.86220400432901 4.0
28.86220400432901 4.0
28.86220400432901 4.0
28.86220400432901 4.0
28.86220400432901 4.0
28.86220400432901 4.0
28.86220400432901 4.0
28.86220400432901 4.0
28.86220400432901 4.0
28.86220400432901 4.0
28.86220400432901 4.0
28.86220400432901 4.0
28.86220400432901 4.0
28.86220400432901 4.0
28.86220400432901 4.0
28.86220400432901 4.0
28.86220400432901 4.0
28.86220400432901 4.0
28.86220400432901 4.0
28.86220400432901 4.0
28.86220400432901 4.0
28.86220400432901 4.0
28.86220400432901 4.0
28.86220400432901 4.0
28.86220400432901 4.0
28.86220400432901 4.0
28.86220400432901 4.0
28.86220400432901 4.0
28.86220400432901 4.0
28.86220400432901 4.0
28.86220400432901 4.0
28.88397186147186 4.0
28.88397186147186 4.0
28.88397186147186 4.0
28.88397186147186 4.0
28.88397186147186 4.0
28.88397186147186 4.0
28.88397186147186 4.0
28.88397186147186 4.0
28.88397186147186 4.0
28.88397186147186 4.0
28.88397186147186 4.0
28.88397186147186 4.0
28.88397186147186 4.0
29.100954004329008 4.0