27.394738095238097 7.0
27.394738095238097 7.0
27.394738095238097 7.0
27.39598809523809 7.0
27.407238095238096 7.0
27.414238095238098 6.0
27.414238095238098 6.0
27.421988095238095 6.0
27.425916666666666 6.0
27.5042380952381 5.0
27.514738095238094 5.0
27.517238095238092 5.0
27.550988095238097 5.0
27.692898809523808 4.0
27.711113095238098 4.0
27.711113095238098 4.0
27.711113095238098 4.0
27.711113095238098 4.0
27.711113095238098 4.0
27.711113095238098 4.0
27.711113095238098 4.0
27.711113095238098 4.0
27.711113095238098 4.0
27.711113095238098 4.0
27.711113095238098 4.0
27.711113095238098 4.0
27.711113095238098 4.0
27.711113095238098 4.0
27.711113095238098 4.0
27.711113095238098 4.0
27.711113095238098 4.0
27.711113095238098 4.0
27.711113095238098 4.0
27.711113095238098 4.0
27.711113095238098 4.0
27.711113095238098 4.0
27.711113095238098 4.0
27.711113095238098 4.0
27.711113095238098 4.0
27.711113095238098 4.0
27.711113095238098 4.0
27.711113095238098 4.0
27.711113095238098 4.0
27.711113095238098 4.0
27.711113095238098 4.0
27.711113095238098 4.0
27.711113095238098 4.0
27.711113095238098 4.0
27.711113095238098 4.0
27.711113095238098 4.0
27.711113095238098 4.0
27.711113095238098 4.0
27.711113095238098 4.0
27.711113095238098 4.0