27.398488095238093 7.0
27.415488095238096 7.0
27.4167380952381 6.0
27.417988095238094 6.0
27.419416666666667 6.0
27.419416666666667 6.0
27.44995238095238 6.0
27.502988095238095 5.0
27.521023809523808 5.0
27.53745238095238 5.0
27.640488095238094 5.0
27.640488095238094 5.0
27.640488095238094 5.0
27.640488095238094 5.0
27.640488095238094 5.0
27.640488095238094 5.0
27.640488095238094 5.0
27.640488095238094 5.0
27.640488095238094 5.0
27.640488095238094 5.0
27.640488095238094 5.0
27.640488095238094 5.0
27.640488095238094 5.0
27.640488095238094 5.0
27.640488095238094 5.0
27.640488095238094 5.0
27.640488095238094 5.0
27.640488095238094 5.0
27.640488095238094 5.0
27.640488095238094 5.0
27.640488095238094 5.0
27.640488095238094 5.0
27.640488095238094 5.0
27.640488095238094 5.0
27.640488095238094 5.0
27.640488095238094 5.0
27.640488095238094 5.0
27.640488095238094 5.0
27.640488095238094 5.0
27.640488095238094 5.0
27.640488095238094 5.0
27.640488095238094 5.0
27.640488095238094 5.0