40.2805477994228 0.13393316650390624 0.017631283272352066 
33.250197150072154 0.08193548583984375 0.04781343146606905 
34.4880349025974 0.17112451171875004 0.01390550647163391 
34.81551406926407 0.1652464599609375 0.01481709121106565 
39.504347402597396 0.13148547363281252 0.018245163237437623 
33.953515061327565 0.16271911621093751 0.015229316887781019 
39.504119227994224 0.13322052001953125 0.017859043154474338 
37.39834541847041 0.1284171142578125 0.019406797930762183 
39.23749224386724 0.1291741943359375 0.01857049505524336 
37.61271744227994 0.1305966186523438 0.019018145831134155 
38.84579085497835 0.12730029296875 0.019342293555498137 
38.28439700577201 0.12960247802734376 0.018782431304719304 
35.282270021645026 0.15838305664062496 0.01519682355320454 
38.575265061327556 0.13683093261718748 0.017363862249240275 
38.69962518037518 0.12794561767578125 0.019328932814296342 
36.28036823593074 0.1451309814453125 0.016861365189418196 
36.35799918831169 0.1539481201171875 0.015630717112883934 
35.6002977994228 0.15551336669921872 0.01634982824533805 
35.79522934704185 0.14612347412109378 0.01692655002829061 
34.24893966450217 0.1517200927734375 0.017524987740203744 
35.415997204184706 0.15235760498046874 0.01658114632737264 
36.699218434343436 0.13793524169921875 0.01806098414212091 
36.933093434343434 0.1382056884765625 0.017964754461035137 
34.41384244227994 0.1527518310546875 0.01717396142707766 
33.726930735930736 0.14903759765625 0.018477080068349836 
34.70914502164502 0.15954833984375 0.016004268454015255 
39.18666883116883 0.12766967773437501 0.01923371386110783 
39.08428787878788 0.13441204833984374 0.017816640675928436 
35.71746744227994 0.15713726806640624 0.015678415284123275 
39.01558252164502 0.13106445312499998 0.01837790916204452 
34.85710137085137 0.14834912109375 0.017292055545806893 
34.11436228354978 0.16013116455078125 0.017005764698680488 
35.907513077200576 0.14994085693359374 0.016354929324235767 
37.31696645021645 0.12668603515625 0.019569225275754935 
33.67834145021645 0.16238861083984374 0.01644057128122077 
34.65089006132756 0.15781085205078124 0.017074308964427562 
35.70736625180375 0.15433038330078125 0.015819601453240968 
34.48989204545454 0.14695843505859374 0.018041303282942615 
34.52244859307359 0.16089611816406252 0.015775030586406585 
34.53193768037518 0.15878289794921874 0.0170476363405548 
38.9449724025974 0.12854888916015625 0.019199321768786772 
35.485638077200576 0.14852093505859373 0.016356884135570383 
36.14545553751803 0.14781457519531252 0.016734148145481954 
38.32624224386724 0.1309193115234375 0.018667728225275883 
39.531424422799425 0.13241717529296876 0.017883594358678916 
36.26638870851371 0.17620196533203125 0.011325404965396971 
31.307416486291487 0.0868519287109375 0.04869856426893183 
30.893916486291488 0.09035821533203126 0.04128237826287374 
37.027467081529586 0.12230615234375 0.02084157773548366 
35.98725775613276 0.15488531494140625 0.014112007599320265 
39.20692442279942 0.13422430419921874 0.017619667830761517 
38.84184108946609 0.13990747070312498 0.016503734597802164 
39.34392442279942 0.14021929931640625 0.016157808897461743 
35.53457620851371 0.16708422851562502 0.012751965508818627 
37.32512085137085 0.13126348876953126 0.01841722279220446 
37.500844065656565 0.144632080078125 0.0158515324691534 
36.677823232323234 0.15521795654296872 0.013878330412205311 
35.93649585137085 0.17229077148437502 0.01173647504782677 
36.370156565656565 0.15262603759765625 0.014424674774017187 
37.69740656565657 0.1440279541015625 0.0156631901575774 
37.16530835137085 0.13793157958984376 0.017256339226212357 
34.2502518037518 0.16131011962890623 0.015488523377086963 
34.422361922799425 0.16806677246093749 0.014321301940247411 
38.25517442279943 0.13549749755859375 0.017978202645625913 
36.07158513708514 0.1693380126953125 0.012282385770246386 
33.94158315295815 0.1473553466796875 0.018727635906562207 
38.422924422799426 0.146277587890625 0.015391918057560915 
35.259397637085144 0.14093658447265625 0.0172747288381122 
38.14969823232324 0.13733032226562497 0.01696860896885396 
36.891507756132754 0.13318927001953124 0.018280813028033804 
36.211495851370856 0.170055419921875 0.012016227371454238 
37.996252795815295 0.13482714843750002 0.017997075477302067 
37.86954942279942 0.15049542236328123 0.01471061973434314 
36.28846013708514 0.17112646484375 0.011397253169357772 
38.358716089466085 0.12977911376953125 0.018633110367055977 
33.65339763708514 0.17484014892578123 0.016232885252829638 
34.87409704184704 0.16312872314453125 0.014251948609050361 
37.81559108946609 0.14250189208984376 0.016694412726309157 
39.01942442279942 0.14202642822265626 0.016074030697491026 
34.0416148989899 0.13445623779296875 0.019918879116769893 
38.53707323232323 0.1437703857421875 0.015562768346831202 
34.699787518037525 0.15614569091796876 0.01713217481910808 
35.59271906565657 0.16582342529296876 0.013429885549839588 
35.66053156565657 0.16196282958984376 0.013005527897026395 
35.7809898989899 0.16035272216796875 0.01311510628848896 
36.10087085137086 0.17045214843749998 0.011724322229683403 
36.79953156565657 0.16423260498046874 0.012429094902392478 
36.46183513708513 0.1303692626953125 0.019345705261752017 
39.00963275613276 0.14817279052734375 0.014861335686709724 
36.33744823232323 0.16497332763671874 0.012320400796946136 
36.392094065656565 0.12506280517578125 0.020261764675375073 
35.487120851370854 0.16250842285156253 0.01452578251241147 
37.59863374819625 0.1310645751953125 0.018783628307268024 
36.5838648989899 0.13921990966796877 0.016878215062614523 
34.552617875180374 0.13842388916015624 0.01907432203527914 
37.084073232323234 0.1469991455078125 0.01502221990065277 
35.397733946608945 0.1512891845703125 0.01662587750582397 
35.51755537518038 0.157252685546875 0.013937325929164884 
35.82365656565657 0.15923724365234376 0.013261314558055248 
37.40625577200577 0.12605511474609374 0.020100960822965953 
39.48898394660895 0.13630609130859375 0.017265810899581756 
36.79320815295815 0.12998858642578126 0.019509287553247056 
39.21135894660895 0.14238287353515627 0.015998578829314554 
36.53770418470418 0.15881774902343748 0.013552469839975236 
36.561037518037516 0.14612780761718752 0.01578226037172974 
38.72584406565657 0.13023565673828125 0.01851412408142909 
36.004489898989895 0.15044311523437498 0.015727193906903268 
34.633904581529585 0.15991046142578125 0.01482281222027168 
36.92225775613276 0.15593475341796875 0.013767138689514253 
35.10098791486292 0.1679599609375 0.012915035252511507 
36.965674422799424 0.17387939453125 0.011326839013099669 
38.11838275613276 0.139670166015625 0.016556185229659088 
34.48366251803752 0.16226403808593748 0.015281880449220539 
38.01657323232323 0.13830181884765627 0.017173531622555117 
36.10024585137086 0.1736177978515625 0.011452418963477016 
34.58431132756133 0.15154028320312501 0.017503958648085596 
37.4669898989899 0.15645837402343749 0.013458936890527604 
37.602049422799425 0.15238763427734375 0.01462655773594603 
37.837001803751804 0.1656513671875 0.01219293782448769 
37.09621608946609 0.15822210693359376 0.013654651080217208 
34.830040494227994 0.1744881591796875 0.013039362691804765 
38.59463275613276 0.14184307861328124 0.0161202512488924 
35.83491847041847 0.1730782470703125 0.012209808305665856 
30.737003787878784 0.09015850830078125 0.05574261823010079 
32.24024783549784 0.0821673583984375 0.04512859234027561 
35.4314145021645 0.14921228027343753 0.016638936594292518 
39.083898629148635 0.11733343505859377 0.021767229493107648 
35.201769660894655 0.15654815673828126 0.0161639451999031 
34.4901645021645 0.14757257080078126 0.01765560791760311 
36.55819525613275 0.13335736083984373 0.018732497282292693 
35.974138708513706 0.15357037353515626 0.016090109567906706 
34.60913771645021 0.15907080078125002 0.01647652454012633 
36.26611688311688 0.14801495361328126 0.0165897848574482 
36.54882025613275 0.13098809814453122 0.01913508305132017 
31.291089105339104 0.09036102294921874 0.036061693495865854 
31.413944264069265 0.0852149658203125 0.053632836379095813 
38.94598196248196 0.11741180419921875 0.021803836813624963 
36.46450477994228 0.14961492919921873 0.01623390412896499 
31.063727994227996 0.09235028076171874 0.036228869503851964 
35.48766549422799 0.1565770263671875 0.015834384894654163 
36.33387977994228 0.1292353515625 0.01963570509678126 
34.0663262085137 0.16024322509765626 0.017234356382396065 
36.03825477994228 0.13774908447265627 0.018129810893680907 
33.502881764069265 0.16907171630859374 0.01723192134663091 
34.17495021645021 0.15776916503906252 0.017908909083828327 
35.548325216450216 0.13823309326171876 0.018181495121713714 
36.619123827561324 0.14602117919921875 0.016761217851337048 
38.26721708152958 0.1203751220703125 0.02086882258848847 
29.907421446608947 0.0973616943359375 0.05766045239762964 
31.332081168831166 0.08740936279296876 0.04467618823325254 
29.551870851370847 0.100173583984375 0.0458559302093983 
30.776935335497836 0.08931402587890624 0.04496128938123208 
31.7214145021645 0.08414129638671874 0.054670206777747685 
32.457435335497834 0.08613323974609374 0.03679141459521276 
29.810148629148625 0.09904400634765624 0.04942588220235327 
29.317704184704183 0.1040008544921875 0.055945967640802195 
32.16194724025974 0.08610345458984374 0.037998020090904146 
34.32718731962482 0.08899322509765625 0.032320426495578085 
30.871102002164502 0.12003082275390627 0.025101942939069134 
31.21873890692641 0.09200061035156251 0.03525202124594147 
32.45405339105339 0.09749334716796874 0.029588045384880173 
34.14253255772006 0.08682122802734375 0.034205980536784995 
33.305845057720056 0.086994384765625 0.03479585298025604 
30.551030573593074 0.09554107666015625 0.03671356721272696 
30.918988906926405 0.0907100830078125 0.03844208005176486 
30.80336390692641 0.11308227539062501 0.02720617096394302 
30.58003057359307 0.0972669677734375 0.0340642817592472 
32.770102002164506 0.08416546630859376 0.037455830019380826 
30.18953057359307 0.10763800048828127 0.031217831381257655 
33.8878281926407 0.12428405761718749 0.021268624682947983 
33.219747835497834 0.11216851806640624 0.02375817975416409 
32.95428652597403 0.12021282958984374 0.02243645417567714 
33.74906033549784 0.11794927978515624 0.02216146854057535 
33.68985993867244 0.11852850341796875 0.022145269446667303 
33.73478553391053 0.11433526611328126 0.022928937409516403 
30.75799981962482 0.10778887939453126 0.02842428978514297 
30.53206628787879 0.09698382568359375 0.03556025640216097 
31.446113906926406 0.0878385009765625 0.03785957481728499 
31.446387716450214 0.11502508544921874 0.024785252009030454 
31.94569724025974 0.08838214111328124 0.034960334928747325 
30.664780573593077 0.10461779785156249 0.030405471032843044 
31.65661093073593 0.11801379394531249 0.02325391716866194 
32.04563176406926 0.1026143798828125 0.02711168677614627 
32.511971049783554 0.11392645263671874 0.023535245316322867 
33.48483414502165 0.08661614990234376 0.03486516310616953 
34.55767442279942 0.11237725830078124 0.02313931013583765 
34.36371212121212 0.08905126953125 0.032275009794473716 
32.247994859307354 0.10706182861328124 0.026000290845032793 
34.358074224386726 0.11581884765625002 0.0223836466255188 
33.840497835497835 0.0924801025390625 0.030414346110090557 
33.05707224025974 0.10020977783203126 0.026926258609112373 
32.17173890692641 0.0838385009765625 0.03840678551338613 
32.10955438311688 0.12764306640625 0.02177052057021856 
30.134169462481964 0.097887451171875 0.03717290603345626 
32.9578520021645 0.08360882568359375 0.03826915687796095 
32.53519724025974 0.08873504638671877 0.03430988341337077 
31.209103986291485 0.09304162597656249 0.03446252909766139 
32.02833612914863 0.09778363037109375 0.02997845962401848 
30.252374819624823 0.1083365478515625 0.029009644840821615 
33.66908414502164 0.0980206298828125 0.027720405277237285 
30.65372898629149 0.1012747802734375 0.032312605408892046 
32.16448890692641 0.08531347656250002 0.03749221459054948 
31.958843073593073 0.10120605468749999 0.028113967524170884 
32.741777597402596 0.0952718505859375 0.029576642242237893 
31.240633748196252 0.11013110351562501 0.026088485652267922 
31.24187878787879 0.10546600341796875 0.02756702555900442 
30.984473033910536 0.12424133300781248 0.022806467375978842 
32.65438176406927 0.08628302001953125 0.036143286387618635 
34.163354978354974 0.10711401367187501 0.02473658259445427 
31.739142947330446 0.1110667724609375 0.02455609990058838 
32.49013104256854 0.0996339111328125 0.027981199315175426 
30.28793163780664 0.0921544189453125 0.037325206616803955 
30.64285128066378 0.09592584228515624 0.03400211061402779 
32.33434235209235 0.0961932373046875 0.02984623269997532 
32.5843483044733 0.0846429443359375 0.03745159680716698 
32.48726794733045 0.10765252685546875 0.02484580005794392 
31.015842352092353 0.10077764892578125 0.02944173831790318 
31.118973304473304 0.08881207275390626 0.037101396114494624 
29.516568542568542 0.12988604736328124 0.02639757075470315 
31.475589375901876 0.12840081787109375 0.021612885493185373 
32.04711318542569 0.13641619873046876 0.020098540919836618 
30.845318542568542 0.10997656250000001 0.026926482389807726 
30.06330068542569 0.10433477783203124 0.03135859767853842 
32.86915584415584 0.131261962890625 0.020608944370985052 
30.94698520923521 0.11305059814453125 0.025228209975954135 
30.58459830447331 0.09138299560546875 0.03689057997643572 
32.23852985209235 0.12500073242187498 0.021956693179070928 
31.491889971139972 0.08844189453125 0.035852649026870756 
30.815925685425686 0.13611566162109373 0.02184252091213688 
31.226789772727273 0.13341131591796876 0.020827765900786974 
30.64798520923521 0.12873522949218752 0.0230200376033634 
31.17574512987013 0.09897406005859374 0.030285311665382286 
31.05258044733045 0.12394189453125 0.02325038212114574 
31.89743461399711 0.10339996337890626 0.027943655663635596 
30.189860209235214 0.10934771728515624 0.029962331907417594 
30.88525901875902 0.10461651611328127 0.028024849033173194 
30.894443542568546 0.095552001953125 0.032848884756505534 
33.421995129870126 0.10692077636718751 0.025462936261221793 
34.23480068542568 0.09701239013671877 0.02806256639539826 
34.09921735209235 0.09297802734375 0.029995239507615606 
31.831360209235207 0.0995968017578125 0.02894007705436647 
31.476901875901877 0.0959420166015625 0.03170062249766285 
29.861665764790768 0.10208978271484374 0.034446259935643535 
33.165258026695525 0.08359741210937502 0.03790570070147521 
32.659489177489185 0.121570068359375 0.021968153987169274 
30.905318542568544 0.1174390869140625 0.024497464430913315 
33.40688401875902 0.09670489501953125 0.028463143581863505 
31.931110209235204 0.09183740234375 0.03266213682138923 
30.94965485209235 0.09915313720703126 0.030810694257076797 
29.66290782828283 0.10288330078125 0.03811582770586007 
30.491139971139972 0.10927270507812499 0.028511393999993813 
30.461060606060606 0.10608734130859374 0.029750742355193947 
31.159389971139973 0.09073522949218751 0.03539357746230072 
31.470559613997114 0.10733093261718749 0.026920383479818687 
32.07316378066378 0.11669213867187497 0.023466528726160514 
30.097241161616164 0.09934295654296875 0.03366631316905847 
31.799738185425685 0.10620477294921873 0.02600355358302221 
31.25118163780663 0.10188140869140624 0.028612351049389674 
30.442776875901878 0.09870697021484376 0.03289253084173429 
30.524488185425685 0.10157928466796876 0.031197654230054446 
31.40641774891775 0.11589642333984376 0.024414158429171887 
31.51943759018759 0.09220465087890624 0.03393262188955762 
32.42692568542569 0.09155145263671875 0.03160094994216789 
33.66083946608946 0.10269293212890625 0.026191753425445413 
32.349064664502166 0.08710516357421874 0.034674264600273286 
33.214278950216446 0.0822247314453125 0.0393472196372598 
33.79770553751804 0.10642834472656251 0.025004909189626584 
31.7703979978355 0.0877918701171875 0.03632420525817574 
32.160147997835494 0.095507080078125 0.029942803947091062 
31.365439664502162 0.08855670166015625 0.037290429152216704 
31.801004148629147 0.1078419189453125 0.025581443099066625 
30.5075854978355 0.09639703369140624 0.03574408638849485 
33.596955537518035 0.087125 0.03439687659257653 
32.74896942640693 0.08863629150390626 0.03326177819278469 
31.489286886724386 0.115371826171875 0.024210166961312313 
31.931689664502166 0.084733154296875 0.038517763030290635 
31.88157855339106 0.11155743408203125 0.02423467085343226 
34.10781664862915 0.09294000244140625 0.029938527133908144 
31.796698593073593 0.10228594970703124 0.028383203609403208 
34.92455970418471 0.11116357421875 0.02347373784655333 
32.20166188672439 0.11536138916015623 0.023490443946566415 
31.269897997835493 0.10478784179687499 0.028023237274229527 
33.263483315295815 0.09481842041015624 0.02909920832535251 
32.624022997835496 0.09299053955078125 0.030158308274265404 
32.239127164502165 0.10961053466796875 0.02479174457698689 
32.330656926406924 0.10591064453125001 0.025659229319989686 
33.27476704545454 0.09162738037109375 0.03064290204700463 
30.50326605339105 0.11260687255859374 0.027912321147467924 
33.57244164862915 0.08974749755859375 0.03209439885285118 
30.836786886724383 0.09843798828125001 0.032815842400848914 
32.21900910894661 0.10268371582031248 0.026555878385528902 
31.713147997835495 0.09902874755859374 0.029069869560863788 
31.31262022005772 0.10927783203125001 0.025379825601041295 
34.06484938672438 0.10380865478515626 0.02559529969557748 
31.676356331168837 0.09341717529296875 0.032826354768689704 
32.220745220057715 0.0903385009765625 0.032722346146270634 
32.25187716450216 0.08476507568359375 0.037212884566929276 
30.988800775613278 0.09398602294921876 0.03543697726022825 
32.55271645021645 0.08254272460937499 0.03993017988115544 
32.606022997835495 0.09088989257812499 0.031795799643099296 
32.98867775974026 0.08550970458984375 0.036176860051002374 
31.964814664502164 0.083017822265625 0.03964493785762783 
35.068594426406925 0.1168447265625 0.02226318520838024 
31.863995220057724 0.09043817138671875 0.034336021004315424 
32.51852994227994 0.09908642578125 0.02766950512355567 
31.380453553391057 0.09834637451171876 0.03087393535089119 
32.21912022005772 0.09927239990234374 0.028088791768100096 
34.18400414862915 0.09787347412109375 0.027918898086395076 
33.41833252164502 0.1104423828125 0.023593613070011142 
30.943925775613273 0.088344970703125 0.04016085131967061 
32.222356331168825 0.09299053955078125 0.03096943394016849 
33.06499025974026 0.10957507324218749 0.02421712141124902 
33.107656926406925 0.11494512939453125 0.022928695549365115 
31.721564664502164 0.10538818359375002 0.027004661216437797 
30.817620220057716 0.0968516845703125 0.033779626077100604 
32.74172835497835 0.10405944824218749 0.02580480374984443 
31.57668966450217 0.08546337890625 0.03997891193813079 
31.672856331168827 0.09615350341796876 0.03048508471577991 
32.71753941197691 0.12453179931640626 0.02107845674439894 
30.035844967532466 0.10594512939453124 0.03217705670064315 
30.330370761183257 0.122712158203125 0.024179062341988085 
32.08910588023088 0.10098547363281249 0.028604414233133223 
33.174757665945165 0.13506231689453124 0.019167963831420994 
32.32192433261183 0.12807244873046875 0.021166683196719747 
31.79606322150072 0.13563354492187502 0.020607704112529743 
34.53857512626263 0.12468188476562499 0.020767919176280496 
30.84267433261183 0.11483074951171876 0.025925746144767853 
33.57287274531025 0.11464245605468748 0.02271079097418486 
30.635261634199132 0.10532135009765624 0.029809544024374357 
30.072056277056276 0.13699548339843753 0.022852045672699793 
29.49606818181818 0.10759173583984376 0.03440186439987649 
30.98172195165945 0.13047662353515627 0.022108037373866886 
31.50771203102453 0.12741302490234374 0.022207750419583165 
29.812734848484848 0.10111553955078123 0.038771475763436404 
32.75363663419913 0.10078118896484374 0.027580913719382143 
31.143632665945166 0.11649816894531248 0.024384045635625698 
31.39510687229437 0.12349993896484375 0.023291956716742383 
32.554340999278494 0.13888708496093752 0.019168191568121325 
30.555338023088023 0.11267230224609373 0.027596200002100325 
32.36575766594517 0.11448101806640625 0.023573217739727346 
30.63473385642136 0.12115344238281249 0.024730304796978804 
30.039218975468977 0.09682702636718751 0.037382579145297454 
30.379011634199127 0.1266708984375 0.02368277495914696 
30.715278499278497 0.125249267578125 0.023196565184831625 
30.82243326118326 0.10847894287109375 0.028340123613025986 
32.14672294372294 0.12514385986328125 0.022241559845026574 
32.88013672438672 0.11962408447265624 0.022613850342776607 
33.226106962481964 0.09969744873046875 0.027109253612276184 
33.27339862914863 0.103232666015625 0.025789511537194255 
31.9804402958153 0.0929876708984375 0.03210925163976845 
33.9526525974026 0.13092968750000003 0.02025783384269475 
30.58022898629149 0.0966776123046875 0.033841713511213706 
34.384125811688314 0.11040972900390625 0.023841699229445318 
31.381773629148633 0.089272705078125 0.034624198879838065 
34.26839962121212 0.12043914794921876 0.02163349626189099 
31.313083152958153 0.0954805908203125 0.03195815677450597 
32.59854446248196 0.09573852539062502 0.029372671778202096 
30.82714862914863 0.09301153564453124 0.03653083877563103 
33.732441287878785 0.08245312499999999 0.03847148255234954 
32.44704148629149 0.10178338623046876 0.026721901306506247 
31.267181367243865 0.12141131591796875 0.02379629510742052 
31.649541486291486 0.10828411865234373 0.02513700562414155 
31.294407557720056 0.12823333740234374 0.022363267560806126 
33.3436139069264 0.107496337890625 0.02479659563064572 
33.874503787878794 0.08705078125 0.03412633514016862 
32.61624089105339 0.10576873779296876 0.025645439544674 
32.373514700577196 0.108333251953125 0.024450769940376284 
31.97905339105339 0.10101434326171874 0.02752792898237335 
31.756940295815298 0.09466387939453126 0.030379662378247862 
31.117978986291483 0.11250793457031252 0.025737238912209876 
32.106571248196246 0.08919616699218749 0.03416561526916924 
31.199041486291485 0.117216552734375 0.024349026277005678 
31.264083152958154 0.09278436279296876 0.0335438973438702 
33.69554446248196 0.08989495849609375 0.03177895481839402 
31.245478986291488 0.10802490234374999 0.026584797434806812 
32.740139700577195 0.11480877685546875 0.023514135698195535 
32.15602561327562 0.1261881103515625 0.022143797342345117 
30.437136724386725 0.12643463134765626 0.02380397150596605 
30.876338113275608 0.12797247314453125 0.022460969040092073 
33.37370914502164 0.13485882568359375 0.020289055084254572 
32.5877647005772 0.1314710693359375 0.021014283955678358 
31.848231962481965 0.103763427734375 0.02638949239879847 
31.03639267676768 0.10482336425781251 0.028021235154137007 
32.41033017676768 0.08206024169921874 0.04075788649952036 
30.8241397005772 0.10297613525390625 0.02983106894805651 
34.14616152597402 0.1229486083984375 0.02131755435161294 
32.2647022005772 0.0859471435546875 0.03684946619360152 
30.04857819264069 0.10192431640624999 0.034841081354677624 
30.1445018037518 0.11208306884765624 0.028239750928130018 
31.40141847041847 0.09696423339843749 0.03075760230688753 
32.73966648629148 0.10300628662109376 0.026529236192908135 
32.51681926406926 0.09559191894531249 0.02976930795280631 
32.0150772005772 0.083494140625 0.038703944443821955 
32.47114763708514 0.08557647705078127 0.03660879602914679 
30.559849025974028 0.09783319091796874 0.03476273135423284 
29.368694264069262 0.11199346923828127 0.033634758397933076 
31.023390692640692 0.0897335205078125 0.03773490486697852 
33.51456628787879 0.083406494140625 0.037717672250032364 
29.517923430735927 0.10511444091796876 0.03586827767228708 
30.557036525974024 0.1076094970703125 0.028713763980433366 
30.582477994227997 0.09525433349609375 0.036013156501319296 
31.457373827561327 0.10311132812500001 0.02838213280075787 
30.408882756132755 0.10660748291015625 0.02985354869243128 
31.253682359307362 0.09446307373046875 0.03228435920697073 
31.056724025974024 0.09299816894531249 0.03556648243217168 
31.97414069264069 0.08669439697265625 0.036721965634074136 
30.605244859307355 0.09988262939453126 0.032363814377900244 
32.658411525974024 0.09086224365234376 0.031561178104843886 
31.55099485930736 0.0866864013671875 0.03848409122489395 
30.164950216450215 0.10389385986328126 0.03332030667733774 
33.33295319264069 0.09973590087890624 0.02699397275831924 
32.019085137085135 0.098328857421875 0.029622261548638357 
30.305439303751804 0.09475305175781248 0.03727964422003929 
31.551376803751804 0.085882080078125 0.03877168898141381 
31.623188311688306 0.10675830078125001 0.027062600405871873 
30.23445319264069 0.0977362060546875 0.03581980175875123 
32.59464664502165 0.09731134033203126 0.02825482583611833 
31.352558351370853 0.09964471435546876 0.030095317964848177 
30.70230537518038 0.1128916015625 0.02753877151423692 
29.6877518037518 0.11689984130859374 0.02909946304973589 
30.9955275974026 0.0949349365234375 0.034325761007830455 
32.076462121212124 0.08654486083984377 0.03747697865262257 
31.91630735930736 0.08908624267578125 0.034187335198219836 
31.91393235930736 0.09249487304687501 0.03270751165354253 
32.75813068181818 0.082344482421875 0.039814218712210726 
33.03353977272727 0.09977160644531251 0.027642290413066754 
32.17572727272727 0.09291314697265625 0.031606965463008806 
29.636041756854258 0.103872802734375 0.03639625206983088 
32.62762211399711 0.11281964111328124 0.023935177592154598 
30.62137509018759 0.09758380126953124 0.033517332932468516 
32.30963401875902 0.10459271240234376 0.02619825864728913 
33.01925901875902 0.08716607666015626 0.033865088237669275 
30.82186913780664 0.11843731689453123 0.025432332256551848 
32.96138203463204 0.08499078369140625 0.03658740990683067 
30.948687590187593 0.094992919921875 0.033312321341872224 
31.20198683261183 0.09010260009765625 0.03686468860521543 
31.7794659992785 0.08461322021484374 0.03966015981968861 
31.922565205627706 0.08307452392578125 0.039716603390690004 
30.818050685425685 0.08747735595703124 0.042427785492535716 
30.273675685425683 0.09397100830078126 0.045834024303849794 
30.651678661616167 0.11073767089843749 0.0277978160621375 
32.11839592352093 0.09795428466796877 0.028922903637703484 
32.79268759018758 0.09250653076171875 0.031138620530780387 
31.209187590187593 0.10408880615234375 0.029069434046592596 
32.26488401875902 0.08956158447265625 0.03336778104093292 
31.564053661616164 0.0929869384765625 0.033094661465272346 
31.73772925685426 0.08782830810546875 0.03672459683984144 
30.74228282828283 0.090410888671875 0.039207737804412876 
30.589083423520925 0.09048028564453126 0.047454692330654746 
32.92202786796537 0.09037744140625 0.03200221296244861 
30.930958423520927 0.0874444580078125 0.04861224511913954 
31.204616161616162 0.1095123291015625 0.026415814729854464 
31.758453463203466 0.08279492187500001 0.04431307779318094 
32.364687590187586 0.10153552246093751 0.027396193608328668 
31.433972943722942 0.08447753906250001 0.0403093959650397 
32.591882034632036 0.08440161132812499 0.03746881308102605 
31.240979256854256 0.0924315185546875 0.034679902726694904 
32.95047032828283 0.10211895751953123 0.02631930219483003 
29.940675685425685 0.10050616455078125 0.038022392616983494 
31.640770923520925 0.097920166015625 0.030038070109725028 
30.637241161616164 0.10416033935546876 0.03077057266157495 
31.136474927849928 0.0879134521484375 0.038097939523622434 
30.685437590187586 0.0958807373046875 0.03495892627291383 
31.056241161616164 0.09711541748046874 0.03191467689066754 
32.280663419913424 0.08789056396484377 0.03536898309841385 
29.738416756854257 0.09960186767578125 0.0397683645356857 
29.601131042568547 0.10551202392578127 0.035379614585634274 
30.854199494949494 0.11346820068359376 0.026195376599099505 
31.669324494949496 0.10001422119140627 0.02876903108861672 
30.819074494949497 0.10091406249999998 0.03211898505085709 
32.88080041486292 0.13556964111328126 0.02052191228758916 
31.35709108946609 0.09793041992187498 0.03150161717480427 
30.271195256132756 0.09426043701171875 0.03926520349812138 
32.160948232323236 0.091501953125 0.033298901984453275 
31.80214466089466 0.1442191162109375 0.019733677086397998 
29.506355970418475 0.10558288574218751 0.03592727392576634 
29.162986922799423 0.10797961425781248 0.0380155276927203 
30.537764700577203 0.10506427001953123 0.03072881175052745 
29.68396708152958 0.12053607177734375 0.027333748142089685 
29.499799422799423 0.1423394775390625 0.023168498473986974 
30.358979978354977 0.09931036376953126 0.03567446583538879 
30.500585137085135 0.10994342041015623 0.027912617974843828 
29.68398692279942 0.11000115966796875 0.031545875300463336 
30.8777518037518 0.11851885986328126 0.02509391853075848 
30.117764700577197 0.10811572265625 0.030163987372279148 
30.941689303751804 0.13908660888671875 0.021444933410342794 
29.636109938672433 0.12806201171875 0.0261893783107996 
29.196427398989897 0.1304449462890625 0.025928982601985347 
30.06655636724387 0.11137469482421876 0.028910585118647674 
29.963391684704185 0.13500445556640625 0.022918881771828974 
29.757778589466092 0.10118994140625 0.03890257260018591 
29.70824089105339 0.10445062255859375 0.033968019381012786 
30.053070256132752 0.12112451171875001 0.025741258183956128 
30.017873827561324 0.10140203857421874 0.03585635805844895 
30.04789168470419 0.15146728515625002 0.019950879545211787 
30.87824386724386 0.10442327880859374 0.028723390141274778 
29.23686390692641 0.12605444335937502 0.027437215643465525 
30.00279247835498 0.09735400390625 0.03811014701670415 
29.531391684704182 0.13399188232421874 0.023913026472445562 
29.71348097041847 0.12393890380859376 0.02669496411612259 
29.520127795815295 0.125123291015625 0.02644005120664835 
29.364299422799423 0.13603546142578127 0.024052004705425338 
30.221829184704184 0.14226300048828128 0.021393356412168576 
29.632161525974027 0.11601409912109376 0.029179508925583193 
29.35340557359307 0.127734375 0.026826833153069003 
30.612181367243863 0.11585754394531249 0.026855178247913742 
29.54344227994228 0.15272711181640625 0.021253542858507484 
29.23582025613275 0.1073795166015625 0.03608979499058424 
29.403361922799423 0.11733697509765625 0.030579955283548687 
30.37841053391053 0.11644659423828126 0.026395375327464204 
29.275322240259737 0.134692138671875 0.025670327761411656 
29.028695256132757 0.10882507324218751 0.037714268008396015 
29.97122501803751 0.12713409423828123 0.024617509851213533 
29.72714168470418 0.1436978759765625 0.021112384124860172 
29.858361922799418 0.12312939453125 0.02608592833495142 
29.902931367243866 0.11682977294921874 0.026888644955750544 
29.152459145021645 0.11696502685546876 0.031528343979772146 
30.769204184704183 0.12145458984374999 0.02464017847394944 
30.329141684704183 0.13280389404296875 0.022845547842677692 
31.038058351370847 0.13448443603515625 0.02183852811720596 
29.443257756132756 0.11676818847656252 0.03005783748678863 
30.111248827561326 0.12297259521484374 0.024968775384392572 
29.925871843434344 0.11388098144531249 0.02833820092575249 
31.39790458152958 0.1213438720703125 0.023438070815786728 
31.195272637085132 0.122495361328125 0.024122605386316782 
29.214419462481963 0.13542828369140625 0.025846651779081676 
29.934500811688316 0.0975185546875 0.04818570011639599 
28.510249819624825 0.133568115234375 0.028976505975723266 
33.0551645021645 0.11851177978515626 0.022488245738413196 
27.48522601010101 0.14908673095703123 0.04291360079329829 
29.276970057720057 0.13592108154296872 0.02458568334847317 
29.06507124819625 0.1102608642578125 0.033676427152320734 
30.287029581529577 0.1022724609375 0.031735537344276914 
32.196648629148626 0.17240655517578124 0.01648327926784382 
30.18554247835498 0.0959510498046875 0.04783628484366832 
29.785451208513706 0.14351727294921873 0.022688449424024683 
29.269041486291485 0.1560037841796875 0.020978898065254097 
28.521805375180378 0.11601470947265624 0.03491135001858699 
30.94766946248196 0.12361834716796875 0.023759794966991998 
27.896065295815298 0.1242918701171875 0.04768097803501787 
30.35438672438672 0.15478399658203124 0.018989532891508183 
28.49670517676767 0.12904827880859376 0.030029697978164994 
29.40911985930736 0.10182727050781248 0.04053831865577401 
28.46608017676768 0.1121409912109375 0.0404114424070567 
27.64832918470419 0.13017913818359378 0.06609087328692898 
27.792118867243865 0.1287239990234375 0.057545402299627714 
29.37672898629149 0.11018927001953124 0.0331271335822307 
28.55585696248196 0.10992724609375 0.047205420107007 
34.06277362914862 0.14845013427734374 0.018532436861362307 
29.975907557720056 0.10341326904296874 0.03366300477993113 
27.72383017676767 0.143083251953125 0.033904434810519225 
29.54322898629149 0.1035147705078125 0.03709509378866852 
32.684023629148626 0.14716900634765623 0.018739313110079613 
28.44889466089466 0.16014642333984375 0.022828441555347308 
28.225646645021648 0.11529925537109376 0.0453550789335035 
27.53066053391053 0.13945233154296877 0.0345741267968379 
28.909251803751808 0.16463586425781251 0.021529197638198737 
28.140214105339105 0.16514007568359376 0.022742414584364747 
27.83616251803752 0.1265411376953125 0.04490630488686263 
27.319005772005767 0.14258886718750002 0.046015873004436526 
30.123874819624813 0.13083984375 0.02295022275507451 
28.704177398989895 0.13238702392578125 0.027541108869310476 
30.765666486291487 0.14018243408203127 0.021790733484026038 
30.62285101010101 0.18555328369140622 0.014663375434484333 
28.843614898989905 0.11644268798828125 0.031913867955919335 
28.40720517676768 0.14948400878906248 0.025600919592544447 
28.109698232323233 0.12176251220703124 0.03523157222818955 
28.67370517676768 0.14953289794921876 0.023347519299801438 
28.508794462481962 0.11187554931640627 0.04802322797581175 
31.018523629148625 0.1474580078125 0.019946329856276514 
29.484827200577207 0.09918487548828125 0.05132198833977806 
29.865583152958152 0.1311380615234375 0.024060410903856154 
28.389029581529588 0.12765496826171877 0.031506532478626816 
28.318219065656564 0.13777398681640624 0.02711034530445563 
32.14417045454545 0.13470880126953128 0.02070998281508311 
28.811781565656567 0.12719598388671877 0.028991579556461432 
28.314394660894656 0.15038690185546874 0.02424528944581373 
29.66972898629149 0.13370196533203124 0.02351597082745658 
28.46840458152958 0.12131781005859374 0.034491452591862516 
28.688267676767673 0.14495361328125 0.02542557748287915 
31.547636724386724 0.14961480712890626 0.018142704694118363 
29.80643731962482 0.100652099609375 0.03880145340108872 
30.057353986291492 0.13872900390625 0.021805527128517625 
30.671108946608946 0.1473436279296875 0.019997268916949616 
27.946684343434345 0.12806011962890623 0.033939091579880606 
28.512080176767675 0.11303057861328125 0.03715061100166669 
27.8691148989899 0.126415771484375 0.03605763085329531 
33.20075974025974 0.12934136962890624 0.02074541304394232 
28.081073232323227 0.1385751953125 0.03234541704589128 
27.518597041847045 0.14327423095703123 0.045578674898501495 
29.245404581529577 0.10448229980468751 0.03939491485743229 
28.036339105339103 0.14514599609375 0.028380723888337605 
28.606538510101007 0.1347598876953125 0.026416366380617024 
28.100602994227994 0.15096862792968752 0.026019767930433153 
27.743796446608947 0.14718280029296876 0.028949847880717354 
29.326675414862915 0.12344891357421875 0.028349592745717595 
28.88113077200577 0.14417755126953127 0.02463614497369155 
29.631175414862913 0.11148736572265625 0.031806684299256614 
27.407359938672435 0.16258294677734378 0.04026086016043649 
29.83864763708514 0.11710040283203124 0.02894036541145669 
29.011038510101013 0.11264984130859375 0.03534926021238787 
28.88230636724387 0.10759771728515626 0.04724690732821452 
27.96578751803752 0.142143310546875 0.030510690120697036 
27.70598493867244 0.14645001220703122 0.031709613596316424 
28.690726010101013 0.12098724365234374 0.03235396867116917 
27.91835696248196 0.12356060791015626 0.06763654432859637 
28.006839105339104 0.15155517578124997 0.028332177709341055 
29.218939303751803 0.14261663818359374 0.02315233383372053 
30.649858946608948 0.15268896484375 0.01989843335324527 
28.17680735930736 0.1176036376953125 0.036310524307772506 
28.843714105339103 0.10707714843750002 0.05063503965622181 
28.968746843434342 0.15628619384765624 0.02078640854444729 
28.467043470418474 0.14437030029296877 0.02685110147964583 
27.590065295815293 0.13094091796875001 0.044939839446783106 
29.572800414862918 0.10644677734375 0.03366581423783296 
28.102366883116883 0.13573486328124998 0.033585451277792486 
30.675852002164504 0.1081986083984375 0.02868455573038759 
29.323655573593072 0.13693304443359375 0.02421005645349248 
29.627947240259743 0.10842327880859375 0.03205912513699751 
31.792844065656567 0.1432034912109375 0.02009534603492915 
27.715928391053392 0.1421549072265625 0.034128158391281964 
31.820322240259735 0.12166015625 0.02297299182653427 
29.690905573593078 0.14676611328125 0.021540668737232687 
28.672259740259744 0.1707122802734375 0.02116621029488743 
30.51069724025974 0.11682550048828126 0.02596101825624334 
30.98203255772006 0.09446337890625 0.03560344036585096 
27.65009505772006 0.1484403076171875 0.03269764361397919 
29.377411525974026 0.15326556396484375 0.02144504324075207 
29.86063176406926 0.16719653320312503 0.017982437581777574 
28.287414502164506 0.1493709716796875 0.027178279944822185 
27.953646645021642 0.14551226806640627 0.030799549535181398 
27.68384505772006 0.1513642578125 0.03185028658634423 
28.281718073593073 0.15633831787109376 0.025239232349660256 
29.29919724025974 0.17241430664062501 0.019445497869491575 
27.927188311688315 0.15566564941406252 0.027333951013848175 
29.751631764069266 0.15813983154296876 0.019816159052964303 
28.59611985930736 0.1290426025390625 0.031086408523485043 
29.436447240259742 0.10779467773437501 0.03397550570285321 
30.95668533549783 0.13194952392578124 0.022457261483665572 
28.54428354978355 0.15099810791015625 0.024222172299589985 
28.81105438311688 0.1564365234375 0.022316361208498482 
29.408078192640698 0.12268505859375001 0.028171631755590433 
27.872419462481957 0.14120098876953122 0.033489403755482317 
32.123131764069264 0.13439910888671874 0.020764692208822808 
29.337030573593076 0.12854748535156252 0.026944403677865863 
28.853009740259743 0.173483154296875 0.021014141747117042 
29.076637716450215 0.11822546386718749 0.03181751440601055 
29.664426406926406 0.12262646484374999 0.02740775997883082 
28.269917478354976 0.14544232177734376 0.027897311471369136 
27.980229978354977 0.150294677734375 0.02840059130108355 
29.655752795815296 0.10467065429687501 0.0361384087579846 
29.374572240259738 0.11501000976562499 0.03126818244183066 
28.97757224025974 0.14485064697265626 0.022958292556967585 
28.025075216450215 0.16114837646484376 0.02588024603327737 
29.978977002164505 0.10334576416015624 0.033350775580968724 
30.711240891053386 0.10312426757812498 0.031002145242154628 
29.30907224025974 0.13343267822265625 0.0254678310535811 
30.120676406926407 0.154024658203125 0.019551540304422382 
29.54242343073593 0.13808392333984373 0.023139126670327043 
29.00485993867244 0.11112658691406252 0.03644030807195601 
28.2558520021645 0.14242840576171875 0.028829958141859596 
29.03365557359307 0.14138690185546876 0.024987101614292705 
28.650856962481964 0.12101190185546876 0.0329729828426205 
30.455824224386724 0.1042183837890625 0.03170126717136797 
29.299670454545453 0.14725750732421877 0.021651005912836634 
29.687613906926412 0.13025354003906248 0.024984195797011242 
29.98071112914863 0.1332369384765625 0.023210294268891225 
28.644551406926404 0.15641888427734377 0.02304083825584874 
29.079009740259743 0.12463165283203126 0.028347261435445394 
30.653780573593075 0.13715136718749998 0.022219296220004542 
28.03924188311688 0.16375274658203126 0.02572417437916622 
29.572819264069267 0.1629434814453125 0.01955126551942527 
28.952676406926408 0.17887841796875 0.018918262012541296 
30.600753787878784 0.14601428222656251 0.020426678840205072 
27.981137716450217 0.1621304931640625 0.027072836483582868 
30.781627795815297 0.11777270507812501 0.02571865914440154 
30.76007224025974 0.122164794921875 0.02462772159641983 
28.289075216450215 0.16401336669921876 0.023921961144562805 
28.072856962481968 0.1413555908203125 0.03324349954985082 
28.694075216450216 0.146396484375 0.024809472658336156 
28.33463771645022 0.1606241455078125 0.023183032786414027 
27.942771645021644 0.14605651855468751 0.029899951236173512 
28.586158549783544 0.15763128662109377 0.022376399408724153 
28.24325974025974 0.162858642578125 0.025271322380244727 
29.916727002164503 0.111268310546875 0.030349344899058377 
28.631054383116883 0.1781502685546875 0.020251475118562578 
31.203948232323235 0.13880596923828126 0.02163101434987412 
28.306813311688312 0.1344581298828125 0.031026968870446113 
31.408264069264067 0.15846942138671877 0.017332864756997673 
29.40999422799423 0.10343048095703125 0.04006910425668578 
29.617446608946608 0.1622442626953125 0.01938521220318973 
30.72021645021645 0.16148687744140627 0.017309396142210814 
30.683153950216457 0.13029278564453123 0.02259999562126026 
31.02616883116883 0.15138848876953123 0.019077485820945362 
30.06444561688312 0.15986071777343752 0.018353699722871195 
32.219960497835494 0.14186444091796874 0.019431951278563585 
29.107598394660897 0.10674114990234376 0.03923737236734854 
29.61105672799423 0.10523010253906251 0.035224798688814105 
30.521543831168835 0.15317425537109375 0.01925394503441081 
29.915945616883118 0.10052984619140626 0.03621923385455831 
28.49419065656566 0.12252093505859377 0.03210144285586102 
30.44409145021645 0.10634063720703124 0.03079540804063897 
29.09019561688312 0.15342974853515626 0.022070455968048422 
30.639508116883114 0.11325872802734376 0.02648812932446228 
29.936154942279945 0.1182708740234375 0.025777186923250556 
28.87957756132756 0.12450689697265624 0.028553702783133805 
29.99927895021645 0.10701214599609377 0.0320338497388027 
28.91551506132756 0.12865618896484374 0.02711081786390764 
31.181918831168833 0.10922180175781249 0.02702625018201767 
28.387806727994228 0.1165404052734375 0.038683511568293 
28.736854347041845 0.14542010498046873 0.02474331607740745 
30.810966450216448 0.11094195556640626 0.027371941936578596 
28.425485299422803 0.13387042236328126 0.029083314345296485 
31.09075216450217 0.139446044921875 0.02102540014439822 
29.054577561327562 0.12097869873046876 0.0284579487342201 
29.38651506132756 0.16373590087890624 0.019903590835180125 
29.45103589466089 0.11269464111328124 0.03118804402857649 
30.54765494227994 0.14190283203125 0.021060198036968715 
28.726482323232325 0.11875616455078127 0.03156287710040436 
29.614515061327563 0.14909857177734373 0.020101314614560453 
30.084106331168833 0.11148492431640625 0.028578989029672007 
29.19643172799423 0.106993408203125 0.036117295800745505 
30.218258116883117 0.10019635009765623 0.0329927082717083 
29.10526506132756 0.14733648681640626 0.022077691222872578 
30.050931727994232 0.13747003173828126 0.022125625323053455 
29.936799783549787 0.16930352783203123 0.016832641770239912 
28.727147005772007 0.12238116455078125 0.030526087738092976 
28.828619227994228 0.11613507080078125 0.03423088036161287 
29.42973728354978 0.1047926025390625 0.035979682621941025 
28.743223394660895 0.13162786865234374 0.028094815078522996 
29.077077561327563 0.11315771484375 0.03258747882747645 
30.30471645021645 0.11680914306640626 0.026162412768449654 
29.86700018037518 0.15312640380859377 0.020096096819605676 
29.357404942279942 0.1249251708984375 0.026758988697692755 
31.2513474025974 0.15798443603515624 0.018553645423915237 
28.33781565656566 0.1267406005859375 0.031828342555150414 
29.32555672799423 0.13095098876953123 0.02525387868135794 
29.549384108946604 0.13353173828125 0.023986177311778066 
29.32146446608947 0.14435394287109377 0.021661070103850228 
29.77551506132756 0.13571533203125 0.022926315634250634 
29.63555077561328 0.15938995361328126 0.018823534834142785 
29.373397005772006 0.11821539306640624 0.028219793392267066 
31.474418831168833 0.14587677001953125 0.019179925169702624 
28.805083513708517 0.14854534912109374 0.02327671648856625 
29.64018172799423 0.1245736083984375 0.025418015802070516 
29.384160894660898 0.13511883544921877 0.02381952466112002 
28.918863275613273 0.1191314697265625 0.030744250241443533 
28.946378156565657 0.1446392822265625 0.02342254458837211 
28.531390061327564 0.1418079833984375 0.025843574361488215 
30.955446608946612 0.14542303466796874 0.020146462512608612 
28.796125180375178 0.13997155761718752 0.02522050494568051 
28.756348394660893 0.13821075439453126 0.025555395644064987 
29.413931727994225 0.154886962890625 0.020554414056301113 
29.696174783549782 0.120099853515625 0.0268715195121765 
29.411140061327558 0.1505767822265625 0.021469903287813057 
29.24636327561327 0.15900396728515626 0.02005719284340367 
29.035693632756136 0.1364207763671875 0.02463635521201791 
28.476660894660892 0.13135693359375 0.029672470185816303 
28.958196608946604 0.139919189453125 0.02547418578797579 
29.372613275613276 0.13448779296875 0.024762554332673544 
30.04636327561328 0.12890240478515624 0.023716919453706582 
30.156765061327565 0.11911968994140625 0.025649704448547205 
30.001765061327564 0.11516345214843751 0.026986598096773014 
29.501730339105336 0.11965167236328125 0.027421607237275703 
28.68853589466089 0.124615478515625 0.03132765704512593 
29.240619227994227 0.11870123291015626 0.02935312251671778 
29.829890061327564 0.10851495361328126 0.030967119823988493 
30.0962233946609 0.14885375976562498 0.020586816730499263 
28.70239006132756 0.12783941650390623 0.02930040771856531 
28.77814601370851 0.15945928955078126 0.02183492059856281 
30.335903950216448 0.1459473876953125 0.020619591660484684 
28.794711489898994 0.1168466796875 0.033078611693322685 
29.5665358946609 0.10763214111328123 0.03314344951456409 
29.572251172438673 0.11036718749999999 0.032528534011185176 
28.830910894660896 0.11177905273437498 0.03655542981004715 
28.574660894660894 0.1121900634765625 0.037550034615382546 
29.132181727994226 0.11916540527343748 0.03047897450552877 
29.521050775613276 0.1412890625 0.023116742585599436 
28.678979347041842 0.15121661376953127 0.0231221385542713 
30.642654942279943 0.13597045898437501 0.02257605520308018 
28.14023232323233 0.12898016357421876 0.03139720609902965 
29.205134108946613 0.10924896240234375 0.03424127350917091 
29.619160894660894 0.11363183593750001 0.029200394608914836 
29.009086489898994 0.1302935791015625 0.02625599603258073 
29.038759108946607 0.1432784423828125 0.02354298290984333 
29.614592442279946 0.12893334960937503 0.025431282947599908 
28.417717442279944 0.13040710449218748 0.030860635623261364 
29.851695616883113 0.11340423583984376 0.029974866832997667 
30.000529942279947 0.1252069091796875 0.024774935855194927 
32.754831078643576 0.0928720703125 0.030853704490006024 
32.8601783008658 0.096082275390625 0.028699310984373068 
34.296712031024526 0.08967333984375 0.031706893439054494 
34.07515250721501 0.0869923095703125 0.034054284569308244 
33.94028941197691 0.09498126220703125 0.028522285958644044 
33.92662274531024 0.09447637939453127 0.02882759807943929 
36.05963365800866 0.10266564941406249 0.025743337948486194 
34.9486286976912 0.09255560302734375 0.02982073265924671 
34.03020607864357 0.0953740234375 0.02833171539282795 
34.27279536435786 0.09135546875 0.0306169586820007 
34.325344967532466 0.09732824707031251 0.02745658762083949 
33.92078941197691 0.09393829345703127 0.029094931482430503 
34.46660191197691 0.10348272705078125 0.025468786335583787 
34.802911435786434 0.09932781982421876 0.026685497446175637 
33.764122745310246 0.09351385498046876 0.02937551110803712 
34.43799774531025 0.09596771240234374 0.027999773617889745 
35.06595012626262 0.0918299560546875 0.030295034337922976 
35.67930032467532 0.10109649658203126 0.02612991035705432 
35.6245156024531 0.11813702392578125 0.021680856343921286 
34.546462031024525 0.08811108398437499 0.032793752026021535 
34.1529283008658 0.09816717529296874 0.027134359540935588 
35.1576406024531 0.11401983642578124 0.022895246751006706 
32.58143028499278 0.12472290039062499 0.022788189763724813 
34.90190746753247 0.100357177734375 0.02633122082030771 
33.9318786976912 0.08515539550781251 0.03576032343791432 
34.157607864357864 0.0827745361328125 0.038379636597320396 
34.47427453102453 0.08443414306640626 0.03626002749159564 
34.856116792929285 0.09010815429687499 0.03128477157628541 
34.55933107864358 0.09072808837890625 0.03091167134031278 
34.67251866883117 0.0931163330078125 0.0299232244089097 
34.639411525974026 0.10596020507812501 0.024690278749227516 
34.401224025974024 0.1033302001953125 0.025602308193132278 
34.527890692640696 0.10483245849609375 0.024998786140289175 
35.377640692640696 0.11174566650390627 0.022891662039007984 
33.16695616883117 0.08355535888671875 0.03747231243669618 
34.29806033549784 0.08905859375 0.03249922159099586 
34.921997835497834 0.09924426269531252 0.026988721161469824 
34.4584770021645 0.087754150390625 0.03283480997735264 
33.9644770021645 0.08582537841796875 0.03482887952607501 
35.7201406926407 0.11505316162109376 0.022250684949006897 
32.85301569264069 0.08929620361328125 0.03324198974966629 
34.325271645021644 0.08483227539062502 0.035640206782281456 
34.81555735930736 0.102465087890625 0.025868306566834438 
35.69294227994228 0.1218236083984375 0.020870235627874722 
34.554724025974025 0.10696612548828126 0.024315581397231664 
32.84202561327562 0.08409344482421874 0.03838802635264017 
33.824789502164506 0.08641040039062502 0.03441800962036849 
33.59762283549784 0.08428906250000001 0.036574427280485634 
35.166474025974026 0.11878930664062501 0.02153348807805778 
35.11980735930736 0.12040478515625 0.021166377045869815 
34.48570319264069 0.0895751953125 0.03190662692517039 
35.07320319264069 0.09731018066406251 0.027800602053925372 
34.89803652597403 0.12450048828125 0.020678809771776212 
35.45978354978355 0.11632794189453124 0.021959121910449107 
35.52299783549783 0.11760729980468751 0.021755956464394925 
35.291450216450215 0.11333026123046877 0.02257448493074999 
34.67764069264069 0.10909796142578125 0.023708805077370273 
34.375977002164504 0.08691986083984375 0.03374656010469417 
34.233872835497834 0.09011895751953126 0.03131123356073729 
32.477960137085134 0.09759661865234376 0.02943352188762653 
33.1823768037518 0.11192608642578125 0.02420040758591519 
34.713057359307356 0.10829443359374999 0.02398132807904482 
33.6924264069264 0.13116906738281248 0.02051653263913093 
33.6392270021645 0.12234204101562503 0.021746934756696232 
34.208021645021645 0.08532269287109376 0.03522032268133381 
33.76011985930736 0.08352630615234376 0.037171299248840585 
32.37644227994228 0.091331787109375 0.032430384317040394 
33.19884902597403 0.08773870849609375 0.03379120068922266 
33.624475018037515 0.1446561279296875 0.019085172424182284 
34.30408116883117 0.092068359375 0.030280399753511 
35.33647402597403 0.12286706542968748 0.020751545431479813 
34.70908017676768 0.08903167724609376 0.0321226399009489 
34.527621843434346 0.08857690429687501 0.03235857903116936 
32.80415358946609 0.08823883056640626 0.034422184978034356 
34.29571906565657 0.0865042724609375 0.033959109838470766 
34.200607954545454 0.08975390625 0.03152988038307436 
33.70952858946609 0.0845048828125 0.03619549947506186 
34.2041773989899 0.08774249267578124 0.03317751841318237 
33.8780523989899 0.08723321533203124 0.033649653798934066 
34.12503751803752 0.0840924072265625 0.03657731651745742 
34.86141351010101 0.0903521728515625 0.031045868365988195 
34.21457323232323 0.085721923828125 0.03468837796932458 
34.96499684343435 0.13658697509765627 0.018659503923799847 
35.20516351010101 0.091421142578125 0.0303706634300351 
35.52656231962482 0.11560540771484376 0.02247908596023545 
34.1950523989899 0.08518377685546875 0.03539670493214957 
33.198016684704186 0.08264263916015625 0.03843993493911244 
34.553851010101006 0.1375538330078125 0.018511382321402425 
32.77099684343434 0.11964208984375002 0.02301741653853657 
33.947767676767675 0.14125238037109375 0.01902756967290863 
33.62805835137085 0.0830718994140625 0.03777124608926481 
35.81656231962482 0.11820965576171875 0.021611084251519294 
35.20262184343434 0.12984039306640627 0.019560503640975797 
33.091683351370854 0.083063720703125 0.039239904124677163 
36.21372005772006 0.12628277587890624 0.019896986044015748 
35.680371843434344 0.11974090576171874 0.021198713722284896 
34.80558017676768 0.09256610107421875 0.03007279959690202 
34.50603851010101 0.1254029541015625 0.020226850281938904 
35.292996843434345 0.13936236572265623 0.01842627075400575 
34.95060398629148 0.1275714111328125 0.01981036926202477 
35.67114267676767 0.13186712646484375 0.019175720105912515 
33.82337085137085 0.0835157470703125 0.03703733732341229 
35.349476010101014 0.13569549560546873 0.019011380059476935 
33.17233017676767 0.1357569580078125 0.02003124696670474 
34.80187184343434 0.1435748291015625 0.01759076590768993 
36.76124981962482 0.12140875244140625 0.021023722878839808 
34.51124684343434 0.14156964111328124 0.017872489918287833 
34.95124684343434 0.14318292236328126 0.017378155521448693 
34.281246843434346 0.1424224853515625 0.018144558513090017 
36.44281231962482 0.12365692138671873 0.02058883044039829 
33.758096049783546 0.0994681396484375 0.026981525532171112 
33.56142938311688 0.09869232177734374 0.027356872063186006 
33.608651605339105 0.10096014404296874 0.026396379944082355 
33.9195147005772 0.10213586425781251 0.02589551283793153 
32.971343073593076 0.08332513427734375 0.0390238704882525 
33.58184604978355 0.095674560546875 0.028782327766776084 
33.88344724025974 0.08998529052734375 0.0317491579125784 
34.39298593073593 0.08873828125 0.03245220741039514 
33.18823493867244 0.1003253173828125 0.026726360251233 
32.32210696248196 0.08836767578125 0.035237454997539545 
34.282271645021645 0.12896801757812498 0.02005106653785704 
34.635872835497835 0.0893084716796875 0.03201994992427522 
33.70750081168831 0.10161816406250002 0.026111249596536146 
33.871319264069264 0.08568328857421874 0.03591375337159268 
32.85346807359308 0.083490966796875 0.03890320305222273 
33.96229247835498 0.10401684570312501 0.025110897747635856 
33.75497104978355 0.09489495849609375 0.029063234959389988 
34.591637716450215 0.0925997314453125 0.029971179491147342 
31.91294922438673 0.12140533447265626 0.023056678344812252 
33.81979247835498 0.10279388427734375 0.02561395809819921 
34.1662647005772 0.12234741210937501 0.021053344943523424 
33.75709803391054 0.1193037109375 0.021649628953993333 
35.16871112914863 0.10885467529296874 0.023675237596388905 
33.75709803391054 0.12101904296875002 0.021355090195477 
35.419606962481964 0.11295367431640627 0.022509258299436428 
36.06210696248196 0.11425811767578124 0.022223459249790762 
34.91653553391053 0.12407989501953125 0.020822204851265978 
32.86736886724387 0.14530316162109375 0.01911498945292457 
36.25710696248196 0.11511578369140625 0.022059975983466953 
32.28794922438673 0.11412261962890627 0.023961333844270533 
33.18101271645022 0.0980574951171875 0.027671519267126927 
35.79478057359307 0.107683837890625 0.023930528467357156 
36.20769724025974 0.1114400634765625 0.02292177680896224 
33.86642938311688 0.09717279052734373 0.0280723670469187 
34.93433612914863 0.10977978515625 0.02331700202709438 
34.69686589105339 0.12678588867187499 0.02009671704620123 
33.511568272005775 0.09643231201171876 0.02843188256036867 
34.5039522005772 0.12473858642578124 0.020330768741186698 
32.93073493867244 0.11758776855468751 0.02250192931978405 
31.721490891053396 0.13991815185546877 0.020508244748409832 
34.049419462481964 0.1343114013671875 0.020008766110226527 
35.112280573593075 0.10637939453124998 0.024194320094585407 
36.42460696248196 0.11745880126953123 0.02167572786962614 
34.661280573593075 0.10553051757812501 0.024517929447054852 
32.271907557720056 0.1284600830078125 0.021447015504762544 
35.68241946248196 0.110866943359375 0.023039720892846578 
33.82869624819625 0.16090606689453124 0.016731526120360933 
