37.69490575396826 0.08994165039062499 0.012711581638991831 
34.24510317460317 0.07540319824218751 0.013805434647962458 
33.779875992063495 0.0661798095703125 0.016132892735525987 
32.25266765873016 0.06410430908203125 0.01833674443876373 
32.10700099206349 0.0707884521484375 0.015127319467946912 
31.93912301587302 0.11119543457031252 0.011169707780942329 
32.98669543650794 0.105880859375 0.011192266906857495 
29.43931448412698 0.11061126708984377 0.01249351472606883 
30.08307043650794 0.10186535644531251 0.012567700546666985 
29.928709325396824 0.07072662353515625 0.02399462109407412 
29.818695436507937 0.08096557617187501 0.015548215965032582 
29.17296031746032 0.08119659423828125 0.018352481856700045 
29.107802579365078 0.07830566406249999 0.024610891983509086 
30.14272718253968 0.06959362792968751 0.02055523579566183 
29.132403769841268 0.0914168701171875 0.014756837501987821 
32.188682539682546 0.09004852294921875 0.013388202445562936 
30.13919543650794 0.08911871337890626 0.014331900611963124 
31.32873015873016 0.06601495361328126 0.020352926568981286 
31.500608134920633 0.07075897216796875 0.016563651426788423 
30.280098214285715 0.07537255859375 0.015593922205507768 
30.507375992063494 0.06946807861328126 0.017715061477776642 
29.484344246031743 0.07596923828124999 0.020181986447572686 
31.456840277777776 0.06404644775390625 0.028519860888387972 
28.73736904761905 0.10441973876953126 0.0135223760346733 
31.49632837301587 0.0765360107421875 0.014659861094817506 
29.615792658730157 0.086796875 0.014901348663270472 
29.439542658730158 0.07649005126953123 0.021717457301732145 
30.047699404761907 0.07597637939453125 0.016989378596361748 
28.801438492063493 0.0805172119140625 0.028082692176565522 
27.878497023809523 0.12438604736328125 0.014046698260005566 
30.36120932539683 0.06989239501953123 0.01893803918462616 
30.532072420634922 0.09767431640624999 0.012882834063708788 
29.465504960317464 0.07614398193359376 0.01920026812579853 
31.149649801587305 0.06479016113281251 0.03108742464451497 
28.573838293650795 0.08552276611328126 0.020191674784179766 
29.586258928571432 0.07582080078125 0.018103031454741982 
30.25835218253969 0.06938525390625 0.029680734903574 
29.671844246031746 0.07128717041015624 0.03082038472398742 
29.347549603174606 0.080434326171875 0.017709162383914012 
34.45292361111111 0.09790533447265626 0.011783688593950122 
31.33438988095238 0.0954268798828125 0.012728221833273773 
29.292917658730165 0.0980130615234375 0.013744187332555655 
29.542306547619045 0.07964141845703125 0.016567092794235818 
29.532147817460316 0.07893768310546875 0.01701370309120042 
31.44812103174603 0.11500000000000002 0.01123096090435982 
29.906663690476194 0.09013403320312499 0.013995808904409402 
31.529560515873015 0.0641007080078125 0.025413036421999314 
30.12424007936508 0.12530462646484378 0.010657938578274108 
29.49287599206349 0.08892077636718751 0.01497857772259414 
30.679681547619047 0.07478564453125 0.015898552558481695 
30.528510912698415 0.06646844482421875 0.030896617851849634 
30.526125992063488 0.08539373779296874 0.014053969050344067 
29.088480158730157 0.0981966552734375 0.014505087929531932 
29.264681547619045 0.09301995849609375 0.014060520337369296 
27.54174007936508 0.10982989501953125 0.018544858375605214 
29.90521726190476 0.07847045898437499 0.016180118342638015 
30.3271875 0.08151605224609375 0.015369392089392975 
29.22300496031746 0.07807440185546874 0.01991314795106279 
32.74448611111111 0.080242919921875 0.0141033026829362 
31.857880952380953 0.0643841552734375 0.023075200167521813 
33.01877777777778 0.0628599853515625 0.018942060521528088 
33.43177777777778 0.06433392333984375 0.017097602237429507 
30.705347222222223 0.08645825195312501 0.013686358540415755 
32.29815277777778 0.06343762207031249 0.020414673136755823 
30.170263888888893 0.07532629394531251 0.018453774027690294 
27.616047619047617 0.11328576660156249 0.015182065816685561 
27.478250000000003 0.10858660888671876 0.02091392730903253 
27.392000000000003 0.10933911132812499 0.020007114847660056 
31.239964285714287 0.063694580078125 0.03027549795484541 
28.677922619047614 0.08247607421875 0.023700503260850915 
27.538190476190472 0.10658673095703124 0.018649984539266685 
29.91250595238095 0.0713909912109375 0.028363135534450457 
28.80388095238095 0.0791220703125 0.031985191472709236 
28.802065476190478 0.08187341308593751 0.018843761413857348 
27.29508333333333 0.11090264892578125 0.018867180498238646 
28.947978174603172 0.0808795166015625 0.020688947175666692 
27.75075595238095 0.10848767089843751 0.015382844753548508 
30.004964285714284 0.07027435302734375 0.02189743126383051 
27.637083333333333 0.101646240234375 0.02200479948496819 
27.769875000000003 0.09615081787109375 0.021886573322322217 
28.49219841269841 0.09100640869140625 0.016923138810243453 
29.606857142857145 0.0744454345703125 0.02128062780635056 
27.633914682539682 0.10303417968749999 0.021265656516015523 
28.007749999999998 0.09388128662109375 0.019836098193671554 
27.80673611111111 0.0978355712890625 0.019701887728258982 
29.373380952380955 0.0764451904296875 0.02223917857615651 
27.97629166666667 0.091197998046875 0.021832059667170032 
27.30892261904762 0.11393609619140625 0.01762664042099937 
28.13171428571429 0.11604925537109376 0.013516086993064728 
28.640797619047625 0.08160437011718749 0.025533090138003228 
28.69326785714286 0.08857061767578125 0.016748289009626945 
27.991273809523808 0.1099874267578125 0.014228078892394894 
28.022964285714284 0.08914562988281252 0.02566765213219821 
29.792144841269838 0.07196063232421875 0.024074670610841366 
27.833880952380945 0.09397613525390625 0.02494838283827527 
29.43875595238095 0.0762652587890625 0.023883207074627277 
27.136599206349207 0.11475854492187501 0.019227785318732277 
27.84352380952381 0.09430810546875001 0.023749345381796346 
27.228297619047623 0.11866516113281249 0.016143676474019885 
28.343910714285716 0.0856268310546875 0.02530781554810705 
28.348446428571428 0.086627685546875 0.021557905331909676 
27.503047619047617 0.11039697265625001 0.01653384708517788 
27.439964285714286 0.11416595458984373 0.01587869979759678 
28.730005952380953 0.08282525634765626 0.02193992446109281 
29.312059523809523 0.08139447021484376 0.017396670199003105 
28.991547619047616 0.0784801025390625 0.025395109593555325 
30.717668650793655 0.10176818847656251 0.011740749043151744 
29.750579365079364 0.07526739501953125 0.018961554674502445 
28.753642857142857 0.08462353515625001 0.01793269428855179 
27.489279761904765 0.11357159423828125 0.01636843819748983 
29.176496031746034 0.08779351806640626 0.016221937787380087 
26.98653571428572 0.1236072998046875 0.019104178725466128 
29.624797619047616 0.07301013183593749 0.031589094394132496 
29.86874206349206 0.07248297119140626 0.021524974166598175 
28.110339285714286 0.09464276123046875 0.018537012234445673 
28.151859126984128 0.109920166015625 0.014074317408561706 
29.278986111111113 0.10495922851562497 0.012843827742099759 
27.219190476190477 0.11631042480468749 0.018518524003848447 
30.761513888888885 0.06818829345703126 0.02139267041337116 
27.290529761904757 0.10518609619140626 0.021237588637616493 
29.863646825396824 0.09683892822265625 0.013015017012204972 
30.278232142857142 0.07261236572265625 0.01916715788289535 
29.121019841269845 0.07809271240234375 0.025462791932668538 
27.63355952380952 0.10652783203125 0.016666613075196755 
30.624371031746033 0.08204217529296876 0.014995967532392582 
31.143148809523815 0.07044604492187499 0.017478592495381803 
27.76853571428571 0.10859039306640624 0.015111685826387259 
29.158232142857145 0.0798013916015625 0.01848439967469872 
28.146125 0.09192877197265624 0.01994408564284071 
27.716033730158735 0.10117730712890624 0.018668072320368146 
35.63132936507937 0.0880128173828125 0.01320264481513202 
31.87316369047619 0.06819915771484375 0.016317404774334278 
31.43102876984127 0.08109112548828125 0.014203083810325725 
31.479657738095238 0.06719470214843751 0.018492256626173827 
29.31158829365079 0.07671728515625001 0.02025049094104768 
31.36033432539682 0.07082556152343751 0.01601357706175746 
29.930084325396827 0.09530084228515626 0.01333887438341603 
30.22113591269841 0.07267492675781251 0.01902789927975834 
31.192826388888886 0.06797314453125 0.024636127506554095 
30.090155753968247 0.07302325439453125 0.020015585361536588 
29.17855257936508 0.08109661865234374 0.017476982122328132 
28.123949404761902 0.08455731201171876 0.028357985900159956 
28.024750992063492 0.09098126220703126 0.02402654348295557 
30.83899702380952 0.079193115234375 0.015490599282681945 
27.4994117063492 0.10805999755859375 0.018873225539829595 
28.99994146825397 0.0899376220703125 0.015913837851867105 
30.013502976190477 0.077764892578125 0.016202293842136863 
28.379036706349204 0.08372680664062501 0.023546473489105716 
29.37063591269841 0.08079956054687501 0.017327998185455794 
28.236379960317457 0.088491943359375 0.018706115473568447 
28.002911706349202 0.0901373291015625 0.02685367474250495 
29.184820436507938 0.08512738037109376 0.015929195045497283 
30.451643849206345 0.07242950439453125 0.018757742483075743 
28.559594246031747 0.08608367919921875 0.019032481242772188 
27.10653670634921 0.11220104980468751 0.023677644953116778 
27.682439484126984 0.09531011962890625 0.02306389424606784 
28.68889384920635 0.08095391845703125 0.026769582882519804 
28.91609424603174 0.08636920166015624 0.01697429372158272 
29.117921626984128 0.07828546142578124 0.022214006795581453 
28.68429662698413 0.08711853027343752 0.017770376998409644 
28.55531051587302 0.08331549072265625 0.022174248312260968 
28.98642162698412 0.0792109375 0.019992208535432834 
28.335897817460314 0.08303497314453125 0.029075536167379505 
29.96066567460317 0.08563116455078125 0.014868993061777214 
29.80076488095238 0.090325927734375 0.014663015688955774 
27.571328373015877 0.10439196777343751 0.01877369689641894 
30.721042658730163 0.07306268310546875 0.016300742650028302 
29.023991071428572 0.082336669921875 0.01857397274845839 
28.816199404761903 0.07961651611328124 0.02221308337670192 
30.990497023809525 0.0686142578125 0.01867880547130108 
27.702324404761903 0.098444580078125 0.01990880354040861 
29.707419642857143 0.07797796630859374 0.016987877118136707 
27.68873115079365 0.09220916748046874 0.02495010442143305 
27.81959623015873 0.09501580810546875 0.021692827098961934 
27.897254960317458 0.09806433105468751 0.019391507257685063 
28.724850198412696 0.08438916015625 0.018470871124923235 
29.71869146825397 0.07632476806640624 0.01724872275849804 
29.091088293650795 0.07607678222656249 0.02961007166354354 
28.672254960317456 0.08302288818359374 0.020844668576981855 
28.15427281746032 0.087214111328125 0.02002990698301792 
28.411435515873016 0.08616601562500001 0.018531247469127154 
27.594844246031744 0.11315527343750001 0.016381228450179093 
27.4963621031746 0.09553857421875 0.02964757020705942 
29.85814384920635 0.07264569091796876 0.022551390237625715 
27.552973214285714 0.10679388427734375 0.018100371014919146 
28.833449404761904 0.07908197021484376 0.024293370907153913 
28.126421626984133 0.08919616699218749 0.02183990922503175 
29.363199404761907 0.07741259765625 0.019108106112837784 
28.49305257936508 0.08828692626953125 0.017057819933708772 
28.46865773809524 0.08849237060546875 0.01808033369093761 
28.29573115079365 0.08516595458984375 0.026582860456850366 
28.850649801587302 0.08301263427734373 0.017233801839198905 
30.260737103174602 0.10184283447265625 0.012247812982764093 
27.879695436507937 0.09139569091796876 0.020520163884576403 
28.56868948412698 0.0820364990234375 0.024582775882050385 
28.849135912698408 0.08091790771484375 0.019990696579661224 
28.25575496031746 0.08597003173828126 0.025447342035289866 
29.82037797619048 0.0785723876953125 0.01627233111046254 
28.786338293650793 0.08199298095703125 0.018987502236779787 
28.209564484126986 0.08900286865234375 0.018485790800716724 
33.6447123015873 0.06814416503906251 0.01676047898815574 
30.08639682539682 0.0837010498046875 0.014703072556838398 
32.034617063492064 0.081184326171875 0.013651063198983682 
29.334036706349206 0.11180847167968751 0.011650732770487667 
30.858393849206344 0.07978521728515625 0.014502318247999982 
27.91220138888889 0.09504040527343752 0.01959248833714427 
29.788603174603175 0.07805316162109374 0.01657933441725002 
29.44716369047619 0.09240899658203125 0.013416880218084898 
31.100351190476193 0.07344244384765626 0.01608607834204661 
29.24655853174603 0.08796160888671875 0.015033745914813147 
29.51587400793651 0.0873699951171875 0.014763578515574347 
28.13826488095238 0.1391888427734375 0.010498599602207543 
27.78015277777778 0.10651452636718747 0.01512963872180878 
28.74118055555555 0.08670715332031251 0.01627669925533235 
27.67487996031746 0.0981444091796875 0.02133882468371095 
31.624176587301587 0.07493798828125 0.015248005002677426 
27.265962301587297 0.10439874267578124 0.026626700401600468 
28.41028670634921 0.09488421630859376 0.01542106523987279 
28.643908730158728 0.0984320068359375 0.013859124670848249 
27.637414682539678 0.11102026367187501 0.015449547291338439 
28.45434027777777 0.1056083984375 0.013168154376804825 
30.034490079365078 0.09153955078125 0.013366743763029579 
27.492748015873012 0.11328063964843751 0.01682415273688735 
28.02609523809524 0.1016004638671875 0.015180358915314085 
28.927364087301584 0.09237939453125002 0.014512640634715565 
30.238156746031745 0.07950256347656251 0.01559351946018637 
28.03696825396825 0.09092913818359376 0.023078469132449507 
28.055766865079363 0.0910152587890625 0.02040079873369634 
27.449126984126984 0.09729345703124999 0.025531240678668028 
27.407350198412693 0.09970928955078125 0.023563566314991555 
28.197513888888885 0.0865716552734375 0.02572761443607508 
27.721362103174602 0.09451641845703126 0.02325095631312952 
28.374291666666664 0.10164154052734375 0.014220806555654858 
27.63699801587301 0.10539868164062498 0.01670174650913476 
28.966627976190477 0.11106884765625 0.012074720898926248 
29.392311507936505 0.0812783203125 0.015696432057857507 
28.345455357142857 0.12424237060546876 0.01180280470651016 
30.713018849206343 0.09785217285156249 0.012534698335751895 
27.95256547619048 0.1173392333984375 0.013312329934701325 
29.22065376984127 0.11124407958984375 0.011965810662176455 
28.4745625 0.11927752685546875 0.012228606106456376 
27.915975198412696 0.0913248291015625 0.02154208649413288 
28.20990773809524 0.125269775390625 0.012005151854157445 
27.661727182539686 0.1022703857421875 0.01893717720387878 
30.59637996031746 0.09954315185546875 0.01238868044858798 
27.620303571428572 0.1285506591796875 0.013801280815467243 
28.373516865079363 0.0914495849609375 0.016937413731142874 
29.640405753968253 0.11076855468749999 0.011326590074956419 
27.831955357142856 0.14198577880859373 0.012155175098683687 
28.522532738095244 0.09429840087890626 0.014531214910354473 
29.73909623015873 0.08255615234375 0.015046169224083413 
29.794177579365076 0.10424609375 0.012007359582841395 
27.99647023809524 0.12628961181640624 0.012958375218953941 
29.680760912698407 0.09142193603515625 0.013375624365773048 
28.723679563492063 0.08607843017578125 0.019575182100530723 
27.16317361111111 0.111227294921875 0.022862240671873084 
27.95415773809524 0.1354515380859375 0.011973205410823225 
27.790018849206355 0.09699530029296874 0.02014946680277212 
31.952594246031744 0.09396197509765625 0.012778975150253617 
27.648873015873015 0.10325378417968749 0.016633671352490782 
28.967599206349206 0.08867034912109376 0.0161678249286674 
29.555982142857147 0.08094055175781249 0.01635429671309887 
27.790710317460317 0.11099743652343749 0.014806220413431525 
27.958291666666668 0.106296875 0.01443724926686287 
27.282162698412698 0.10361975097656248 0.024728078700765984 
27.599051587301584 0.10720654296875001 0.016238192879915226 
27.708400793650792 0.1022760009765625 0.01582001705370843 
27.450141865079367 0.1017183837890625 0.022490698002144698 
27.663932539682538 0.11380541992187498 0.014216741324126717 
28.61639384920635 0.09229620361328125 0.01505744925707205 
28.524766865079368 0.08489135742187501 0.02127914632141593 
28.575967261904758 0.1114434814453125 0.012146510287150742 
28.208971230158728 0.10115795898437499 0.0142856289241314 
27.033490079365077 0.11677197265624999 0.025789951027393336 
26.936521825396824 0.12219738769531249 0.023326067224726084 
28.75345138888889 0.10284515380859376 0.013597032289411873 
28.248259920634915 0.0953087158203125 0.015251234483107931 
28.120246031746035 0.09226513671875 0.016142836353540406 
29.144655753968255 0.09286560058593749 0.014299651203081002 
27.7963630952381 0.1057537841796875 0.014998285466656094 
27.14877380952381 0.10543023681640626 0.023119263446178283 
28.14696329365079 0.11694183349609374 0.013063367783930153 
29.643100198412696 0.08037884521484376 0.016489226720597612 
30.114094246031744 0.08060552978515625 0.016144730396714047 
28.09648611111111 0.09549072265625 0.016068972797393787 
27.84994444444444 0.10145544433593749 0.01684721875713765 
28.852564484126987 0.12197222900390625 0.011245280701484537 
28.175645833333327 0.13015850830078127 0.011063477913852782 
29.556774801587302 0.09633654785156251 0.01335775617597997 
27.9191746031746 0.09562109375000001 0.015971839834690107 
27.50829166666667 0.12216265869140623 0.014146241932477804 
29.039461309523812 0.09873693847656251 0.013063962682649496 
27.444364087301587 0.1037784423828125 0.02098463563548031 
27.258367063492063 0.1180093994140625 0.01680819478319584 
27.569135912698414 0.10576635742187501 0.02046751897418498 
28.553496031746032 0.08880267333984375 0.016405737706389305 
28.099397817460318 0.10440161132812502 0.01415183728718758 
27.811122023809524 0.13535943603515627 0.012695317420210692 
27.80307837301587 0.13322723388671875 0.01346783394312486 
29.877314484126988 0.09874249267578125 0.012669254125472169 
28.15860218253968 0.1121845703125 0.013033985175549984 
30.27319444444445 0.10726135253906251 0.011845864216610793 
27.915013888888886 0.0974901123046875 0.01606727410314976 
28.621204365079358 0.0913814697265625 0.01547953383253516 
27.889777777777773 0.114158447265625 0.013764495281040661 
28.307942460317463 0.09176788330078126 0.015987365829702466 
28.795971230158727 0.10632763671875001 0.01290855138903856 
27.72709722222222 0.0972318115234375 0.022410893618628365 
27.88152579365079 0.09891436767578124 0.0156930888034068 
28.87834821428571 0.098482421875 0.01343763799721003 
28.29026884920635 0.10968188476562502 0.012982012482941147 
28.543814484126983 0.12373999023437501 0.010916314974665638 
28.71718551587302 0.11898657226562499 0.011714477907657625 
