27.17793154761905 0.1188775634765625 0.039313454229161104 
27.623099206349206 0.138312255859375 0.017536074448585508 
27.10878968253968 0.1302254638671875 0.031714145454928275 
33.90188988095238 0.11149328613281251 0.009530065236255526 
36.22034226190476 0.09063934326171874 0.011196143935080618 
35.69184226190477 0.08756536865234375 0.011799931358542296 
27.553491071428574 0.10387091064453124 0.03487266699224342 
27.33854761904762 0.12732415771484376 0.025055124507691706 
27.77661706349206 0.12390850830078126 0.018720127213414744 
31.35303670634921 0.06179357910156249 0.02300052631066741 
28.393311507936506 0.13165582275390625 0.0145052896235846 
35.33503869047619 0.09882690429687499 0.010278100571632389 
27.422539682539686 0.11632019042968751 0.02596277781538666 
28.69381349206349 0.0923681640625 0.019476090756654747 
28.62293253968254 0.11502581787109376 0.014644608284797526 
35.1802242063492 0.0870726318359375 0.011803525016888984 
34.869080357142856 0.0982408447265625 0.010554210913464424 
27.423928571428565 0.11084118652343751 0.027714273014649748 
35.01742261904762 0.0846707763671875 0.012217127793893215 
32.47609226190476 0.0836324462890625 0.012910921333894126 
34.25983035714286 0.09766247558593749 0.010571420752093193 
28.125792658730155 0.0944176025390625 0.030240623044058706 
27.933547619047612 0.12610632324218748 0.018017758518025284 
34.32780059523809 0.10423626708984375 0.009780179591145364 
28.237877976190475 0.13055657958984374 0.01619868820979819 
30.298230158730156 0.06699243164062499 0.02282145886862281 
34.00667559523809 0.10885284423828123 0.009604802950080479 
27.32682539682539 0.1215618896484375 0.025358241697475338 
35.585300595238095 0.09399365234375 0.011004848527371885 
28.815441468253972 0.089911865234375 0.024469286257863022 
31.748488095238095 0.10339215087890626 0.011832143885459749 
29.276654761904762 0.10386572265625 0.01644208124005794 
32.33532142857143 0.07081066894531249 0.015741015072450015 
27.542470238095234 0.11752777099609375 0.025438664348926394 
34.40605059523809 0.10064532470703125 0.01020359666597471 
33.842175595238096 0.09176312255859374 0.011593811704184855 
33.10864087301587 0.0744423828125 0.014329521596372125 
28.292005952380954 0.12527264404296873 0.01528147011977062 
34.204550595238096 0.10737884521484375 0.009833353618588303 
27.715386904761903 0.12263696289062502 0.019611787637412555 
33.21950892857143 0.0802799072265625 0.013306105584666142 
32.93815476190476 0.075726318359375 0.014104971070289615 
31.57188988095238 0.06935406494140625 0.017293171755638 
27.39003968253968 0.11359454345703127 0.027297127092298146 
34.021473214285706 0.1047252197265625 0.010062160738691681 
30.14117757936508 0.11222070312499999 0.012472959206938746 
27.53095634920635 0.11907678222656251 0.021081600781843075 
29.80780753968254 0.08634375000000001 0.017582964435160178 
29.112933531746034 0.12911437988281252 0.013200024278387425 
32.84324305555556 0.10021618652343751 0.01139171406446397 
33.057446428571424 0.089224365234375 0.012599639060556897 
33.34147420634921 0.07609606933593752 0.013897604359075427 
28.119602182539683 0.09343878173828127 0.03365868073820698 
33.62126587301587 0.07779864501953124 0.01343608140807972 
34.771122023809525 0.09164031982421876 0.011153089506682003 
29.66275 0.07301318359375 0.02204286378091573 
34.478133928571424 0.10082373046875 0.010134863681733604 
29.501738095238096 0.1125152587890625 0.012980598613843325 
32.57402976190476 0.0662174072265625 0.016333291513487728 
27.273714285714288 0.13285260009765626 0.025520441673960538 
32.787800595238096 0.08285272216796875 0.013136009387072179 
28.40833333333333 0.10137072753906251 0.019904905354365718 
34.12625892857143 0.10208477783203125 0.010092675614174455 
30.074589285714286 0.109953857421875 0.013335438078284264 
33.2741755952381 0.07991650390625 0.013728278295159347 
35.067411706349205 0.09514813232421875 0.0107766267789565 
28.05326091269841 0.09525665283203126 0.030495537288244785 
27.992519841269843 0.10790814208984376 0.020354742162492147 
27.421825396825398 0.13456158447265626 0.01966852591928467 
27.65156746031746 0.121136474609375 0.020615668084025388 
35.448008928571426 0.09486663818359374 0.010829101775791496 
28.344969246031745 0.09284313964843749 0.021285517117664222 
31.60804365079365 0.09680419921875 0.012442553638517855 
27.865257936507938 0.109098388671875 0.02154865655457974 
34.08071726190476 0.10451092529296875 0.009850370159264649 
27.989464285714284 0.1202880859375 0.017766466677486877 
27.313407738095236 0.10625457763671875 0.03320679417615756 
32.92750892857143 0.08083258056640626 0.013324158885624257 
27.535664682539682 0.11841687011718752 0.025161756355151527 
27.605182539682538 0.13319335937500001 0.018870243614017967 
31.77708432539682 0.06278594970703125 0.01860633427208291 
33.13321428571428 0.0698126220703125 0.015643839327916513 
34.6838005952381 0.09602789306640624 0.010705422811057425 
32.08938392857143 0.0784149169921875 0.01401291869215667 
27.82857142857143 0.12318505859375 0.018060842434704294 
31.33155654761905 0.106824951171875 0.012192357737123969 
27.723262896825396 0.12343890380859375 0.01886518035497888 
31.425584325396823 0.09576043701171874 0.013151419593092054 
34.973997023809524 0.0993779296875 0.010378643299698825 
33.77367559523809 0.08725250244140625 0.012057302966024721 
35.39955952380952 0.09087249755859375 0.01134132419368252 
27.60009821428571 0.1077288818359375 0.024651413748785864 
35.49721726190476 0.09238934326171874 0.011151862391348936 
28.001705357142857 0.09527807617187499 0.03196167156064511 
32.054405753968254 0.10993109130859376 0.010573225291218617 
30.251740079365085 0.11953051757812498 0.012135123552739619 
27.815547619047617 0.11981884765624999 0.01842592942005395 
29.9662123015873 0.08925390625 0.015931614569366 
31.881639880952385 0.07960107421875 0.014873055609405056 
34.934738095238096 0.0825501708984375 0.012344160053715119 
31.98826587301587 0.08159173583984373 0.01384285843357072 
31.182027777777773 0.07552392578125 0.01600941720598934 
32.65346726190476 0.08518139648437499 0.012846249150693417 
30.649435515873016 0.0677974853515625 0.021930348502561477 
32.123175595238095 0.088765869140625 0.01269744557708502 
27.86926587301587 0.132731201171875 0.0170507112584114 
31.948099206349205 0.07534014892578125 0.01495801071893795 
34.62225892857143 0.0854696044921875 0.012090233953759067 
28.100964285714287 0.12588537597656252 0.017153194270893936 
31.207358134920632 0.094232421875 0.015159969817340363 
30.05735119047619 0.0701297607421875 0.022492448563143582 
34.55900892857143 0.09910119628906251 0.01050007811890543 
30.229515873015874 0.10963629150390626 0.013308846331086014 
32.72848809523809 0.07901141357421874 0.013982202299352741 
29.144102182539676 0.08801092529296875 0.020207753433283442 
33.47777976190476 0.08309655761718751 0.01276503506498038 
28.87121924603175 0.087958740234375 0.021181469530701623 
29.155083333333334 0.1066314697265625 0.01623448921345173 
27.86972718253968 0.11153491210937498 0.021202350220143783 
38.09233928571429 0.08546539306640626 0.01184582607557997 
30.83254861111111 0.06144842529296875 0.041281542006429195 
33.39864087301587 0.10512640380859375 0.009928760117735708 
32.04164087301587 0.059050170898437504 0.03736013249008357 
31.410852182539678 0.059803405761718754 0.03842398886382204 
31.591146825396823 0.1165916748046875 0.01099275752602518 
31.810292658730155 0.11212438964843749 0.01161660515116156 
31.629914682539685 0.05930438232421875 0.038184509883936554 
31.33530753968254 0.09911566162109374 0.012879006575491278 
33.942845238095245 0.10048986816406251 0.010507737756237388 
29.102084325396824 0.07600146484375002 0.036918195473909336 
36.72220138888889 0.09610638427734375 0.010564263568188993 
31.269584325396828 0.06019506835937499 0.03527359820449343 
32.30811309523809 0.10924609375000001 0.011030223835170268 
36.56603571428572 0.08142913818359375 0.012603736621346335 
31.983185515873014 0.06066497802734374 0.01861466825803738 
32.58944642857143 0.11017285156249998 0.010213664564847942 
33.378140873015866 0.09877398681640626 0.010585807172622527 
32.999539682539684 0.10577044677734375 0.01029519394126162 
32.87533531746031 0.10281488037109374 0.010805295900549747 
31.675539682539682 0.06000817871093751 0.02536825305359063 
35.206675595238096 0.08901007080078124 0.011674070155616844 
37.05898511904762 0.08307794189453126 0.01222557768672331 
35.35499404761905 0.08017547607421875 0.012777955333348374 
31.09217956349206 0.06096948242187501 0.028444721950232975 
33.188125 0.09177020263671873 0.011435152590092267 
37.837422619047615 0.0833414306640625 0.012143543087407947 
30.710289682539678 0.06335382080078125 0.026755219439562373 
30.396184523809524 0.10218151855468749 0.013601204233154657 
35.065726190476184 0.0701080322265625 0.015294421064779148 
37.93215178571428 0.08684271240234376 0.01157115202650056 
33.3207242063492 0.10111737060546874 0.010341877422448246 
32.21070833333333 0.10760406494140624 0.011295150398816912 
35.74948511904762 0.08758502197265625 0.011658032103147368 
37.53531150793651 0.08537152099609376 0.011890994453098633 
31.007896825396823 0.104480712890625 0.013197272722780696 
36.24903373015873 0.077162841796875 0.013208694988727579 
30.07994940476191 0.07932690429687499 0.017279917289674283 
38.04197817460317 0.08588360595703126 0.011747165362056347 
30.839959325396826 0.06146807861328126 0.03581686890315631 
35.8202003968254 0.07994989013671874 0.012936580133434388 
33.75069742063492 0.08966925048828125 0.012299784781035031 
31.64393849206349 0.10861071777343749 0.012163866350933906 
35.1423253968254 0.07263946533203125 0.014071496898587795 
34.516140873015864 0.10381085205078126 0.01009175534230098 
37.67479067460317 0.08707476806640625 0.011528229092624048 
32.64608333333333 0.09770178222656249 0.012186072766348715 
35.92755753968254 0.07683898925781249 0.013676590607389807 
30.65231349206349 0.06302374267578124 0.029065779162939714 
29.66888095238095 0.07164404296875002 0.024361519862055776 
30.599694444444445 0.06198498535156251 0.03343294055400793 
37.19186904761905 0.08424456787109376 0.012212604344155633 
31.183123015873015 0.110617919921875 0.012725907567679889 
36.31261706349206 0.07709405517578125 0.01341879951536282 
31.120035714285713 0.11176678466796874 0.012114403586503114 
37.61959920634921 0.08853070068359374 0.011507789026167238 
34.65208432539682 0.09556201171875 0.011214734371364114 
31.05628670634921 0.0615252685546875 0.02458029798530039 
35.463367063492065 0.0800386962890625 0.013000457772180434 
30.04764682539683 0.06682537841796875 0.030575339352306004 
31.56715873015873 0.06033917236328125 0.0269314502276145 
29.691681547619044 0.090087646484375 0.019112271614015124 
30.54060813492064 0.0638004150390625 0.022439910152420396 
30.12148015873016 0.06629986572265625 0.03001697753843287 
29.652831349206348 0.08193701171875001 0.019946774237394334 
33.28434126984127 0.09741375732421875 0.011198328641470518 
30.71008333333333 0.0935423583984375 0.01546810077337921 
30.862084325396825 0.06199804687500001 0.03019745126181836 
31.049337301587297 0.11132257080078126 0.013025611797567458 
30.928474206349204 0.06153271484375 0.03138538198089598 
30.16804761904762 0.0669366455078125 0.023403356165215338 
36.80826587301588 0.0913177490234375 0.011058975121900445 
34.10149801587302 0.09093328857421874 0.012002376085218053 
30.942476190476192 0.0944283447265625 0.01465012434141338 
35.566425595238094 0.08562884521484375 0.011939551479186867 
32.93632142857143 0.10680474853515624 0.01017112754240259 
29.01741666666667 0.07835540771484376 0.03220990535220135 
32.09341071428572 0.1032860107421875 0.01198073413936793 
30.313875992063494 0.064330810546875 0.03325274339252709 
29.88223611111111 0.06984747314453124 0.023585911113914077 
29.494851190476187 0.08215655517578124 0.020350845303650923 
37.38717261904762 0.08409875488281252 0.011989896958634253 
30.1499375 0.06667901611328125 0.027796437544520925 
31.64815873015873 0.05961944580078125 0.026997067378517214 
30.168527777777776 0.06551507568359374 0.023818796409513815 
30.678560515873016 0.06766210937500002 0.02144062614673376 
36.887214285714286 0.08225885009765625 0.012537279372956605 
30.018361111111112 0.07051739501953125 0.023196726060327126 
32.126958333333334 0.087799072265625 0.013114499598741534 
30.81979861111111 0.06266723632812499 0.022874212584197494 
30.425611111111106 0.065272705078125 0.023068629119455838 
37.32545238095238 0.08030419921875001 0.012745062993109225 
30.3955248015873 0.07629425048828124 0.017746603578682997 
31.048349206349208 0.06093597412109375 0.029473394258525222 
30.849059523809522 0.10719531249999999 0.013427192422807224 
32.881946428571425 0.10539129638671874 0.010347144697006804 
29.51444444444444 0.06987786865234376 0.03311058847441901 
34.86422619047619 0.07671350097656252 0.01389299970762431 
32.67854761904762 0.10087628173828125 0.01096934621315822 
30.61247718253968 0.0631640625 0.0279718579816819 
30.476965277777776 0.06278491210937501 0.03492185235953338 
30.897483134920634 0.066843017578125 0.018914183030664913 
31.71118452380953 0.10311602783203125 0.01232832385611161 
30.34712599206349 0.064179931640625 0.027223428200721787 
30.52303869047619 0.1301077880859375 0.009047151195272805 
27.583895833333333 0.10255596923828125 0.02546282934856043 
29.01453472222222 0.0761083984375 0.03385181965470309 
29.469080357142854 0.13810296630859376 0.009980284611430022 
29.010538690476192 0.13469116210937498 0.012782756352722646 
29.122618055555552 0.0740675048828125 0.032431110139176204 
28.824272817460315 0.08053033447265626 0.031010486645247793 
32.845193452380954 0.06289599609375 0.017782875196099314 
28.419645833333334 0.08601031494140624 0.02992894412484389 
29.673014880952383 0.13301983642578125 0.010317470752116297 
27.72431448412699 0.10414801025390626 0.022683978784825632 
30.347260912698413 0.1269833984375 0.009722848173916335 
29.71011805555555 0.0697432861328125 0.02762646457003053 
29.06511805555556 0.07696319580078126 0.02598753680353987 
28.14787996031746 0.1007088623046875 0.020413207504913208 
28.576659722222217 0.08555072021484375 0.02943986252960191 
30.70848015873016 0.12914184570312498 0.009572370684742922 
27.6334255952381 0.10595831298828125 0.023953554855581344 
31.562610119047623 0.06191558837890625 0.01996199373951181 
34.588500992063494 0.08680023193359374 0.012377234555389725 
30.619877976190473 0.12415179443359374 0.009838687859144058 
34.06229662698412 0.08464300537109375 0.01274776347294076 
34.532286706349204 0.082708251953125 0.01305065683996678 
31.651993055555558 0.11528588867187502 0.010544388248264782 
28.868256944444443 0.08437890625000001 0.024867284936845282 
28.343590277777775 0.09049468994140626 0.023993051232006426 
28.78292361111111 0.11380651855468751 0.016634694899484517 
34.18313591269841 0.09859246826171875 0.010990958340164276 
33.045323412698416 0.09137420654296875 0.01226148937528954 
30.158877976190478 0.1284461669921875 0.010091027734264733 
34.38919543650793 0.08957122802734375 0.012023860479202127 
27.971506944444446 0.1022733154296875 0.02102444498644772 
27.858177579365076 0.10160906982421876 0.025858189271207886 
28.6195625 0.0836395263671875 0.02964704197131098 
31.073600198412702 0.12509637451171876 0.009182388876970855 
28.075078373015867 0.1182012939453125 0.018307676359042548 
28.47575694444444 0.08851519775390623 0.028307429745461743 
34.66444146825396 0.07102032470703126 0.014859801627513011 
32.163350198412694 0.11248175048828127 0.009884104488786311 
33.44220138888888 0.0875380859375 0.012518302319586287 
28.65150496031746 0.10713812255859374 0.017469728828813886 
29.91067956349206 0.0916951904296875 0.016948858291968686 
28.09599503968254 0.09679113769531249 0.022162891579136246 
28.25967361111111 0.09274981689453125 0.027536841332133844 
29.256368055555555 0.0721033935546875 0.02720609887300432 
30.40183035714286 0.09830328369140626 0.01505028598144277 
29.11324702380952 0.12782720947265624 0.013506952765133234 
29.076868055555554 0.078980224609375 0.02324318718677759 
32.226687500000004 0.0760379638671875 0.01452279546426236 
29.945610119047622 0.110215087890625 0.014049645394921303 
35.18353670634921 0.07769940185546875 0.013773323074992743 
29.1362748015873 0.1321917724609375 0.010446310605630279 
28.606034722222223 0.08654522705078124 0.02856371716600283 
30.96070138888889 0.11899017333984377 0.01077062210282311 
31.821156746031743 0.1132928466796875 0.010950255811437968 
34.339510912698415 0.09755816650390625 0.011103628912236539 
32.71752876984127 0.08595135498046876 0.01266882485341653 
27.791874007936507 0.10361871337890624 0.024117855901267384 
32.29103472222222 0.07041668701171874 0.016053768887635315 
28.320137896825393 0.094334716796875 0.023630537616908528 
28.570665674603173 0.10872662353515625 0.018779483395185308 
29.879016865079365 0.12334246826171875 0.010584924183305349 
30.125556547619045 0.1047291259765625 0.013550118875786662 
30.23283035714286 0.1315208740234375 0.00950868827997148 
31.658701388888893 0.1159783935546875 0.010275780565366143 
29.18790972222222 0.077511474609375 0.024415947485625773 
29.32391567460317 0.112661865234375 0.01497311456865073 
32.479528769841274 0.1077464599609375 0.010833915695533151 
30.87531646825397 0.1206181640625 0.011136669495463374 
30.59785615079365 0.09513818359375001 0.014892942604660977 
30.766862103174606 0.12498583984375 0.009427727824509144 
30.72163591269841 0.1255703125 0.009272698565065858 
29.613778769841268 0.0990902099609375 0.016120676160916694 
30.30939781746032 0.11403173828124999 0.011925568192839627 
28.70825694444444 0.08202105712890626 0.02531371222999315 
29.262497023809523 0.1261973876953125 0.011589055996224281 
33.103568452380955 0.07256353759765624 0.014577867948856205 
28.518582341269838 0.08798297119140625 0.025297665943767894 
31.22763591269841 0.121937744140625 0.009500651098549365 
27.897133928571428 0.10533392333984377 0.020884771582331506 
31.13413591269841 0.12242999267578125 0.009885880580063908 
27.92270138888889 0.09943890380859376 0.02288033218857272 
29.073094246031747 0.1111640625 0.015513169433236117 
29.161848214285715 0.09204266357421874 0.01924391287219153 
29.973014880952384 0.088544921875 0.016753762515187287 
28.5474375 0.10278009033203124 0.019782920133765772 
29.941254960317462 0.09650537109374999 0.015728195219278325 
27.894231150793654 0.10941998291015624 0.02023546609428154 
29.22451488095238 0.08933148193359375 0.019680987051393817 
29.75442956349206 0.071808837890625 0.0234779899864793 
28.182443452380955 0.0984940185546875 0.02138226275609435 
32.567058531746035 0.11800292968750001 0.009827098852396007 
31.284241071428575 0.07309277343750001 0.016001606328844994 
28.90717361111111 0.08131976318359375 0.023892859691049886 
32.388889880952384 0.07158325195312501 0.014728716524839416 
29.565887896825394 0.10972552490234375 0.014440841574337332 
30.52413591269841 0.12175219726562499 0.010919246524631976 
28.964580357142854 0.08591326904296874 0.02115650390606745 
31.594726190476187 0.10886236572265626 0.011658230506028978 
27.80766170634921 0.10284918212890626 0.023564869267489776 
33.99752876984127 0.08656396484375001 0.012569003664791589 
32.64823115079365 0.07480993652343751 0.014635020353063948 
30.21763988095238 0.1227933349609375 0.011022013473972673 
30.477258928571427 0.10778997802734376 0.013304285163428634 
31.439211309523806 0.1006448974609375 0.012552819012269378 
29.27365575396825 0.09738775634765624 0.017944765427853886 
29.78215178571428 0.08176715087890625 0.01893515221920235 
29.737389880952378 0.13091143798828125 0.010717316513773053 
28.73183035714286 0.13000830078124997 0.01337326791280508 
29.507955357142855 0.13063348388671875 0.011226771370168778 
28.23249305555555 0.09431475830078126 0.025772629690285754 
31.126639880952382 0.07793212890625001 0.015665310153365135 
31.7098501984127 0.12109832763671875 0.009304214239474392 
28.291233134920635 0.0960479736328125 0.02161031521551309 
28.290201388888892 0.08953594970703126 0.028366143551882345 
31.027725198412703 0.11672314453124999 0.011172647902131079 
28.064050595238097 0.1004371337890625 0.021241744086429457 
28.05535615079365 0.09735833740234376 0.02412062177702413 
32.3756001984127 0.09992779541015626 0.011914848391678182 
28.205006944444442 0.0956329345703125 0.02259087052367631 
31.027975198412697 0.12019427490234376 0.0104309797593616 
28.03627876984127 0.11169744873046875 0.01933084951370581 
28.19766170634921 0.09294622802734376 0.028826052195873125 
30.998881944444445 0.09726678466796876 0.014208456391092392 
31.880784722222224 0.09581732177734376 0.012646740363683556 
27.912034722222224 0.10170733642578127 0.025152328571792698 
30.380595238095236 0.06297637939453124 0.03640445285623894 
37.195707341269845 0.085599609375 0.011980384848654263 
33.628273809523805 0.060444030761718746 0.023952433401402094 
36.62817261904762 0.09008770751953124 0.011544877918776118 
36.99614880952381 0.08487603759765625 0.012175953811850401 
29.05184523809524 0.0771341552734375 0.03276300985978544 
35.03495734126984 0.0970255126953125 0.010677168699666862 
36.252790674603176 0.086413330078125 0.011772203139305121 
29.063289682539683 0.0775115966796875 0.029753644129559394 
33.538875 0.09094818115234374 0.01199037465920672 
36.05211706349206 0.0928631591796875 0.011138587029799812 
30.11622023809524 0.06480743408203125 0.034258068095501554 
31.12711607142857 0.06667138671875 0.01790629178756474 
29.148873015873015 0.07469604492187501 0.0315940025219322 
30.195164682539676 0.0736124267578125 0.018646375535294413 
36.103648809523804 0.08433697509765625 0.012312786034908138 
30.3632003968254 0.08516284179687499 0.016995121352732196 
29.92941468253968 0.07398980712890627 0.01962698736086114 
35.30117261904762 0.09048663330078126 0.011531833865758038 
32.285716269841274 0.07588696289062499 0.014820211089313043 
29.969494047619047 0.06591851806640625 0.03473693539037929 
30.185803571428572 0.06418060302734374 0.03524312549432743 
30.485387896825397 0.07307061767578124 0.017664447240825724 
30.885178571428572 0.06117437744140625 0.03569841938927405 
36.35258234126984 0.08856518554687501 0.01164563963150977 
29.70133928571429 0.07078112792968749 0.02348010228721794 
29.17512301587302 0.0754805908203125 0.031372946082219466 
30.086636904761907 0.06582574462890625 0.03314539573505149 
29.178248015873017 0.07684295654296877 0.025902699580546473 
34.00216369047619 0.09173028564453126 0.011829505247768017 
29.95228571428571 0.06863970947265625 0.0252599152192138 
30.82525595238095 0.06961395263671874 0.016688858268614885 
29.563144841269843 0.07979736328125 0.021001392152011376 
31.172797619047618 0.06256481933593751 0.019283941070720515 
32.34016369047619 0.07732989501953125 0.01428598662179337 
35.59513789682539 0.0895699462890625 0.011590058489605783 
34.200535714285714 0.08711706542968752 0.012565469842121013 
29.42822817460317 0.07507794189453125 0.02188863376628982 
35.516575396825395 0.10017248535156249 0.01027598271743954 
31.003005952380953 0.06629772949218751 0.020063977538034315 
29.51456746031746 0.0710025634765625 0.030130824204251217 
31.29842261904762 0.06088055419921875 0.024307367881651963 
31.894735119047617 0.07625482177734375 0.015044246435906756 
29.242345238095236 0.07563873291015624 0.023217849407996958 
29.87122023809524 0.067465087890625 0.026748881772518125 
29.83102579365079 0.06707025146484374 0.028971007671799463 
31.740922619047616 0.07045196533203125 0.015795726997014155 
29.602123015873012 0.072353759765625 0.022246077714204757 
29.364011904761902 0.07156353759765625 0.026307092654969534 
29.582484126984127 0.07011199951171873 0.027199283929523026 
29.652970238095236 0.07435290527343749 0.020378883422896295 
30.25204761904762 0.06538555908203125 0.030999283132370537 
34.725636904761906 0.0959088134765625 0.011091117485985161 
30.37059523809524 0.06319165039062499 0.034463072907686285 
32.16169146825396 0.08112945556640624 0.013915574871804564 
29.676636904761903 0.06846875 0.03211670765584708 
31.975985119047618 0.06579876708984375 0.01634092970874532 
29.984053571428568 0.07249145507812502 0.01875508764207361 
30.942009920634924 0.0836112060546875 0.01523293811099232 
35.68805456349206 0.098662353515625 0.010475454900205135 
31.852797619047617 0.06144982910156249 0.018875088927909733 
30.369345238095242 0.06401843261718751 0.03388954529373355 
31.539484126984128 0.06074102783203126 0.026930519293244887 
32.19056845238096 0.063020751953125 0.01650296384787557 
30.154116071428568 0.06956500244140626 0.024517260302569694 
32.98244345238095 0.0664805908203125 0.016297221697852006 
30.223720238095233 0.06388262939453124 0.036322338442023795 
30.763928571428572 0.06267315673828125 0.02866169679295651 
29.983720238095238 0.06543072509765625 0.03340227955993631 
31.27517857142857 0.06088055419921875 0.02828398476016148 
31.75654761904762 0.0613170166015625 0.020399842927739054 
32.12591765873016 0.07115563964843749 0.015319392672345025 
29.509970238095242 0.07181353759765625 0.026175595503117866 
31.338714285714286 0.0628489990234375 0.018351869607254847 
29.229775793650795 0.07620312500000001 0.022718597299516186 
31.641526785714284 0.06344775390624999 0.017396528437793234 
30.649136904761907 0.061621948242187495 0.035429830908343285 
31.39853273809524 0.06589825439453126 0.01730553917240727 
30.06984523809524 0.067265625 0.024903608767688306 
30.253095238095238 0.06359564208984374 0.03593478864177689 
30.564200396825395 0.06792321777343749 0.01905289638476074 
29.847470238095234 0.0669522705078125 0.03172846000389763 
33.717547619047615 0.09629156494140625 0.011185118514444682 
32.424389880952376 0.0677840576171875 0.015996294848188757 
30.04434523809524 0.0669356689453125 0.03227572535590832 
31.61698412698413 0.060741027832031246 0.021406062792237866 
30.86622023809524 0.0642613525390625 0.020564609508499497 
31.71299107142857 0.060500427246093745 0.020715897486653156 
29.565261904761904 0.07021240234375 0.027444184312522386 
30.385803571428575 0.06398193359375 0.03365108420878653 
30.44684523809524 0.0640184326171875 0.0277989638766498 
29.853803571428568 0.06919177246093751 0.02646832006780802 
29.424289682539676 0.07450848388671875 0.02547094307762012 
32.37917956349206 0.087516845703125 0.013504373789668086 
30.60288690476191 0.065177734375 0.022347921513378655 
29.44134523809523 0.07068963623046876 0.032432971654828696 
29.915178571428566 0.06605773925781251 0.032472703986093435 
30.51372023809523 0.063771728515625 0.027593545584321044 
32.03227182539682 0.08828265380859375 0.013501762235429135 
30.161928571428575 0.069846923828125 0.019951531919002514 
30.640699404761904 0.06230926513671875 0.030714169122334562 
33.138331349206354 0.09839843749999999 0.012010878347456462 
36.40654067460317 0.0883392333984375 0.011610652368590225 
29.62265873015873 0.0769000244140625 0.020734458105489614 
31.032214285714286 0.067645751953125 0.018131493444502374 
32.434577380952376 0.09359393310546876 0.01250534197789058 
30.332136904761903 0.06623211669921875 0.023339351962026172 
32.70551388888889 0.095051513671875 0.0124269825258255 
33.04134722222222 0.09500909423828124 0.012089285539086904 
31.600973214285716 0.07075225830078126 0.016132491951342663 
29.355053571428574 0.07133538818359374 0.029198262722041523 
30.413355158730155 0.07809002685546876 0.015577892372127625 
29.753303571428567 0.07247540283203124 0.02112607861321796 
29.55415079365079 0.06939196777343751 0.029383163320705313 
30.293700396825397 0.07196069335937501 0.018124120619833504 
30.71903273809524 0.06281152343749999 0.029549315966904115 
30.810386904761902 0.062294860839843744 0.028463825765099454 
29.52762301587301 0.074546875 0.022362483247458913 
29.723248015873015 0.07717205810546875 0.01974342312615738 
31.548184523809528 0.07813287353515626 0.015152944803085175 
30.445470238095236 0.06822387695312501 0.021529186578392985 
30.736845238095235 0.0637196044921875 0.022639503081724015 
30.539547619047617 0.06841009521484374 0.01829515263601763 
31.25984623015873 0.08021417236328125 0.014926389354463682 
31.386303571428574 0.06253143310546874 0.021143405745681354 
31.37604265873016 0.07187109375 0.015404908495187785 
