32.474647817460315 0.06639434814453124 0.015580407331939786 
29.660001984126986 0.06589666748046875 0.02718964281051975 
29.201992063492064 0.09039813232421874 0.015907463277991866 
30.52836507936508 0.06907568359375 0.017163241889417168 
29.721023809523807 0.09396307373046876 0.01466039336651192 
31.570501984126984 0.05878942871093751 0.024472112467452845 
32.495198412698414 0.06082421874999999 0.017354601145923108 
32.61226388888889 0.058984130859375 0.018487913259506234 
31.376751984126987 0.05916894531250001 0.028340891899406983 
32.41375496031746 0.08758087158203125 0.012845489072855553 
31.168849206349204 0.07378021240234375 0.01489803855439649 
30.493040674603172 0.06327716064453123 0.02095594992321353 
30.789540674603177 0.06134490966796875 0.02132463570302355 
32.51096031746032 0.06371160888671876 0.016035407125946168 
30.037499007936514 0.0798043212890625 0.015459244708880767 
31.317127976190477 0.09384472656250001 0.013132775431036947 
31.815425595238093 0.07526843261718749 0.014250448399469259 
31.70915972222223 0.0591689453125 0.02054030620539187 
31.50627281746032 0.06341033935546875 0.017391145914848923 
32.01480257936508 0.0591689453125 0.018758741380810726 
31.85289781746032 0.06083532714843749 0.01787983747439089 
32.09028075396826 0.09217590332031249 0.013066578640565282 
31.54970337301587 0.0829407958984375 0.014245973153397453 
30.569314484126984 0.07217010498046875 0.01622561450427396 
31.69449603174603 0.05925408935546874 0.02276436564176903 
30.435363095238095 0.08708203125 0.013650520150721077 
32.12678670634921 0.062975341796875 0.01656930108702183 
30.840625 0.09327716064453125 0.01315062420230731 
32.03512003968254 0.0711680908203125 0.014738379990145555 
31.89737003968254 0.080489013671875 0.014098764644622794 
31.87962003968254 0.07843890380859375 0.014162575781311845 
33.29353670634921 0.064935791015625 0.015618601860761605 
31.96987003968254 0.07426800537109375 0.014282620283033707 
31.955786706349205 0.0627823486328125 0.01686344037072362 
32.73180456349206 0.05889837646484375 0.019289463383700696 
30.847818452380956 0.06842901611328125 0.016923910087045257 
30.27087797619048 0.08981890869140625 0.014176281387474385 
33.6735367063492 0.0727158203125 0.014247802018165575 
32.429786706349205 0.06363360595703124 0.01613390993934496 
32.068620039682536 0.06565319824218749 0.01586503452388941 
33.116467261904766 0.06653411865234375 0.015439885562863204 
32.049120039682535 0.06187896728515625 0.017092394111063357 
35.841435515873016 0.094885498046875 0.01228333961480857 
32.40759226190476 0.06916729736328125 0.014772757338400926 
31.17420337301587 0.07417272949218749 0.014625134572550652 
32.617314484126986 0.07406927490234375 0.014323012571778152 
29.72995337301587 0.06591400146484375 0.025058676991071577 
31.85575892857143 0.07101885986328124 0.015130362119194126 
28.773944444444442 0.07212500000000001 0.022580251820921902 
29.436698412698412 0.06697338867187501 0.021740734425246714 
28.75253968253968 0.07402813720703125 0.020969453077729787 
28.09038095238095 0.08190814208984375 0.021753400064971295 
28.86562301587302 0.0690943603515625 0.021910041825160383 
28.336873015873017 0.07474774169921874 0.021330091494139274 
28.403916666666667 0.0820572509765625 0.01849852411465347 
28.762539682539682 0.07238641357421875 0.02688567189544065 
30.594319444444444 0.06305187988281251 0.01852859139440958 
28.81753968253968 0.06875115966796874 0.0289800215959512 
32.03885515873016 0.06090856933593751 0.017401266675755384 
31.61665277777778 0.05964849853515626 0.018773621895756532 
29.530623015873015 0.06497998046875 0.029333010563015897 
30.834283730158734 0.06030859375000001 0.030990292413175073 
30.901248015873012 0.060550048828125 0.023428624331712743 
29.967873015873018 0.0645096435546875 0.019729795569047356 
29.8749623015873 0.06315240478515625 0.02656644834205139 
29.904591269841273 0.07782354736328126 0.015589273177083604 
28.199694444444447 0.08004785156250001 0.028135497238278424 
31.312319444444444 0.06012139892578126 0.01901229498445611 
32.01501388888889 0.07468090820312501 0.014271918407142167 
32.074938492063495 0.06619134521484375 0.01570455143406612 
29.385111111111108 0.0655328369140625 0.033656179959699446 
30.84853373015873 0.07179986572265624 0.015388051096346255 
28.49169444444444 0.08154638671875 0.020595185304522534 
28.721694444444445 0.07501177978515625 0.018936236330833266 
30.59058134920635 0.061791748046875 0.0202202116992474 
30.310617063492067 0.0610712890625 0.03411892874842878 
30.536063492063498 0.06850396728515624 0.016429515147950532 
29.422873015873016 0.06914727783203126 0.018838559546168872 
31.21303373015873 0.06345782470703125 0.017960945277925598 
29.84642063492064 0.0629608154296875 0.030851113962456517 
29.232039682539686 0.06749121093749999 0.0213360293742418 
31.24735515873016 0.0661307373046875 0.015967580176755817 
29.671527777777783 0.069586669921875 0.017685076587557826 
29.543158730158734 0.0821287841796875 0.015263109671756628 
29.925730158730158 0.06747967529296875 0.017668078937049976 
28.77548412698413 0.08605224609374999 0.01611634228974581 
29.172444444444444 0.07897070312500001 0.016253309372007835 
29.477819444444446 0.067479248046875 0.02030225013107065 
29.96306746031746 0.0637886962890625 0.024690648681089306 
31.60368849206349 0.06021002197265626 0.01788628218695151 
29.164956349206353 0.06865057373046876 0.020961232685741037 
29.163289682539688 0.06849041748046876 0.027130641704317154 
30.342658730158735 0.06330609130859374 0.02115132188525421 
28.608980158730162 0.07358984375 0.02990610598081355 
29.15887301587302 0.07292352294921875 0.017840048487480734 
30.855992063492067 0.07012396240234375 0.015298296092297872 
30.369158730158734 0.07417950439453125 0.015313590136285865 
31.428605158730157 0.0635806884765625 0.016354595827326162 
29.176361111111113 0.06745306396484375 0.029303963698294067 
29.748087301587304 0.06400610351562501 0.0250737071045637 
29.15495634920635 0.06978271484375 0.01939904239952561 
28.76436111111111 0.0819683837890625 0.016766370806321474 
28.75593253968254 0.07709710693359376 0.018346705832626643 
30.119980158730165 0.06642883300781251 0.01783069216303531 
29.42075396825397 0.06675347900390624 0.02359516783669218 
28.98462301587302 0.072831787109375 0.019247335798680786 
29.38509126984127 0.08972772216796875 0.015349252890046688 
30.525652777777776 0.06493585205078126 0.01774033625959975 
29.53266468253968 0.07335632324218751 0.01655388799391685 
29.63620634920635 0.06612725830078126 0.01989501792907345 
30.92610515873016 0.062299377441406255 0.01804866251912343 
28.999444444444446 0.0746588134765625 0.01787033465884629 
30.83828373015873 0.06189727783203125 0.019163751334901898 
29.68465873015873 0.0681099853515625 0.019112620851561405 
30.434230158730156 0.06226049804687499 0.022782570671081574 
28.298611111111107 0.07603479003906251 0.0226117674397081 
29.224003968253964 0.06602850341796875 0.025734479179676657 
28.67712301587302 0.07044775390625001 0.0285837695976496 
30.915480158730162 0.06744824218750001 0.016029490982353685 
30.842248015873015 0.0610230712890625 0.01996210820703209 
29.75662896825397 0.06478338623046875 0.022142559611495624 
30.239230158730162 0.07164318847656251 0.016290603843912458 
29.003444444444444 0.07181060791015625 0.021360670549776396 
30.230345238095236 0.0764921875 0.015081809037685417 
31.008998015873015 0.05988909912109375 0.021826683243181592 
29.39086111111111 0.0754300537109375 0.016736377829477216 
29.638152777777783 0.07262847900390626 0.0172292731147073 
29.964998015873014 0.07188067626953125 0.016828909462507848 
31.39378373015873 0.07358380126953125 0.014650571933206158 
31.33759722222222 0.059498779296875005 0.024569680599927944 
29.515369047619043 0.08604766845703125 0.015019482779558727 
31.43108928571429 0.0627730712890625 0.017435737959608472 
30.170339285714284 0.062486572265625 0.021824048754274884 
30.135567460317464 0.061458190917968746 0.030007941577132845 
33.12072619047619 0.06507452392578125 0.0157280834534727 
29.77804761904762 0.06467840576171875 0.02442253919839485 
29.42918650793651 0.07463623046875001 0.016630082045793537 
29.20443650793651 0.07528967285156249 0.017015275215372418 
32.140519841269835 0.06847021484375 0.015465965965032594 
29.940130952380958 0.09079229736328125 0.013812191583510477 
29.707928571428575 0.06296649169921875 0.03020602865528685 
30.342440476190472 0.0640721435546875 0.019123471312209938 
29.792333333333335 0.06857025146484375 0.017796571378018704 
31.95516865079365 0.06085052490234375 0.017528527676071947 
29.5345 0.06713330078124999 0.019486952837467167 
30.535269841269837 0.06217657470703125 0.01901451234548908 
30.392339285714286 0.08748754882812501 0.013503202591776838 
29.884728174603175 0.070879150390625 0.01710331899756195 
29.88571626984127 0.07317413330078125 0.016109167760964507 
29.129728174603173 0.07040655517578125 0.019044595919843792 
28.951555555555558 0.0768807373046875 0.018044085816010826 
30.08932936507937 0.06708563232421874 0.018233954526182282 
30.489630952380953 0.060984436035156256 0.02450182314797863 
30.351750000000003 0.07220880126953125 0.01622161940008027 
28.906466269841268 0.07835736083984375 0.017633810340132533 
29.218061507936504 0.06948107910156251 0.01910201547412573 
29.44651984126984 0.0659393310546875 0.023841697185263046 
32.22557341269841 0.0590816650390625 0.018341290926501167 
29.157555555555554 0.06870690917968751 0.024534648614689673 
29.595785714285718 0.06846087646484375 0.019310059200491773 
29.904886904761906 0.06407049560546875 0.0217158600482307 
31.21642261904762 0.07589959716796875 0.014553113391097636 
30.397125 0.06784161376953125 0.01724841713410244 
30.06741071428571 0.08157788085937501 0.014847641154289238 
29.38588888888889 0.0685213623046875 0.01995312906400857 
31.084732142857142 0.060727844238281245 0.019682878554221208 
29.51099404761905 0.07067669677734376 0.018556988668408256 
31.316763888888886 0.06075531005859375 0.018349865343179533 
32.02426388888889 0.059081665039062495 0.018603840175434958 
33.62695039682539 0.07472668457031251 0.01398235849885642 
29.127045634920638 0.09122241210937501 0.015290472508728494 
29.121436507936505 0.07394909667968749 0.01796122810392079 
30.553791666666665 0.06071234130859375 0.023458304931070643 
29.002972222222223 0.06872387695312501 0.028242382120251625 
28.686097222222223 0.07322442626953125 0.025076441785987457 
32.17346428571428 0.08465148925781249 0.013134329601153733 
31.198097222222223 0.05957440185546875 0.027387727166827736 
30.628714285714285 0.08349267578125 0.013874801462829111 
30.457327380952382 0.07529827880859376 0.01485669729587063 
30.96256150793651 0.059740234375 0.033063271195232814 
31.134464285714284 0.08447583007812501 0.013520097173810008 
31.851714285714287 0.07035699462890624 0.015217762624170638 
29.640408730158732 0.07939947509765624 0.01600315918311106 
29.749436507936508 0.06664886474609374 0.01866113403668624 
29.728660714285716 0.07523626708984374 0.01593992771014201 
30.80381150793651 0.065795654296875 0.01706056113117931 
30.322353174603176 0.06542327880859375 0.01828413376441227 
31.948204365079363 0.05910540771484376 0.024067235504355293 
30.618630952380954 0.07026092529296875 0.015701078056152902 
30.596708333333332 0.06378106689453125 0.01795888214289766 
30.417255952380952 0.07922894287109375 0.014900614998605118 
29.888728174603177 0.08644232177734375 0.014970266229953625 
32.30222817460317 0.06376800537109376 0.016056306236293155 
31.47184722222222 0.059346862792968746 0.019359363898929227 
31.12861111111111 0.06414965820312499 0.017205728366136513 
28.686853174603176 0.072019287109375 0.027891435536682625 
29.04463888888889 0.06812744140625 0.029473067911863316 
30.984763888888885 0.0595367431640625 0.028260673317536667 
29.705894841269846 0.06597802734375 0.02313841839188336 
29.938513888888888 0.06271850585937501 0.027897588425278737 
29.85010317460317 0.06581256103515624 0.02077751478042824 
29.263666666666666 0.071216552734375 0.0180521241000891 
29.457150793650793 0.06548016357421875 0.03146858770590656 
29.973484126984125 0.062358825683593744 0.023773510926332352 
30.318797619047622 0.060904052734375005 0.027785598550200463 
30.05052777777778 0.06951202392578125 0.017042386380191864 
30.04592857142857 0.06397161865234376 0.02154557080313195 
29.990547619047618 0.0648436279296875 0.018646977337285847 
