28.244905753968254 0.12068328857421876 0.02986353574549781 
29.04734424603174 0.09628161621093749 0.01889611269919573 
29.467799603174605 0.08375653076171875 0.024615186613913636 
29.372582341269844 0.092966552734375 0.018840627671718596 
30.16332638888889 0.08257061767578125 0.019871249334033583 
31.533761904761906 0.06708184814453125 0.02399951456635821 
32.575769841269846 0.096448486328125 0.012255638812243943 
31.704526785714286 0.07300067138671874 0.018317876029130077 
31.681157738095237 0.07571136474609375 0.016841868031229813 
32.506347222222225 0.08993756103515624 0.01303919895168767 
31.993384920634924 0.06968841552734376 0.018175774924661946 
32.33920833333333 0.07677783203124999 0.015500451965689638 
32.74539484126984 0.08763018798828123 0.012560322044607256 
32.33660416666667 0.06977673339843748 0.01646140977470575 
32.925061507936505 0.0767191162109375 0.01434361214922368 
32.42691666666666 0.06717156982421875 0.016605227755006422 
33.30280158730159 0.0700369873046875 0.01556594204173985 
33.414833333333334 0.06625421142578125 0.016730008985396495 
33.78019047619048 0.06741180419921874 0.01629182449793441 
28.06590674603175 0.11212915039062499 0.03397663478636743 
27.969547619047614 0.11978802490234375 0.03368368794914709 
28.4040873015873 0.08933630371093751 0.029114905010029696 
28.49454761904762 0.09953228759765624 0.024024588772621 
28.478549603174606 0.1003814697265625 0.021598863113746057 
28.514660714285718 0.11357720947265623 0.01968703053608163 
28.787351190476194 0.0897984619140625 0.02514720545320214 
28.734964285714284 0.09738140869140624 0.02123088166948778 
28.81351984126984 0.10297729492187502 0.02060886938780547 
28.74466666666667 0.10613330078124998 0.017799425419032566 
29.48879563492063 0.07748046875 0.033981761468350954 
29.03796428571429 0.09209216308593751 0.021673046324834237 
29.020253968253975 0.09717254638671875 0.019604713929947448 
29.150119047619047 0.10967150878906248 0.016962820073649285 
29.158103174603177 0.11405712890625 0.01540356359010935 
29.494498015873017 0.08155761718750001 0.025450658626556384 
29.347301587301594 0.092041748046875 0.019858697207629693 
29.448095238095238 0.11013110351562498 0.015467139013767246 
29.50975496031746 0.1216265869140625 0.013533283670470117 
29.83933829365079 0.08322296142578126 0.023493478110190476 
29.601295634920632 0.083873046875 0.020655876491010184 
29.644640873015874 0.0885872802734375 0.019701918059155325 
29.718380952380947 0.09806719970703125 0.01689064391564949 
29.93725694444445 0.11301635742187499 0.01384456539601088 
30.426781746031747 0.07008111572265625 0.028611582639362632 
29.949440476190478 0.07662298583984375 0.022153355877246695 
29.972555555555555 0.080416259765625 0.021198401158750057 
30.045579365079362 0.08523999023437501 0.01980600262409451 
29.84247123015873 0.08677606201171875 0.017499079038497078 
30.013109126984126 0.09509503173828124 0.015171888476725664 
30.75575396825397 0.0673385009765625 0.028006447162494046 
30.625511904761908 0.07041571044921875 0.025871094116564814 
30.216732142857143 0.07645605468750001 0.020348030318856264 
31.227212301587304 0.066803466796875 0.027225724350273584 
30.476593253968254 0.07270678710937502 0.020627189781129356 
30.67532341269841 0.0778634033203125 0.019798152217134855 
30.761373015873016 0.09468756103515624 0.0135656253661178 
30.785878968253968 0.0685965576171875 0.020849492441281686 
30.869891865079364 0.07245269775390625 0.019396864498760526 
30.878443452380953 0.07688909912109375 0.01798946821286902 
31.645248015873015 0.09429882812499998 0.013706478855371473 
31.799289682539683 0.10246319580078125 0.011991938705261796 
31.1013998015873 0.06891131591796876 0.019223312878426182 
31.03299107142857 0.07319494628906249 0.017635134148463627 
31.32894246031746 0.079953125 0.015180690741896628 
32.02608630952381 0.06936968994140626 0.018634553833272307 
31.818684523809527 0.0722470703125 0.016674538220405596 
32.107914682539686 0.08264947509765626 0.014016975509073585 
33.35761507936508 0.0918626708984375 0.012286635528787965 
32.105244047619045 0.06982232666015625 0.016865288261022425 
32.417807539682535 0.07469702148437499 0.01586350579375028 
28.321703373015872 0.09143212890625 0.031742613562285915 
28.2605128968254 0.09612188720703126 0.0313956158390604 
28.490230158730164 0.09357794189453125 0.02612328847199305 
28.455001984126984 0.10096417236328126 0.024032699509378523 
28.878286706349208 0.08466534423828126 0.034874390394505045 
28.843822420634922 0.08656573486328126 0.03188198056858406 
28.77787003968254 0.08802734374999999 0.02880836389422415 
28.833637896825394 0.09706060791015625 0.02455711800232157 
28.950661706349205 0.09947442626953125 0.01807940007090195 
29.480786706349203 0.07556475830078124 0.04006739539605 
29.28537003968254 0.07811425781249999 0.03267649601244925 
29.24370337301587 0.0806649169921875 0.029439390135869402 
29.16692658730159 0.0818553466796875 0.025978605422660728 
29.155661706349207 0.085760009765625 0.02481192569798229 
29.167269841269842 0.08868133544921875 0.022733556431587785 
29.24680753968254 0.09205902099609374 0.02109570387830955 
29.191316468253966 0.0931492919921875 0.018119424268588417 
29.270578373015873 0.0992196044921875 0.01647799144403638 
29.82791468253968 0.07552294921875 0.03448709165698289 
29.65153968253968 0.07643115234375 0.02954517383879421 
29.49899503968254 0.07700225830078125 0.025757904644068325 
29.524828373015872 0.08472161865234375 0.022384819421019435 
29.543370039682536 0.089749267578125 0.01829328265434505 
29.6927251984127 0.098309814453125 0.014229701457977292 
30.142155753968257 0.07039642333984375 0.032018374479617924 
30.197423611111113 0.07370123291015625 0.030865124655213183 
29.880578373015872 0.07386993408203125 0.025687861191388224 
29.933495039682537 0.080470703125 0.022026924519300446 
29.967021825396824 0.08520098876953125 0.020126917367096975 
29.99673908730158 0.08619409179687501 0.017844635544955745 
29.970593253968254 0.088203857421875 0.015774063812851916 
30.09741964285714 0.09597314453124998 0.014532358751237396 
30.035479166666665 0.1035338134765625 0.012582388854607945 
30.890920634920633 0.0671685791015625 0.03654774976067252 
30.4531378968254 0.06744580078125 0.030947611293554243 
30.537676587301586 0.0696129150390625 0.028971999444052605 
30.20962599206349 0.072086181640625 0.025083415628969673 
30.196114087301588 0.0784085693359375 0.01931682978348432 
30.190137896825398 0.08116046142578125 0.017393952874656775 
30.232155753968254 0.0854058837890625 0.01575073593251406 
30.60178869047619 0.091879150390625 0.014193700562775136 
30.693608134920634 0.096813720703125 0.012429715427994724 
31.015201388888887 0.06619171142578126 0.03164036765908816 
30.69339087301587 0.06894769287109374 0.025132941880371445 
30.717974206349208 0.07198352050781251 0.023629949490413037 
30.753718253968252 0.0772537841796875 0.019717590499386203 
30.407155753968254 0.0782308349609375 0.01725678042815626 
30.687655753968254 0.08201208496093751 0.015710014083549377 
31.166372023809526 0.08908837890625002 0.0144274926918149 
31.07087103174603 0.06717907714843749 0.025066989873334743 
30.912676587301586 0.07325988769531251 0.0189104972856492 
30.95638888888889 0.0761231689453125 0.017515822145625918 
31.172968253968246 0.08010107421875 0.016021558673620227 
31.44034623015873 0.08467022705078125 0.014120478824790558 
31.713881944444445 0.09401800537109375 0.012509785749461497 
31.51954662698413 0.0638170166015625 0.025567378360614207 
31.689387896825394 0.06674517822265626 0.024258028337325908 
31.405394841269846 0.06744970703125 0.021200305393278617 
31.038048611111112 0.0697718505859375 0.01881598424045742 
31.446405753968254 0.07652099609374999 0.015746398232877268 
31.333673611111113 0.07859472656250001 0.014334228298604475 
32.573807539682534 0.0617537841796875 0.027999985161587672 
31.748579365079365 0.06416314697265625 0.022956168371882267 
31.807746031746035 0.06768005371093751 0.0192482819031924 
31.768881944444445 0.07119915771484375 0.01749320263978464 
32.260707341269836 0.07573736572265624 0.01625684270128238 
32.56554861111111 0.07778546142578126 0.014098329122778027 
32.6384255952381 0.0818553466796875 0.012893361576184634 
32.34639781746032 0.06206866455078126 0.021443554505523318 
31.94641170634921 0.06508972167968749 0.019039112938269993 
32.387125992063496 0.06899633789062501 0.01789094990158082 
32.3785248015873 0.07192718505859375 0.0159569908349775 
32.5714117063492 0.07730670166015625 0.014005634975101794 
32.843762896825396 0.06096112060546875 0.021674857718165963 
32.8009751984127 0.06650567626953126 0.017958147574361448 
33.27935813492063 0.074158447265625 0.01479747650867701 
32.73335218253968 0.062166809082031246 0.018855225755866588 
33.30837599206349 0.06307275390625 0.018051720814049252 
33.76295932539683 0.06236578369140625 0.017500311293747232 
28.19884623015873 0.09558026123046874 0.03198686342161524 
28.371167658730155 0.09937963867187499 0.027583120008051392 
28.638171626984125 0.09492431640625001 0.02462802793115378 
28.731209325396822 0.10609808349609376 0.021381123131062846 
29.294887896825394 0.077179931640625 0.03519917890036102 
29.04255853174603 0.0892767333984375 0.024353703277930593 
29.863967261904758 0.07464080810546875 0.03548976406401025 
29.45354464285714 0.08678515625000001 0.024807785317957416 
29.30335218253968 0.08843890380859375 0.02226248977866395 
30.085631944444447 0.07069073486328124 0.032004924963828105 
29.74141567460317 0.0820087890625 0.02372946455603838 
29.7812628968254 0.09535986328125001 0.017745980535984036 
31.04035615079365 0.06704010009765624 0.02600919640263539 
31.334385912698412 0.06471649169921874 0.0253835643855296 
31.375555555555557 0.06712384033203124 0.024258780044730716 
31.778834325396822 0.066807861328125 0.01991292966157196 
32.38215972222222 0.06448663330078125 0.020154835169311595 
