34.68353174603175 0.0749869384765625 0.013180013204380869 
34.71928174603175 0.0728831787109375 0.013546013129636644 
33.417382936507934 0.0778614501953125 0.012996427512452016 
34.91865674603174 0.07375006103515624 0.013396049308624133 
34.81637896825397 0.07742724609375 0.012775899349510664 
34.45937301587302 0.06651336669921874 0.015018032469209307 
34.612073412698415 0.07668640136718749 0.012909733589217065 
35.29453174603175 0.07066802978515625 0.013882812287416313 
33.01782043650793 0.10122027587890625 0.011281481985416257 
35.44080952380953 0.07139239501953125 0.013741195403154948 
35.36953174603175 0.0720654296875 0.013661949515640736 
35.17480952380953 0.06922003173828126 0.014263499522205434 
34.19318452380952 0.08028149414062499 0.012365484963417061 
34.59437301587302 0.06565240478515624 0.015262559735920314 
33.69203869047619 0.0889658203125 0.011496517445981505 
34.07368452380952 0.09014947509765625 0.011319587791707365 
31.547708333333333 0.07552850341796875 0.015006458112891776 
33.09926785714286 0.07390460205078124 0.013761967859383675 
34.25985119047619 0.08460687255859375 0.011793720764365051 
29.785468253968258 0.08267022705078125 0.019758618549402814 
30.546702380952375 0.0773995361328125 0.016470984791383127 
34.749928571428576 0.06856762695312499 0.014381345538258572 
32.435029761904765 0.07107843017578125 0.014873372807498998 
35.18860119047619 0.07596734619140624 0.013016473755981778 
35.18435119047619 0.07879833984375 0.012558219855487354 
34.524928571428575 0.06786907958984376 0.014597911379899808 
30.114863095238093 0.072911376953125 0.026479890744984136 
31.802434523809524 0.07925396728515625 0.013750713678862898 
30.49454166666667 0.07011090087890626 0.02646816650655494 
31.14453968253968 0.10816741943359376 0.012518035476114603 
32.4764503968254 0.08379803466796876 0.01269567749362811 
30.170994047619047 0.0739954833984375 0.02092289571224153 
30.953434523809516 0.07288037109375001 0.016722206584572817 
30.071529761904763 0.07367163085937499 0.02639156988078358 
33.255320436507944 0.09823114013671874 0.011205911494489768 
34.63243452380952 0.0821019287109375 0.012016767142698174 
31.67385218253968 0.08890240478515625 0.012586082373525953 
30.436480158730156 0.09746990966796874 0.014168948970850564 
32.508541666666666 0.06570855712890625 0.016627812816049893 
30.203613095238097 0.07192358398437501 0.026522943662941445 
34.61285119047619 0.08568646240234375 0.011575637597706162 
30.405791666666666 0.07109869384765626 0.026428694699849948 
30.728041666666666 0.07004302978515625 0.019665674748625593 
30.604261904761906 0.08915728759765625 0.014360037776794283 
31.2523373015873 0.1060863037109375 0.01233111352621019 
34.028618055555555 0.10520782470703124 0.010319272764977067 
29.909307539682537 0.07562121582031249 0.0263850304800123 
30.236896825396826 0.09190924072265624 0.015161551959361868 
34.1837380952381 0.06714892578125001 0.014815161873161824 
31.160541666666667 0.06886547851562501 0.01761805198973418 
30.95184920634921 0.09558776855468751 0.01303634974084795 
34.50228869047619 0.10059942626953125 0.010729871904548249 
29.795021825396827 0.099272216796875 0.01735283300215005 
34.420656746031746 0.09827648925781249 0.010842462428495287 
30.21409920634921 0.07850299072265625 0.016893729478385293 
31.440619047619045 0.10463903808593748 0.011575497898921362 
29.89447619047619 0.08813983154296876 0.018279375619109736 
33.62128869047619 0.09920050048828125 0.010958424764867872 
32.22318452380953 0.06427325439453124 0.017878231862600867 
34.961601190476195 0.0811727294921875 0.012210096159741274 
29.74198611111111 0.07756610107421875 0.030975080208595802 
33.808677579365074 0.09171832275390625 0.011167899260785426 
34.35593452380952 0.10186584472656249 0.01048308325700462 
35.37105952380953 0.06992718505859374 0.014104959695603695 
32.05121428571429 0.0958853759765625 0.011828846459552653 
30.1333253968254 0.102124755859375 0.014555496108591543 
34.482705357142855 0.09592559814453125 0.011030501822885128 
29.65685714285714 0.08920397949218749 0.019185111393317588 
31.20566468253968 0.08454559326171876 0.013626586235221472 
29.608890873015874 0.07903472900390625 0.03046758825739848 
33.860863095238095 0.06334765625000001 0.016047533701121844 
33.01185515873016 0.0828853759765625 0.012713705280885095 
31.94817757936508 0.07112078857421875 0.014947833871062858 
33.94640674603174 0.062188476562500004 0.016396277869582136 
33.42890674603175 0.060404113769531254 0.017353533037599195 
33.541156746031746 0.06169732666015626 0.016640157258059875 
33.1582123015873 0.0633941650390625 0.016018659872934198 
33.393906746031746 0.059345703125 0.018108399454653232 
34.605069444444446 0.06365960693359375 0.01582809909090024 
35.862402777777774 0.070302490234375 0.014075252706050862 
33.65390674603175 0.05970556640625 0.0177699053400159 
33.85606944444445 0.06534490966796876 0.015301135068234032 
34.82756944444444 0.0672613525390625 0.01477685224406422 
34.70078373015873 0.07862432861328125 0.01281821994721517 
32.022792658730154 0.07436346435546876 0.014273283769186573 
33.957006944444444 0.06478082275390626 0.015466633028533325 
34.435652777777776 0.066554443359375 0.01496894002890585 
32.46651091269841 0.059864440917968754 0.01848277888238057 
33.168906746031745 0.060044250488281256 0.017612087820526194 
31.05430357142857 0.06367102050781251 0.020690536218747464 
33.46140674603175 0.0640491943359375 0.015703257480546816 
31.195861111111107 0.07212017822265626 0.015776151482131327 
32.7056498015873 0.06864044189453125 0.014875769289191803 
30.892845238095237 0.07085296630859375 0.017129827365186083 
33.2206498015873 0.074372314453125 0.01363830168777703 
34.0709623015873 0.0627938232421875 0.0161251386420578 
35.413402777777776 0.0687408447265625 0.014369622390791776 
35.013819444444444 0.06603912353515626 0.015101102702226485 
30.733351190476185 0.06509155273437499 0.02040976282685996 
32.3150873015873 0.0591099853515625 0.02036772112517058 
30.221267857142852 0.07174963378906252 0.019147563981577735 
33.685406746031745 0.062312622070312504 0.016299317012950808 
31.92912599206349 0.090130126953125 0.012464375702798357 
31.608209325396825 0.0873197021484375 0.012805486252769834 
30.447681547619048 0.07811059570312501 0.016279812499821213 
32.07779265873016 0.07860308837890626 0.01362478427674994 
33.30265674603175 0.05910998535156251 0.018268072608396406 
33.67265674603175 0.060858459472656244 0.01703326952984553 
31.843767857142858 0.06001177978515625 0.020722413760986158 
35.28715277777778 0.06829656982421875 0.01450192122518645 
30.156937499999998 0.08696734619140625 0.016863091771569104 
31.116143849206345 0.064562744140625 0.019057374395072428 
34.18884424603175 0.061539367675781255 0.016697638481255668 
32.8506498015873 0.07089849853515626 0.014345832163538791 
35.44240277777778 0.07239813232421874 0.013651332817669967 
30.569348214285714 0.08263116455078125 0.015553851781483755 
29.970389880952382 0.08482232666015624 0.018218366246964796 
31.502116071428567 0.060576477050781244 0.0205205515745841 
35.02256944444444 0.065684326171875 0.015203397776544128 
32.14814285714286 0.0593505859375 0.02058063182026145 
32.0107123015873 0.059771179199218746 0.020506168756481265 
34.92381944444445 0.06435650634765624 0.01560112119760736 
31.362959325396822 0.08120819091796874 0.01380411541497335 
30.487795634920634 0.0704088134765625 0.019275663600549126 
30.070667658730155 0.07982684326171877 0.017737084773596406 
31.3695119047619 0.061505676269531254 0.020611804149445103 
32.54468551587301 0.06242791748046874 0.01672659156918154 
35.95536706349206 0.07735125732421874 0.012888321628686038 
35.139402777777775 0.07642669677734375 0.01304148241480813 
30.484625992063492 0.07982684326171877 0.015880348231013895 
31.901352182539682 0.0615880126953125 0.01871019283173977 
31.046590277777774 0.07779229736328126 0.014807294748123718 
31.41331646825397 0.0650322265625 0.017646063912272476 
30.865027777777776 0.08557305908203125 0.0139790341734849 
32.246090277777775 0.09419024658203126 0.012195384088870135 
31.212636904761904 0.0616954345703125 0.02078209083257613 
35.67911706349206 0.07549700927734375 0.013145466482009737 
31.53149107142857 0.06610980224609375 0.01660938257541877 
30.23608432539682 0.0744945068359375 0.0181753044730276 
33.93154265873016 0.088390380859375 0.011811784336626533 
34.22091765873016 0.0865911865234375 0.011898652457222337 
30.649045634920633 0.0674658203125 0.020609071521759066 
32.8223759920635 0.07973834228515624 0.013128931137289846 
35.203402777777775 0.07172808837890625 0.01387592836108432 
32.11445932539682 0.0915927734375 0.012267458817005151 
30.93173611111111 0.09114562988281251 0.013312449647411712 
30.742284722222223 0.0844052734375 0.01423790405386687 
32.1466498015873 0.06639398193359376 0.01572750583365186 
30.665727182539683 0.0666326904296875 0.020047459491416793 
32.37445932539682 0.09195263671875001 0.012073568241357795 
35.841319444444444 0.06928076171875 0.014241516811192035 
34.96715277777778 0.06999255371093752 0.014162398415490999 
31.285569444444445 0.0944500732421875 0.01264792739771307 
33.020379960317456 0.08788409423828125 0.012124262470122422 
32.27531746031745 0.0857650146484375 0.012805210594400762 
32.97075496031746 0.09260888671875 0.01165872283869981 
34.15000595238095 0.08153765869140625 0.012345386295583093 
32.20287996031746 0.09802020263671876 0.011522441019531345 
32.37945039682539 0.0701605224609375 0.015130304102227085 
34.352005952380956 0.08016174316406251 0.01244382026545703 
32.709046626984126 0.10226843261718752 0.010860762098893521 
35.61483928571428 0.08890771484375 0.011287110089302051 
33.04096428571428 0.08031024169921877 0.012835861450251184 
34.32885714285714 0.09054962158203125 0.011128555091675377 
33.00037996031746 0.10780841064453126 0.01039770559233055 
33.92786706349206 0.06710223388671874 0.015279693564888105 
31.379963293650793 0.0879453125 0.013199701057314864 
31.79839484126984 0.08020361328125 0.013768261588454251 
35.07203571428572 0.08825036621093751 0.01140030771540105 
35.63445238095238 0.09147589111328126 0.010862799104746428 
31.435811507936506 0.0776539306640625 0.014622346140727402 
31.608324404761902 0.10689764404296875 0.011345642409618951 
32.517379960317456 0.1061097412109375 0.010612310360655196 
34.1669503968254 0.07659124755859374 0.01308653216376528 
31.336879960317457 0.09680242919921875 0.012236748045083136 
31.821664682539684 0.065994140625 0.01728145138359071 
34.44575595238095 0.08645672607421875 0.011556548951979717 
31.97529662698413 0.10898583984374999 0.010800645912528032 
34.41611706349206 0.07736419677734375 0.012935338786449285 
31.26365773809524 0.10791223144531252 0.01156215242551267 
32.79286706349207 0.07440130615234376 0.013792882246520371 
30.798657738095233 0.093327880859375 0.013765491640508188 
30.775852182539683 0.10570117187500001 0.012597879281401636 
34.81947916666667 0.098689453125 0.010824789798617365 
31.736498015873014 0.0728414306640625 0.015277847427591685 
34.4594503968254 0.0779417724609375 0.012848303341552616 
33.67870039682539 0.06632928466796875 0.015470590037401791 
32.35118055555556 0.10678570556640628 0.010698913281228394 
31.209657738095235 0.1066285400390625 0.012498685317620637 
31.094609126984125 0.07269384765625 0.016367717215061174 
32.47629662698413 0.10804821777343751 0.01053397293029726 
30.43043551587301 0.10233306884765625 0.013428697084393352 
34.93278373015873 0.0706441650390625 0.014242909674212347 
32.53541468253968 0.06288323974609375 0.018066432623710466 
31.402724206349205 0.06796752929687501 0.017925874532163176 
29.58647123015873 0.08637139892578126 0.026707055654820074 
34.677505952380955 0.07919592285156249 0.012558645595476032 
30.846664682539682 0.07586145019531251 0.015842989995941536 
31.62108134920635 0.0680753173828125 0.016531055674120786 
30.5978869047619 0.07709417724609376 0.016336331774737693 
34.70861706349206 0.07871472167968749 0.012695022189900266 
30.72549503968254 0.1029600830078125 0.013173520950064063 
31.164685515873014 0.0928319091796875 0.013011710960254077 
30.64270535714286 0.08630596923828125 0.014688009208854297 
30.041224206349206 0.10019146728515624 0.014870357265438875 
30.36583134920635 0.0845933837890625 0.015424466760739677 
34.92958928571428 0.08427722167968751 0.011810763305112723 
35.14886706349206 0.07161596679687501 0.014089205171108263 
29.885367063492062 0.08603240966796874 0.01972615041291343 
34.89778373015873 0.07247161865234375 0.01377534431418404 
30.105914682539684 0.08951019287109377 0.016286659502591932 
30.371859126984123 0.10205834960937499 0.01384072962933779 
30.87253373015873 0.07231365966796874 0.018286724334772676 
32.74528373015873 0.08833404541015624 0.012412085334267462 
34.49676984126984 0.093419921875 0.011124781976103778 
34.192817460317464 0.07626690673828125 0.013325242012258615 
30.56695138888889 0.07006463623046874 0.028106588186319927 
29.702102182539683 0.09601062011718749 0.01865697083769736 
29.794914682539684 0.0928226318359375 0.017820342674717323 
31.653755952380948 0.07485821533203126 0.015544371556159096 
29.5198005952381 0.09504187011718751 0.02571507215248049 
30.152707341269842 0.08305096435546874 0.017246117357429144 
34.39290079365079 0.066382080078125 0.015273038272500025 
32.07006944444444 0.08365893554687501 0.013439502152264114 
29.450748015873017 0.094039794921875 0.02689345601922275 
29.15866964285715 0.09517694091796874 0.030026343301232893 
29.55467658730159 0.08754663085937499 0.021913777142703518 
29.309999007936504 0.08700268554687499 0.030399706779182006 
34.42769246031746 0.0666690673828125 0.015177345944210876 
32.995626984126986 0.06773284912109374 0.01564074961146337 
30.440716269841268 0.07105529785156249 0.03039798104904596 
32.93433531746032 0.09402191162109376 0.011903134407903993 
29.835723214285714 0.09791015625 0.015447707772254932 
29.079741071428565 0.09705676269531249 0.027880906921610236 
34.607039682539686 0.07368444824218749 0.013760735059842474 
33.91549801587301 0.09699108886718749 0.011002329780444495 
29.626249007936508 0.0778057861328125 0.03434517457149926 
29.74378869047619 0.08116241455078124 0.022677400282081192 
29.543749007936505 0.08391363525390624 0.03043698155417668 
29.315807539682538 0.10069805908203126 0.02711775181930884 
30.18161408730159 0.0770137939453125 0.019510652757152913 
29.90819146825397 0.07599835205078125 0.03298737264734128 
34.94148412698413 0.07106109619140626 0.014161694010402992 
31.702382936507938 0.07915863037109375 0.014408384981658312 
