32.748199404761905 0.06366290283203124 0.016058870723661 
33.29427777777778 0.06027783203125 0.017284038454651825 
30.65437996031746 0.066152099609375 0.016806643939852754 
33.18275099206349 0.08782061767578127 0.012464206577356893 
30.59722023809524 0.060005310058593754 0.023467467603947956 
30.34123313492064 0.06969464111328125 0.015995614830668983 
30.76691468253968 0.0610299072265625 0.02191141269521419 
31.93751488095238 0.07004064941406249 0.014962668556436876 
31.858782738095236 0.06260290527343751 0.01694771635727584 
29.783748015873016 0.06406219482421875 0.030123126141186823 
29.835385912698417 0.0840361328125 0.014254890174925334 
30.676664682539684 0.059764709472656254 0.026312441261019576 
29.598545634920633 0.07999676513671876 0.016086478930529204 
33.36142956349206 0.0685926513671875 0.01506760409174857 
31.04514384920635 0.06483398437500001 0.01666671582788232 
30.736213293650792 0.07330584716796876 0.015367388835664858 
31.352088293650798 0.06088513183593751 0.01765858163474498 
30.856775793650797 0.06123394775390625 0.020272239592041837 
30.92800496031746 0.061337036132812495 0.01883777556316551 
29.13610119047619 0.0700703125 0.025707792899072195 
30.303435515873012 0.0678890380859375 0.01666264621244374 
32.47125496031746 0.06472033691406251 0.015916693039223554 
32.812491071428575 0.07299829101562501 0.014063036826193337 
30.77066468253968 0.06180285644531249 0.01885683820037548 
29.499983134920633 0.07163690185546875 0.017796918693181125 
32.58809623015873 0.07425311279296876 0.014243540946062649 
31.110081349206347 0.058884582519531256 0.025944486022051433 
31.574727182539686 0.058382324218750004 0.024433749746918726 
30.475518849206345 0.064372802734375 0.018033891004264353 
30.93233134920635 0.0605653076171875 0.02038315628437698 
30.685692460317462 0.061151794433593754 0.02265536039456354 
32.49043154761905 0.069113037109375 0.014856805778205414 
29.338470238095237 0.0676767578125 0.02979785732799764 
32.749361111111114 0.06052490234375 0.017123998829722424 
31.125879960317462 0.0667515869140625 0.016110553945288087 
30.196949404761902 0.0656943359375 0.01821921800935266 
32.34561607142857 0.0800919189453125 0.013469000681504611 
29.73806051587302 0.0674278564453125 0.018644130427524462 
29.44887896825397 0.06777850341796875 0.024538546071168017 
31.09441468253968 0.05957000732421876 0.02219243990039457 
29.725913690476187 0.07484173583984374 0.01647905833747607 
32.048338293650794 0.05947442626953124 0.01814348795264585 
32.06875496031746 0.058608886718749996 0.018500596607089054 
30.66008829365079 0.07985272216796875 0.014226705728586763 
29.85456646825397 0.06420953369140625 0.024579375550594158 
31.72681051587302 0.060510925292968754 0.017561585564907615 
31.250393849206354 0.06011981201171875 0.018864018159326153 
31.648338293650795 0.06520581054687499 0.016007880134046047 
29.81100496031746 0.07813482666015625 0.015617205878045437 
31.44864384920635 0.05884698486328125 0.0193906130793653 
32.78347718253968 0.06554364013671875 0.015593044208403687 
30.77264384920635 0.06308740234375 0.01770584466779232 
29.587184523809526 0.06468493652343751 0.026206574456378806 
30.802636904761908 0.05954071044921875 0.023461217797752447 
31.008893849206352 0.061965087890625006 0.01797161714577673 
31.126510912698414 0.07845794677734375 0.014491030360963181 
33.75673313492064 0.09917218017578125 0.012010433156009755 
30.21814384920635 0.07602374267578126 0.015425225623365508 
30.011803571428572 0.06308099365234375 0.025517671570327145 
31.04590773809524 0.07030322265625 0.015115081932008279 
31.57114384920635 0.05952105712890625 0.018936953896548578 
29.847427579365082 0.06837603759765624 0.017803056136336187 
28.735491071428573 0.08018457031250001 0.03434913232767585 
30.441532738095237 0.06315625 0.0188471495709419 
29.444406746031746 0.0678956298828125 0.020490353256747116 
30.87135218253968 0.06836602783203125 0.015915917035039494 
30.14635119047619 0.0634259033203125 0.020588463883921465 
31.225914682539685 0.059311584472656255 0.0200228901873492 
30.453164682539683 0.0610299072265625 0.02584817989246549 
32.11631051587302 0.06174151611328125 0.016731959755536176 
30.14274107142857 0.06425720214843751 0.018943046185895797 
29.76666468253968 0.065191162109375 0.020537221792101868 
30.34472023809524 0.06162109375 0.02574183915406466 
29.279553571428572 0.0683360595703125 0.025414955460712308 
30.15649801587302 0.06265130615234375 0.023141220392730116 
30.497295634920636 0.06234155273437501 0.02050134381049868 
31.234977182539684 0.06373876953124999 0.016917192802667628 
29.78980357142857 0.0662781982421875 0.019781594737455256 
29.660851190476194 0.06566497802734375 0.024491740833427787 
32.0531378968254 0.058319580078125 0.02573234178221227 
31.077891865079362 0.061729614257812496 0.01845102280823887 
30.30314484126984 0.06244049072265626 0.031166728859152625 
30.940780753968255 0.07031707763671875 0.015360438256915646 
32.04507837301587 0.06794482421875 0.015508921091020079 
31.463280753968252 0.06575152587890624 0.016414953969385443 
31.114364087301585 0.06941339111328125 0.01573953648268802 
31.44355853174603 0.0603641357421875 0.018863814596101643 
30.010332341269844 0.0657861328125 0.019929634412229082 
33.57548313492063 0.0600284423828125 0.017586619956061204 
31.816001984126977 0.058380798339843755 0.03159633481606462 
31.61814186507936 0.06054327392578125 0.017962617987390628 
30.72111408730159 0.07786578369140625 0.015071284404959539 
33.01085218253968 0.0600474853515625 0.017791032710060477 
34.001239087301585 0.0667449951171875 0.015119845264777521 
32.16907043650794 0.0782393798828125 0.013613076936766513 
32.035915674603174 0.05937249755859375 0.018184210043098774 
32.437935515873015 0.06053601074218751 0.017507385739669208 
30.793558531746033 0.06287615966796875 0.018602473190542337 
30.38580853174603 0.06763586425781251 0.01716513362662496 
30.751641865079364 0.06405047607421875 0.017607124225910736 
30.562614087301586 0.06643341064453126 0.017056071025785085 
33.01732440476191 0.06099200439453125 0.017106114380475112 
32.51919742063492 0.06422723388671876 0.015991957608457636 
32.43603075396826 0.07356292724609374 0.014716853886749615 
30.60661408730159 0.08143231201171876 0.015107361703630553 
30.94785218253968 0.06558221435546875 0.017032582679983217 
31.768447420634924 0.061927612304687504 0.017219941347524557 
31.879439484126987 0.058380798339843755 0.02830912518784025 
31.974582341269844 0.058708312988281254 0.020602069466229497 
33.20910813492063 0.06359582519531251 0.01619495516733826 
32.17083234126984 0.05839947509765625 0.01928696237888558 
32.02233531746032 0.05839947509765625 0.02232418333050234 
31.497280753968255 0.06298150634765624 0.016896287155296633 
30.98671130952381 0.06787335205078125 0.016150143210407312 
31.790332341269846 0.05961376953124999 0.01876572473800183 
31.759697420634915 0.06338977050781251 0.01659711004047098 
32.460614087301586 0.06604138183593751 0.0157584898006767 
30.343328373015872 0.0796783447265625 0.015168633782193044 
30.91068154761905 0.062204833984375 0.01796709100210665 
29.239243055555555 0.07743841552734375 0.017502081860747205 
32.49215972222222 0.077819091796875 0.014362799867451198 
33.95762003968254 0.0780926513671875 0.013672099749967453 
30.125104166666667 0.06365173339843751 0.019411067143306128 
30.34532738095238 0.06246636962890626 0.01983428730383146 
30.66713988095238 0.0612476806640625 0.019531203680321553 
30.07347321428572 0.06645361328125 0.01824682879352566 
29.89760912698413 0.06494952392578125 0.02144191173117983 
31.354250992063488 0.06240826416015625 0.017152263645496244 
31.21202876984127 0.0654295654296875 0.0164313612753004 
30.94065972222222 0.063762939453125 0.017049437952399285 
29.14642361111111 0.07045501708984375 0.019429740407075742 
29.155319444444444 0.06934674072265626 0.024080865160193293 
30.33826884920635 0.06301000976562501 0.021887195621371255 
29.478032738095237 0.064685791015625 0.02858340018576385 
31.898487103174602 0.0591470947265625 0.018434140355154838 
29.541909722222215 0.0681956787109375 0.019097141948625416 
30.357234126984128 0.060995788574218744 0.027227125499006334 
31.514786706349206 0.06417608642578125 0.016268790396150205 
34.014479166666675 0.08263037109375 0.013140346506178383 
31.88541170634921 0.06260675048828125 0.016478638555701797 
30.65675099206349 0.063806640625 0.017874888470232483 
30.456403769841273 0.06811968994140624 0.016463954500224455 
30.721245039682536 0.065299072265625 0.01706853578865531 
29.797326388888887 0.06551470947265625 0.020089542525675165 
30.889848214285713 0.0666260986328125 0.016512973776742816 
30.35917162698413 0.06185266113281249 0.020803892357811313 
29.586847222222218 0.066552734375 0.02327858464688062 
28.963706349206348 0.0695196533203125 0.027655462900921673 
33.683144841269836 0.084848388671875 0.012912120136260988 
33.08521527777778 0.07186926269531249 0.014796036559507248 
29.865591269841275 0.0648349609375 0.02362483257615569 
31.079272817460314 0.07028076171875 0.015526021846830856 
31.091633928571422 0.0670577392578125 0.015882248936459415 
29.920194444444444 0.06334478759765624 0.027422965879883653 
29.6115625 0.06982781982421875 0.018076057938035607 
29.267667658730158 0.07558099365234375 0.01770352093740924 
29.686395833333336 0.0670284423828125 0.01891859483794868 
30.485527777777776 0.061309692382812496 0.023951359861478175 
30.05014781746032 0.076595947265625 0.015543328058481238 
31.624856150793654 0.06624053955078125 0.015790140054579814 
30.014720238095236 0.06281207275390624 0.029290446215536458 
29.00926190476191 0.07187200927734375 0.023285322693135557 
29.539583333333333 0.06782171630859375 0.024244726277735086 
31.538965277777777 0.08279638671875 0.013539506316721437 
30.353285714285715 0.06348126220703125 0.019054619394358215 
30.951473214285716 0.060661193847656246 0.018954197879996172 
31.559667658730156 0.0744990234375 0.014561474944412716 
29.466261904761904 0.06594122314453124 0.02781728533953059 
30.088042658730153 0.06881268310546876 0.016790525217469793 
31.196098214285712 0.06088079833984374 0.01791245119824634 
29.075951388888882 0.0733729248046875 0.01846571168927852 
29.7817371031746 0.06975 0.017241920427322362 
30.727209325396824 0.07410174560546876 0.01491845589112864 
30.70314682539682 0.062515869140625 0.018622089956700803 
28.91585416666667 0.07382128906249999 0.019826109556913395 
30.825356150793652 0.07247515869140625 0.015383732732202865 
29.59305654761905 0.07227551269531249 0.017698816558703805 
31.782564484126986 0.07059967041015625 0.014908064522650083 
30.14943154761905 0.07230242919921874 0.016022137151774012 
29.245173611111106 0.06926885986328125 0.019402112886305927 
30.08141071428571 0.0634759521484375 0.024849537491425884 
30.01597916666667 0.06449603271484375 0.018796738565530605 
29.749590277777777 0.0713631591796875 0.016638898873493065 
29.719167658730157 0.07378558349609374 0.016782085069682463 
29.36302083333333 0.07179681396484375 0.018076484852280472 
29.271016865079368 0.07540942382812502 0.017480283652305584 
29.453739087301592 0.08324609375 0.01568093217813968 
31.636300595238094 0.06273712158203124 0.01673146661972625 
28.339489087301587 0.08890594482421874 0.02022132440840828 
28.451707341269845 0.08538519287109374 0.020825629805471736 
32.20540773809524 0.06870513916015625 0.015062734259273871 
31.46515773809524 0.06811651611328125 0.015455898313220575 
28.34468650793651 0.08273358154296875 0.02581928088765963 
31.11033630952381 0.06213671875 0.017478738097310077 
29.469725198412696 0.09860821533203125 0.014146417830999933 
29.765530753968257 0.079230712890625 0.015366966606616964 
28.542103174603177 0.08140081787109374 0.02754997217431293 
28.669134920634924 0.08463134765625 0.018590473354756838 
29.049912698412697 0.08103210449218749 0.01645388769499959 
28.92087797619048 0.07521026611328126 0.019246915009077672 
32.06830257936508 0.07542449951171874 0.014506973148640237 
28.955864087301585 0.09590332031250001 0.01503932332813741 
31.42452281746032 0.09976226806640624 0.011453066605236383 
32.187302579365074 0.07244378662109374 0.014751197255697115 
32.13048313492063 0.06147418212890625 0.017227976721789662 
30.3397251984127 0.06596905517578125 0.017241384425874775 
31.609049603174604 0.0613038330078125 0.017282616040095705 
33.468485119047614 0.077324462890625 0.01374749161416293 
28.835627976190473 0.07806805419921876 0.017747648633237953 
32.104848214285724 0.08567626953125 0.012924456063509 
28.10860317460317 0.08691021728515624 0.027454411041703052 
29.3476001984127 0.07264355468750001 0.017359402987420537 
30.736808531746032 0.07160565185546874 0.015656095251556472 
29.6818501984127 0.06812609863281249 0.01806004425226148 
30.870514880952385 0.09146795654296876 0.01319391410857067 
31.214939484126983 0.0867135009765625 0.013346407486066228 
28.410058531746035 0.0919671630859375 0.016659691055640566 
32.87275892857143 0.0678701171875 0.015094743028223537 
30.733772817460316 0.10013128662109376 0.012348609309341755 
29.443079365079363 0.06886419677734375 0.01889438830062371 
30.008975198412696 0.077750732421875 0.015521058408975585 
29.36031150793651 0.06916009521484376 0.02170013856246696 
29.978714285714283 0.09781878662109375 0.013191070604588833 
29.827058531746037 0.066693603515625 0.017875337822496864 
30.561061507936508 0.06470184326171875 0.01761229924863207 
33.101550595238095 0.08305657958984375 0.013118161372985698 
29.62474603174603 0.06730419921875 0.018822718733906736 
29.353987103174603 0.09206420898437499 0.01454869151085617 
28.04848511904762 0.09231628417968751 0.023471082976087916 
29.135641865079368 0.08512988281249999 0.015776797810852537 
30.1674751984127 0.070415283203125 0.016247820489645026 
28.23020734126984 0.08669451904296875 0.024172744883712356 
33.611441468253965 0.07632379150390625 0.013705659465935082 
29.850975198412698 0.07301324462890627 0.01633307458772883 
29.18930158730159 0.07749493408203126 0.016588756659444426 
30.496697420634924 0.0737647705078125 0.015415741185829033 
30.506475198412698 0.06941015625 0.01601601635092496 
32.68760615079365 0.06360711669921874 0.016199093580242224 
30.704669642857148 0.06703729248046876 0.016252423680122967 
30.619661706349206 0.09736529541015625 0.012848847681250419 
28.707100198412697 0.09037847900390625 0.01602541502639278 
28.690489087301586 0.08615618896484376 0.017517170162763447 
28.495864087301584 0.08987628173828124 0.017831910475607976 
28.75884325396825 0.08020043945312501 0.019129061548948285 
28.928332341269844 0.07315594482421875 0.024858580500002933 
29.602016865079367 0.075312255859375 0.016289543786883336 
30.871308531746035 0.062278564453125 0.017878364733517192 
29.23000992063492 0.07328363037109376 0.018454442017819726 
30.317100198412696 0.06501678466796874 0.01773030372893437 
28.76266567460317 0.07793841552734375 0.02421913691368329 
29.61774900793651 0.06724481201171875 0.021866124525960526 
28.66849900793651 0.08028369140625 0.022636364295244193 
30.012475198412698 0.06852972412109375 0.017062974808957403 
30.476508928571427 0.08241406250000001 0.014945398871362214 
29.43568353174603 0.0707967529296875 0.018248989054724555 
29.744475198412697 0.07116400146484374 0.017051090777065573 
30.746859126984127 0.06317993164062499 0.018264511019289453 
29.689612103174603 0.08833221435546876 0.01463503519600256 
