27.394738095238097 7.0
27.394738095238097 7.0
27.394738095238097 7.0
27.410988095238093 7.0
27.415488095238096 6.0
27.415488095238096 6.0
27.422488095238094 6.0
27.43102380952381 6.0
27.510738095238093 5.0
27.525488095238096 5.0
27.52941666666667 5.0
27.548773809523812 5.0
27.66064880952381 4.0
27.66064880952381 4.0
27.694148809523806 4.0
27.711113095238098 4.0
27.711113095238098 4.0
27.711113095238098 4.0
27.711113095238098 4.0
27.711113095238098 4.0
27.711113095238098 4.0
27.711113095238098 4.0
27.711113095238098 4.0
27.711113095238098 4.0
27.711113095238098 4.0
27.711113095238098 4.0
27.711113095238098 4.0
27.711113095238098 4.0
27.711113095238098 4.0
27.711113095238098 4.0
27.711113095238098 4.0
27.711113095238098 4.0
27.711113095238098 4.0
27.711113095238098 4.0
27.711113095238098 4.0
27.711113095238098 4.0
27.711113095238098 4.0
27.711113095238098 4.0
27.711113095238098 4.0
27.711113095238098 4.0
27.711113095238098 4.0
27.711113095238098 4.0
27.711113095238098 4.0
27.711113095238098 4.0