27.394738095238097 7.0
27.394738095238097 7.0
27.394738095238097 7.0
27.39598809523809 7.0
27.415488095238096 6.0
27.43673809523809 6.0
27.451059523809523 6.0
27.466321428571426 6.0
27.502988095238095 5.0
27.527809523809527 5.0
27.574863095238094 5.0
27.599708333333336 5.0
27.711113095238098 4.0
27.711113095238098 4.0
27.711113095238098 4.0
27.711113095238098 4.0
27.711113095238098 4.0
27.711113095238098 4.0
27.711113095238098 4.0
27.711113095238098 4.0
27.711113095238098 4.0
27.711113095238098 4.0
27.711113095238098 4.0
27.711113095238098 4.0
27.711113095238098 4.0
27.711113095238098 4.0
27.711113095238098 4.0
27.711113095238098 4.0
27.711113095238098 4.0