35.154000992063494 0.011001637823522094 225.54246984863283 
28.829967261904763 0.01332853017239273 243.7791984863281 
29.67471527777777 0.012789676452275366 192.2332233886719 
28.33534226190476 0.027934109894599768 122.93046598307293 
27.340832341269838 0.018794051521565738 217.0698198242187 
29.340071428571427 0.012848598248884083 199.73176440429688 
28.253700396825394 0.01602200565813483 185.86880151367188 
29.420401785714283 0.017578190430566704 119.91919055175782 
28.601699404761906 0.015414217262491559 166.68075903320312 
27.702233134920636 0.01711199266445266 218.46335400390626 
28.889963293650794 0.028764469310041486 105.67683886718751 
28.620762896825397 0.02503551562130075 120.66573510742188 
28.300363095238094 0.01866591580625999 144.2472696940104 
29.84534226190476 0.023493966028358827 99.05489562988281 
30.71576884920635 0.022961414154227804 94.32687548828126 
29.591973214285712 0.016994270054861864 113.49028967285157 
27.759393849206344 0.030873782859429745 153.11359008789063 
28.991161706349203 0.013037481464743626 211.880650390625 
28.952446428571427 0.01880216506287079 118.14096203613282 
28.12033531746032 0.017160172920729983 167.01152734375 
30.785842261904765 0.014303837357427901 119.63615551757812 
28.30112003968254 0.02669787853118405 135.04215592447918 
26.94011805555555 0.028112219000425192 209.8821125488281 
29.81626488095238 0.016519321410920516 124.41753540039063 
28.12166369047619 0.024486224908530738 145.21495646158854 
28.140807539682537 0.01543681391742451 222.58419042968748 
27.939739087301586 0.026741815368797644 143.51335880533853 
30.117056547619047 0.022622643062587794 100.72026916503906 
29.177643849206344 0.025571016806777584 102.83331860351564 
28.91502976190476 0.019395950657840805 116.62954699707032 
29.449020833333332 0.020323933043122265 114.12912170410156 
29.356532738095233 0.023717613604009168 114.44913635253907 
28.71644642857143 0.01881575384967025 130.25597619628905 
29.485223214285714 0.01779790945045654 112.64535705566406 
27.18080753968254 0.03043879750516635 197.840275390625 
29.240032738095238 0.015654243883635836 131.69746940104167 
28.141565476190475 0.020696096741780638 140.99644938151042 
27.15176984126984 0.0243627247451395 203.11486083984374 
27.127216269841266 0.01773259694918617 267.83008854166667 
27.512340277777774 0.020806922178532937 188.54085278320312 
27.5604503968254 0.02117492323742807 167.13731396484374 
29.601437499999996 0.02348275833427909 100.55184643554686 
28.491623015873017 0.013923005783226333 295.5506189371745 
30.608669642857144 0.014878389502227297 115.28254296875 
28.65467261904762 0.021458776744153377 119.74358158365885 
30.73566964285714 0.022377081302344785 101.32888183593751 
27.9462748015873 0.030137627314910275 138.9478124186198 
26.934418650793653 0.021508929060682684 226.85513671875 
31.04991964285714 0.014697349338233481 113.45968994140625 
30.588768849206343 0.015469033665951346 108.28153662109376 
30.24788988095238 0.01573820588928087 111.31923986816408 
29.397056547619048 0.015286344147142042 127.32323266601561 
28.372755952380952 0.016534129147157038 173.65357177734376 
28.332913690476186 0.017523936201274366 155.44773087565105 
28.274839285714286 0.02182559186160196 136.20736539713542 
28.661521825396825 0.0168999476912469 144.8100295410156 
27.257895833333333 0.027585941182341422 186.32479345703126 
28.571517857142858 0.019571177216287705 125.69132084147137 
27.969437499999998 0.019607073840793247 163.93327368164063 
26.789716269841268 0.027453081629797836 240.42957975260418 
27.987974206349207 0.018431133021354667 157.88026538085936 
27.20441865079365 0.0216367145931572 205.0514074707031 
27.86430952380952 0.018252976245488984 182.51497037760416 
28.63178273809524 0.018991393286045627 135.22747241210936 
27.909779761904765 0.017485937126275164 164.16641748046874 
28.46984523809524 0.01532910860715805 179.95190258789063 
27.63932341269841 0.015580050242826344 299.4961920166016 
28.645910714285712 0.013358058809306465 252.05613435872397 
28.391279761904762 0.019522146641727533 133.84935620117187 
27.55364484126984 0.023164775683995338 172.08384415690102 
28.545945436507935 0.01687388351812584 161.98527071126304 
27.717573412698414 0.019765640079244966 157.14618644205729 
27.917111111111108 0.016930684136509902 202.06823364257815 
30.314151785714284 0.0333197177860141 97.68959973144531 
28.101927579365075 0.01659738279497626 210.76639379882812 
27.637279761904757 0.019441179060097746 166.28763427734376 
29.15765178571428 0.018922933579977562 117.06441312662761 
29.311720238095234 0.016133992528677008 124.83327250162762 
27.720777777777776 0.01631076454246044 262.9377267252604 
28.85428869047619 0.02771594028936325 116.75076928710938 
27.454861111111114 0.0180707588944398 199.47312756347657 
28.87861309523809 0.018284556473180655 123.26742248535157 
27.11683333333333 0.025953593526449086 200.698654296875 
27.550302579365074 0.03076592964237927 158.38693741861982 
29.996045634920637 0.01577886859945956 113.89641674804686 
35.36974107142857 0.010955851931568231 244.20026314290362 
32.19951884920634 0.01664735935151201 105.25810961914064 
32.36978075396825 0.01051318863093854 279.53901611328126 
31.91569742063492 0.014385810472484694 115.60565612792968 
33.4383878968254 0.010661361193057144 249.38698872884115 
31.19875396825397 0.01830880011916162 104.18075646972656 
31.044265873015878 0.020139127409458127 105.85795308430991 
31.5818253968254 0.015321926932778219 108.6450010986328 
31.34810119047619 0.02197306715544687 101.14706896972658 
30.18544146825397 0.022530876463338696 112.61293249511719 
37.98802281746032 0.009168752866923804 329.13819999186194 
36.14904662698412 0.00889045000462234 339.2431072998047 
33.064796626984126 0.01110732785036787 184.83827119954427 
33.52524503968254 0.010015486975774165 298.10653226725265 
30.156551587301585 0.013137194435060017 144.97071516927082 
30.373027777777775 0.0117786308502555 251.58048225911458 
33.01591269841269 0.011748231213092816 171.2130792236328 
28.780341269841266 0.01663341779308019 142.76898356119793 
30.21690873015873 0.01251430683398246 179.65309472656247 
29.88769841269841 0.01436831048274038 127.9681522216797 
28.99421031746032 0.0137357124056816 194.09243684895836 
30.43361507936508 0.013026550519969324 145.6218046875 
28.641269841269843 0.01549080996331199 164.50048970540365 
31.751443452380954 0.012799827953636645 130.13469189453124 
30.56905158730159 0.01136243257772551 222.40946252441404 
31.053575396825398 0.013506482254505158 121.88484973144531 
30.32061507936508 0.013937540718972696 127.48016125488282 
28.8731746031746 0.014860463050067437 151.56850325520833 
31.27861507936508 0.01209319266526401 139.5880811767578 
28.66584126984127 0.014271350346323106 207.8568123372396 
30.391329365079365 0.013149173689648496 138.25462622070313 
28.911055555555556 0.016190710045456896 137.9922657470703 
28.962935515873017 0.01430627775257825 169.31049532063804 
29.55132936507937 0.013936720953401167 146.13691475423178 
30.7658373015873 0.012748945788588359 139.84691455078124 
29.43331746031746 0.01297881072586774 169.52612825520833 
28.68176984126984 0.017718636819716506 140.25899743652343 
29.18251984126984 0.014574590471055346 143.44024947102864 
28.39184126984127 0.015821304124519237 181.84172591145835 
30.80700396825397 0.014791620258986981 117.46725207519532 
31.47009623015873 0.01146315950298311 193.5663293457031 
29.315009920634918 0.014596354655385002 140.50179610188803 
28.337186507936508 0.016778738048613046 176.1231717529297 
28.945341269841272 0.01669329786150154 132.9340615234375 
30.1280753968254 0.013434046966191385 138.39549572753907 
29.91945833333333 0.013517212582197036 153.9096640625 
29.461984126984124 0.013834623742043962 149.56427388509115 
29.196079365079367 0.01285013795551285 208.4668360595703 
31.942234126984125 0.011106994478758412 249.94335432942705 
29.77365079365079 0.013900633920967567 140.15606270345052 
30.45111507936508 0.014891876550897947 118.85647839355468 
29.194984126984128 0.015734546504612985 136.85118957519532 
29.249920634920635 0.015401638865709267 132.3129139404297 
29.57912698412698 0.0145657184360586 133.9697606201172 
28.49638293650794 0.018374116906490198 147.47205440266924 
28.856841269841265 0.01449181272497399 177.77890291341146 
28.381924603174603 0.014724710260834554 225.1285021565755 
30.494623015873014 0.013748111409783367 121.45728381347656 
28.667765873015878 0.013508483375277358 246.26672774251304 
29.05676984126984 0.013022818482663474 226.72059920247398 
29.60131349206349 0.016879052990838837 122.7651396484375 
29.89448412698413 0.01378040709912405 131.71621826171875 
29.040912698412694 0.01610614206981285 134.08195825195313 
28.669603174603175 0.01674073655867576 144.13490694173174 
28.600341269841266 0.01697175477668269 149.35054903157553 
29.846194444444443 0.016624883975353062 122.46678808593751 
30.229781746031744 0.01345832889503239 131.40712438964843 
28.534626984126987 0.0171655706846714 153.2538216552734 
29.689944444444443 0.01345422416299583 161.26291748046876 
29.559456349206346 0.011877089321579772 266.1602815755208 
30.24075793650794 0.015064273990239966 121.9660985107422 
29.09051984126984 0.015167029052432654 148.14385249837238 
28.725936507936506 0.014453779507145267 179.13888020833335 
30.099940476190476 0.013341551075145602 153.90032971191408 
30.314130952380953 0.012299149112463017 166.8621032714844 
29.71432936507937 0.012574883122965693 195.60023974609373 
28.55084126984127 0.01623063027219474 158.93953780110678 
31.225527777777778 0.011733842657621953 199.10331762695313 
29.01424603174603 0.014513754485115419 155.94705989583335 
30.976075396825394 0.012217746608778848 146.75618432617188 
28.79045138888889 0.01519254809021579 155.4459190266927 
29.466547619047617 0.013802699688956139 158.81124035644532 
29.281234126984128 0.01352677883973345 176.0420076497396 
29.89528968253968 0.015963211784288268 121.98059326171875 
28.91034126984127 0.016249782502338293 148.23385530598958 
29.003546626984125 0.014536954205002648 166.63883528645835 
30.687400793650795 0.01307363093250991 130.5715251464844 
28.652484126984127 0.016185010022386932 155.23619319661458 
28.435341269841267 0.016615766831696015 162.31117598470053 
29.27424603174603 0.014127886763509378 162.6331200764974 
28.876769841269844 0.016843091415431354 138.87669287109375 
28.880579365079363 0.01686010953497511 132.88137438964844 
28.678591269841274 0.014724563832283035 184.7431717122396 
28.782951388888886 0.01604259077724438 149.38887129720052 
30.31222619047619 0.01249907767502962 152.55037548828125 
28.677007936507938 0.015378111332353204 165.54064680989586 
28.88305555555555 0.014653509495403633 162.100219930013 
28.844269841269842 0.018287081859555118 140.0427783203125 
28.163710317460318 0.01448182824802025 275.0540592854818 
28.465341269841268 0.016003706559479223 172.22998067220053 
29.46720238095238 0.013636886822547758 166.29691988118492 
29.12176984126984 0.01612262250630555 131.69345532226563 
29.488912698412697 0.015612901351153872 127.09819299316405 
29.286587301587304 0.01394244630062579 155.36523189290364 
29.038174603174603 0.01538115126162394 139.03618880208333 
30.075123015873015 0.015504671222683033 120.18329650878906 
29.283105158730155 0.014819291712999344 137.58724458821615 
29.94143253968254 0.013587471179530033 145.86004174804688 
28.95545138888889 0.01577434298126398 142.9136045735677 
28.419841269841264 0.015263042786624279 196.97029219563802 
29.74640873015873 0.013435755466964076 156.28074450683593 
29.67125496031746 0.014294086693730206 136.68991451009114 
29.660361111111108 0.015936674896120995 126.24636926269531 
29.678956349206352 0.012072284083306793 200.42362056477867 
28.745841269841264 0.014282799717482164 207.62232649739582 
35.02204166666667 0.009722574164271348 351.4749241943359 
32.815685515873014 0.011975930166300386 184.06623665364583 
31.909764880952377 0.010492246261294932 324.96647005208337 
31.1828125 0.011894162289187315 213.49398116048178 
