38.13403968253968 0.00750883232675493 298.87963724772135 
31.312366071428574 0.013533475119158613 122.70831534830728 
35.63931845238095 0.005988698090907187 437.29678238932297 
37.013825396825396 0.007309639281179753 318.147258219401 
29.33746924603175 0.015060260315682736 210.73551554361978 
30.90702876984127 0.014642649572178715 132.65292553710935 
29.577187499999997 0.015164603984713568 202.21999438476564 
34.4183125 0.00923229345306382 233.90130765787762 
33.72154166666667 0.00764825861855969 326.7416149088542 
29.668258928571426 0.015396075393125439 190.5752478027344 
30.58652281746032 0.014859755813047316 148.58575642903645 
30.870535714285715 0.013382696060206742 144.9813837890625 
31.39738988095238 0.011445721844136707 168.9171905517578 
33.60018253968254 0.009714227126058182 211.9966730143229 
29.596453373015873 0.014298968282844868 191.6516072184245 
33.14100595238095 0.009407934711184344 228.7964462890625 
31.649285714285714 0.012111231973826877 136.32962109375 
30.16869543650794 0.013904058358516543 163.75266662597656 
33.49710218253968 0.008974935594484203 261.1279255777995 
29.771325396825397 0.011894622648771851 241.68796044921874 
30.44534623015873 0.010894281968440866 251.82618924967448 
33.82509821428572 0.008762236231848599 246.34550052897134 
31.23866071428572 0.01268510613557324 131.27264111328125 
32.200902777777785 0.0117916224912964 146.91802856445315 
31.94877380952381 0.01056457305817306 186.6011038818359 
30.511622023809526 0.012856088809784501 172.9500342203776 
37.48882539682539 0.00710593333169446 333.9269520670573 
33.33048214285714 0.008997246759530146 259.7550629882812 
30.620494047619047 0.014517988949563344 147.6446622314453 
31.454081349206348 0.010474489532709134 253.96102591959635 
32.07556944444444 0.009914313807781768 224.01705871582033 
31.110848214285717 0.013310860487505793 128.67605900065104 
32.230738095238095 0.010199873355325326 192.65919665527343 
33.0736746031746 0.009043743880834421 245.60728202311196 
30.82971626984127 0.010619181000139569 226.47712064615885 
30.091056547619054 0.013605904093444341 172.15193920898437 
33.43763293650794 0.009211628825958822 237.08824784342448 
31.01483035714286 0.012277688200637684 163.28788932291667 
32.270519841269845 0.009355468254890306 255.42352945963538 
30.358675595238093 0.013189750545009985 166.5084141845703 
32.98987996031746 0.00892347584989294 265.49790311686195 
31.74425 0.010027000141441821 217.3104061686198 
33.253521825396824 0.00927307452344893 239.9750948486328 
31.609721230158733 0.009496575131580236 255.6042510172526 
29.80841765873016 0.01405420305602254 186.54136905924477 
32.00154265873016 0.009604587501212942 244.88641857910153 
29.964261904761905 0.012365635482337338 220.75530310058593 
31.567723214285717 0.012518010670896623 137.23399145507813 
32.35568452380953 0.008888307533081622 304.93192911783854 
29.628774801587305 0.016298949197098643 176.88947062174478 
30.720639880952376 0.013106723751068111 153.1882464599609 
31.19241071428571 0.0127414950929545 135.4585362955729 
31.525559523809523 0.010274413699921221 222.79162451171874 
32.70253968253968 0.00946617737170682 238.20324645996095 
31.059260912698413 0.013567009609103198 138.697740234375 
30.575698412698415 0.01158183895295485 209.3914984130859 
32.03252976190477 0.011174100048657511 182.22300211588544 
30.961323412698412 0.011258749954994757 184.37252185058594 
31.17308035714286 0.013391968628108486 124.44455590820313 
32.1270634920635 0.01164271478449926 147.17687670898437 
31.811785714285712 0.011968181056674571 158.95372977701822 
31.285223214285715 0.013455638471484194 124.04683666992186 
31.837827380952383 0.009748259603526436 249.38691166178384 
29.805580357142862 0.01608463577324154 157.6325897623698 
31.887871031746027 0.009834036791980263 242.24081705729168 
30.944080357142855 0.014201171369016188 132.00433422851563 
31.08938988095239 0.012952299677297477 137.43502709960939 
31.97009325396825 0.009968321204777805 231.26456286621095 
32.13499404761905 0.010351269578751165 204.3317540283203 
33.43433928571428 0.008805010598894209 261.9492864990234 
30.232366071428572 0.013977351160343748 161.03943957519533 
34.87074801587302 0.009315038707196702 230.4375091552734 
32.95090178571429 0.009799514537271122 218.3472685953776 
31.837375992063492 0.012582360558774328 128.87475634765624 
30.982642857142856 0.011346252528369422 178.31466052246094 
29.580084325396825 0.014591752712633455 194.27685034179686 
30.798318452380954 0.011141404645010827 227.83376078287762 
30.569135912698414 0.012521876227423548 219.4417013346354 
29.565997023809523 0.016371969631969956 173.80765958658856 
31.25349603174603 0.011008628457948559 205.48870288085936 
29.645580357142858 0.016028734906017767 173.35435489908855 
32.80442857142857 0.010114222926344738 195.8494580485026 
30.616547619047616 0.011380438097357736 207.10962760416666 
32.08720634920635 0.010288847851898533 208.536948038737 
30.65994543650794 0.013794490252062683 148.8465087076823 
30.69657738095238 0.013768886602964256 155.22226542154948 
31.370946428571425 0.011078595226764682 196.73753063964844 
30.00328869047619 0.013246831322308625 191.86324645996092 
30.209007936507938 0.013030781239211559 175.3462739664714 
32.76417063492064 0.010730671838089813 169.52940604654947 
31.6110505952381 0.012196851207852372 151.3325860595703 
31.34724603174603 0.011284717641159894 181.12636181640624 
30.78130952380953 0.012796941272761684 149.52982910156248 
32.38251388888889 0.00999531106090173 215.06755814615883 
32.20063888888889 0.010808643913626657 180.17805444335937 
31.83513293650794 0.010373076392769829 200.62169596354164 
32.433257936507935 0.009979537646338346 216.70219303385414 
31.18978174603175 0.011993346961703141 169.9151923828125 
32.09475198412698 0.007138182984706015 440.29769637044274 
31.656582341269843 0.024156502536829515 103.55279028320314 
35.82695932539683 0.008662386626210055 231.35574833170574 
27.620315476190477 0.026762612621750687 263.6309932861328 
29.8715625 0.026824204231739025 119.08566809082032 
34.08667361111111 0.00583642240163311 440.24263570149736 
34.86349206349206 0.006181041242446752 417.0154931640625 
35.28025793650794 0.006634441861808301 374.17460213216145 
32.69296825396825 0.0067218756976686455 423.0051963704427 
35.427506944444445 0.009182308299239725 207.5519003092448 
27.89407936507937 0.022854056909739944 262.81194453938804 
33.59959126984127 0.006909187611844389 361.9003330485026 
30.277574404761907 0.02615329384824262 111.28712463378906 
35.53265972222222 0.009540632860418402 193.7934452311198 
31.72739087301587 0.00728099790966138 399.363421468099 
35.73975099206349 0.008503026162087923 241.72775174967447 
31.606410714285715 0.007989920086082073 384.89196761067706 
28.536572420634922 0.025988888263925876 146.2284626464844 
32.320347222222225 0.008259869966026403 310.8025631510417 
33.73934523809523 0.006993712139070031 336.9103653157552 
33.2197619047619 0.006366857507690787 382.31920760091145 
29.405223214285712 0.024281645606994643 131.07178430175782 
32.99143253968254 0.006758842641111461 396.0274972330729 
33.380158730158726 0.009717070202291015 224.96931412760418 
28.588655753968254 0.025438706337418425 145.48844409179688 
27.685089285714287 0.021840163092896322 273.37428499348954 
29.20374503968254 0.01627907643881067 185.31290279134114 
34.81925099206349 0.007953188675489276 271.25316263834634 
31.065193452380946 0.019608945558831116 112.3005330810547 
34.675535714285715 0.007462847297247501 318.2757231852213 
28.056891865079365 0.02048264854517205 236.6125515950521 
30.613894841269836 0.010129812496718021 328.2684399820963 
32.02612103174603 0.023587781122740327 107.53518371582032 
32.710411706349205 0.006726721202280376 407.8887977701823 
30.968050595238093 0.024972292514502985 109.02549300130207 
32.525775793650794 0.006759067854251713 407.94300996907555 
34.582410714285714 0.007237710487604143 324.05977652994795 
34.38059523809524 0.006325070888757704 379.4735493164062 
30.578625992063497 0.020128114503320336 126.01745576985678 
31.413925595238094 0.009064261150952428 342.79068131510417 
29.28520337301587 0.023432497359957533 136.4552187093099 
28.2636378968254 0.0206207438030243 230.22861739095055 
28.88479861111111 0.024714713161584002 140.15519283040365 
30.23885416666667 0.022554358825083828 115.58446130371094 
30.75741369047619 0.010081351394321775 298.66835453287763 
31.832571428571423 0.007173292942937464 421.5657070719401 
30.920163690476194 0.01994945099016648 116.43930891927084 
31.194992063492066 0.008462406806167217 369.884606241862 
29.37659226190476 0.01347532571552695 203.9167186686198 
30.67924107142857 0.016808881724890354 129.94485510253907 
34.650595238095235 0.006739734711885455 350.3208325195312 
30.178754960317463 0.01655335923358426 136.82978556315103 
34.98925099206349 0.00831644647477567 245.10759195963539 
29.54707837301587 0.02396768933600186 123.62527522786458 
28.45215773809524 0.020857459812387853 184.6564865722656 
34.0021378968254 0.006763551665898412 365.7170601399739 
35.033090277777774 0.00809134270354733 259.5478385416667 
33.6669246031746 0.007057416386544705 338.3582455240885 
28.141683531746033 0.02374834686750173 174.71495552571616 
32.84616765873015 0.007114830724205821 356.6729667154948 
27.98258333333333 0.020917253795083586 274.0563150634765 
33.24612103174603 0.0083952952542305 273.15212573242184 
31.907475198412698 0.007836472808346148 346.20998819986977 
30.71444642857143 0.010830176093339925 248.85707194010416 
32.771485119047625 0.009964519133493301 215.18623132324217 
29.616860119047622 0.017523332653697567 148.9350959472656 
28.731919642857143 0.025135859327521153 159.6769602050781 
28.75943154761905 0.021351823615953343 177.15274279785157 
28.857127976190476 0.018577929135918634 168.34739884440106 
29.09371726190476 0.019470633806433553 165.9336778564453 
29.90701884920635 0.021264217966780057 128.0291768391927 
34.16893849206349 0.006981809172391895 352.6077511393229 
29.764451388888894 0.013280899118777367 217.73083435058595 
29.358429563492063 0.022728115288015476 138.34668990071614 
28.93229861111111 0.02230967807617407 153.2631858723958 
29.142229166666663 0.01917675454780085 158.33877746582033 
32.63426587301588 0.007560974385138602 332.108687906901 
29.682346230158725 0.02203222692635279 135.15242036946614 
28.184282738095238 0.02302563650012015 195.56100122070313 
29.89159523809524 0.01312546921984851 226.1556073811849 
31.004241071428574 0.009486355802472684 286.7506103922526 
33.91153273809524 0.008194029280837631 266.986541788737 
28.82003472222222 0.016938298202022892 179.30411743164063 
30.16427083333333 0.021548570660591158 122.09759395345053 
30.524543650793653 0.011403182497605692 247.6197247721354 
28.56855853174603 0.017642129299402263 210.9828426920573 
30.271157738095233 0.0157564569630623 142.84782080078125 
30.17050595238095 0.020360882659778 133.75568505859377 
29.533735119047616 0.017163230990633355 155.4473780110677 
28.62441964285714 0.018694954855557507 181.42686108398436 
28.69946130952381 0.02537461779719592 156.24459541829427 
29.438883928571432 0.013265057193305346 239.70874348958333 
28.397725198412694 0.019069364734828474 212.5677092285156 
31.894598214285715 0.008186579315230248 330.23189725748693 
33.12886607142857 0.008439133213222028 287.30601505533855 
28.77049107142857 0.017777513039693223 172.66234790039064 
32.89313492063492 0.00928399460237845 255.01604093424478 
30.48657242063492 0.01571336465620996 143.89209631347657 
28.490447420634922 0.01801849584341051 231.82695764160155 
35.14861607142857 0.007317226600870487 314.16640315755205 
30.983447420634924 0.023948134014829998 104.23791333007813 
33.98846726190476 0.009521065847720958 228.46771472167967 
30.577499999999997 0.019411529381092623 132.7279288330078 
32.83729861111111 0.008599300605893138 295.20727982584634 
29.900749007936508 0.019773349099993738 141.18993029785156 
34.51011904761905 0.006881259453799575 355.20335770670573 
31.526334325396828 0.008864676539894189 316.27167215983076 
34.47099206349206 0.007536798750814049 301.9713057454427 
32.99937003968254 0.007422233915980904 333.7740702311198 
31.35471031746032 0.007679619797751308 396.91794706217445 
33.51029265873016 0.007697456973493101 305.1041017252604 
28.48845932539682 0.01837150335237009 213.6690694173177 
28.816770833333333 0.023270100482251532 158.1204493815104 
28.83090773809523 0.017941143270399397 171.92232934570313 
33.4400744047619 0.006783641423210497 371.54997981770833 
29.341800595238094 0.018934612544890515 151.25783178710935 
28.958196428571434 0.015165255044814216 194.07671984863282 
31.71768353174603 0.009314093284871436 290.2669053141276 
30.186686507936507 0.01167580194335802 265.26866385904947 
34.17476190476191 0.007578105183541771 308.7232499186198 
31.29061011904762 0.018157502143349512 114.45289729817708 
28.08626488095238 0.023323720594402398 223.9581051025391 
30.115381944444447 0.015421478354450308 150.02228828938803 
34.923973214285716 0.007337885768175123 300.375119547526 
34.0969246031746 0.00750017995056137 324.0204679361979 
28.317864087301587 0.02119642976188661 223.4984884033203 
30.876957341269843 0.010293732788380229 255.30085282389325 
28.865919642857143 0.01892629510515928 167.9332733154297 
34.03772321428571 0.00759067790126801 304.34781022135417 
29.04041170634921 0.022133563362803345 159.99936360677083 
30.07170138888889 0.02220340010581915 120.15269604492187 
28.34731646825397 0.01820430703219398 240.0626584065755 
33.03420634920635 0.009005198566433044 258.84276843261716 
28.410383928571427 0.021081700360324238 200.4406153564453 
32.0044742063492 0.008934520115252578 268.9881973063151 
35.10382638888889 0.010324753293976177 179.82725252278647 
33.509727182539685 0.008362400002241135 277.1028133951823 
30.419460317460317 0.010003366679694505 380.33382438151045 
31.56034920634921 0.00918313727998733 306.8686339518229 
30.301617063492063 0.011663351536985493 261.3271552327474 
34.24653571428571 0.007791762577559795 292.63953434244786 
32.11524007936508 0.00877500795231759 320.8320713704427 
28.46519345238095 0.024782739182114606 160.50752384440105 
33.08861111111111 0.008452093452628696 296.10888688151044 
28.663050595238097 0.023787400263607487 160.40054321289062 
32.356180555555554 0.00932110796599089 240.73311429850258 
34.331785714285715 0.007630977790053936 291.49309452311195 
30.053263888888885 0.010873769011791792 339.4626671142578 
29.50154464285714 0.0178879036709517 146.5683916422526 
30.146760912698415 0.016166374431367952 147.62814200846353 
31.493350198412703 0.011007779978927223 217.57298954264323 
29.97265376984127 0.014677175587877614 165.0833036295573 
28.331475198412697 0.02162956544780734 193.40078771972657 
28.71403670634921 0.015512026047822088 235.70332161458333 
29.168883928571432 0.017302125912293787 165.4747109375 
28.917270833333326 0.014641752094030371 214.09447981770833 
32.37448412698412 0.007371573651969429 384.5125222981771 
30.43070535714286 0.011448781657159332 268.0817673746744 
29.83748511904762 0.014807028757616861 155.24972814941407 
34.08240079365079 0.007990189814031125 269.7358498535157 
32.445012896825396 0.008658968519553535 282.80563248697916 
34.3718125 0.008526188901927313 253.00365409342447 
32.77380158730159 0.01676481371804698 109.7502957763672 
35.80377182539682 0.010016988620921968 192.73026676432292 
36.17986309523809 0.009038603717949253 226.52250870768228 
34.067305555555556 0.006317794594630601 419.28244018554693 
32.85555456349206 0.00650046146796644 431.9669358723959 
33.42678174603175 0.007758288266599175 331.05065905761717 
33.11056051587302 0.014659579429026704 121.19177746582031 
33.42032242063492 0.015450684594869587 112.98411157226563 
34.375881944444444 0.007499997406467796 318.6641270345052 
32.53322123015873 0.006591019139870998 436.506506266276 
33.908858134920635 0.008142273810967807 290.65144327799476 
34.72921527777778 0.009470334678888316 214.86648649088542 
32.10028968253968 0.015728572048902534 118.9046229654948 
33.178332341269844 0.006040146687772127 434.47414603678385 
33.618072420634924 0.014963855174943785 119.23890698242187 
33.2505615079365 0.007366875385269524 350.62805403645837 
34.934038690476186 0.007091114132519813 334.3088163248698 
32.0140992063492 0.01791025810824333 110.13132934570312 
33.362133928571424 0.006949149786796423 376.240784383138 
36.104146825396825 0.009914277992174043 190.69595157877603 
34.46763194444445 0.0074822929131053385 322.6896748453776 
32.6890119047619 0.00803651702835783 310.9937078857422 
30.616689484126983 0.01073919001412019 278.12786686197916 
34.85617361111112 0.010260813153982168 180.93724552408855 
31.9383998015873 0.009799825054645534 247.23941186523436 
33.587421626984124 0.006994370429631318 358.840098429362 
31.041316468253967 0.009464579901095487 271.2888206787109 
31.590146825396822 0.008763935661613941 350.8660548909505 
34.26143551587302 0.010083575175940988 204.12972269694012 
32.24319642857143 0.00890272859033569 304.2270013020833 
31.57028968253968 0.009459040064573297 259.95368725585934 
33.573723214285714 0.007310313218947496 355.93109985351566 
32.72124900793651 0.007192534360513088 395.92203971354166 
30.12411111111111 0.011454000288233155 274.06536067708333 
30.71979365079365 0.010494637860938901 288.3264658610026 
34.9608869047619 0.007952758853044362 286.25061771647137 
32.802060515873016 0.01599227040795984 114.87272229003906 
34.21035416666667 0.009145377271916725 242.1343173014323 
33.8130625 0.00848897114335001 255.73935319010414 
27.15641369047619 0.03926318982070686 331.85352604166667 
36.473077380952375 0.01099336503263934 168.95559818522136 
27.29300198412698 0.043599281159207234 280.5683934326172 
29.110503968253965 0.012712225218471138 421.846935139974 
27.44089880952381 0.04196241261845452 288.17059427897135 
27.338984126984123 0.0411853483995758 293.22452014160154 
30.05736805555556 0.010221397508069871 429.08460660807293 
29.519682539682538 0.012670787759985782 386.08996284993486 
27.30002083333334 0.029612561703171565 328.24977237955727 
27.3834126984127 0.022668241311307978 348.8435749104817 
27.546225198412703 0.028177855812218024 317.71398425292966 
27.35809126984127 0.04023445570453631 299.36531750488285 
27.985342261904766 0.01991113289281352 337.93134598795575 
29.761152777777777 0.01253685468580946 368.1799567464193 
28.31409325396826 0.016989891470313073 378.2711088460286 
28.95022619047619 0.012856511497255415 406.778747639974 
27.59249603174603 0.040006674222793435 242.7307100423177 
27.682821428571422 0.03834449394719301 262.4627296549479 
27.29237103174603 0.028553834399785833 373.9524697672526 
27.58020436507936 0.027746293442066743 305.70185453287763 
27.487412698412697 0.03004770623736085 295.7615638427734 
27.722237103174603 0.02018549050590023 403.99627893066406 
27.317058531746035 0.027043713370408846 373.0833203531901 
27.649547619047617 0.0391064886265844 245.91075427246093 
27.790530753968255 0.02059563937918841 315.4078381754557 
28.236568452380954 0.014796835187315949 409.6236759847005 
29.291349206349206 0.013096786081489181 371.5249706217447 
27.99879960317461 0.018192156737446775 393.63393273925783 
28.9118998015873 0.013609336724098767 328.00158605957034 
28.212821428571424 0.018121719935461876 363.2267238769531 
27.38881051587301 0.040012971717581156 304.3803513183594 
28.231923611111107 0.019534386736690994 313.71853898111976 
27.458904761904762 0.0391887291020006 291.8617149658203 
27.447454365079363 0.021982140592694266 356.3176051025391 
28.49317857142857 0.016258455832120024 394.9815102132161 
