29.64118154761905 0.013266645265784121 168.19450297037764 
29.145185515873017 0.011380152093827723 231.85630167643228 
29.883065476190474 0.012325644061625004 165.32633801269532 
28.798783730158732 0.013082689766880132 207.92147058105468 
29.306483134920633 0.011397485354483131 216.51842484537758 
28.807569444444447 0.012452336554095151 218.0240573730469 
29.31611408730159 0.01079160711979493 233.39129105631508 
29.506324404761905 0.011417815016057353 199.5579881998698 
29.337723214285717 0.01909283241212371 150.3715517985026 
32.26679166666666 0.01130177046822011 139.83638403320313 
28.993422619047625 0.01215518607458101 200.7865829264323 
28.59012599206349 0.012598439612552512 246.9626795654297 
29.20341369047619 0.01907114850991964 180.8680330810547 
30.23326488095238 0.01332892357246579 140.9590604248047 
29.51374404761905 0.02067914332514999 144.33244376627604 
29.60549107142857 0.010832122559234492 226.46012845865886 
31.02033035714286 0.010970262473881227 164.4360526123047 
28.8403125 0.011608166032359004 246.4290431315104 
29.483422619047623 0.0120179743566513 180.93547436523437 
28.435340277777776 0.015422147868797179 233.34830912272136 
30.158994047619046 0.01976567710690199 127.81020703125 
31.618354166666666 0.010835119801446809 158.48851098632812 
29.24308630952381 0.013208211659606544 182.36814469401043 
30.134745039682535 0.010727600140716876 202.27821618652342 
33.63292956349206 0.009144273396696889 206.03460156250003 
28.58772718253968 0.019560434240605662 230.30461901855466 
28.53462599206349 0.012194075485225771 254.76022790527344 
29.012776785714287 0.013214283429741855 198.65850146484377 
30.424440476190476 0.012643385603368282 144.19758349609376 
29.02658035714286 0.02052900579225644 157.64736328125 
28.679021825396823 0.013700536522027107 196.16246533203125 
30.022752976190475 0.011576849596559993 178.67966556803384 
29.883220238095237 0.013223896028246727 151.90928601074216 
30.67076388888889 0.013303806616183366 119.94601497395834 
29.560472222222224 0.01354726171329244 151.30906660970052 
31.19793055555556 0.012940756424650552 106.73775219726562 
31.081555555555553 0.011846810151305037 127.4763671875 
32.72859424603174 0.008932492704972634 224.72138484700523 
32.947493055555555 0.011028339047655471 138.42478222656248 
30.22468055555555 0.009770279269382369 231.47667647298178 
30.927073412698412 0.014184124364670345 93.08854248046876 
30.42346527777778 0.009342226174291219 253.75825528971353 
31.436243055555554 0.009304296746965495 209.7298584798177 
33.58166468253968 0.010389745810493848 152.3402918294271 
29.775118055555556 0.012469828630652274 157.83193017578122 
30.078198412698413 0.012470115837693196 145.19105505371095 
33.08313888888888 0.012066794930513939 111.9285224609375 
33.523805555555555 0.010029114219769831 165.92852669270835 
30.208743055555555 0.010015259993955484 213.21750752766928 
30.09978472222222 0.011070801277324559 183.18533386230467 
30.955576388888893 0.008760129678010948 254.60062447102862 
29.58537996031746 0.010317119395002721 230.82844181315104 
30.605135912698408 0.00892542667403445 271.32241068522137 
32.28718055555555 0.010511918504234413 149.38423189290364 
31.874805555555554 0.012065582550704486 117.55308874511718 
32.82622222222223 0.011919288169667128 118.40497521972657 
30.199368055555556 0.010427460929617296 192.65758919270831 
31.43049900793651 0.009646441604163496 206.19601436360676 
30.299618055555555 0.013205464262127875 131.30810860188802 
31.797868055555558 0.010131063559815277 168.3475052490234 
30.174131944444447 0.013672619461715227 119.69783203125 
31.409635912698413 0.008180531055197124 297.54699275716143 
31.18284027777778 0.009989820001866658 184.74857259114583 
32.24884722222222 0.010132414897918683 160.5431875813802 
32.449013888888885 0.01241215045746789 105.96961499023439 
31.095201388888892 0.011387237337395544 141.5141415608724 
32.94599305555555 0.009165843475744114 198.83079781087238 
31.685930555555558 0.011575360403951237 132.54291149902343 
31.402465277777775 0.013635668362494562 98.29569702148437 
30.233118055555554 0.011482825473304844 164.3488319091797 
30.707305555555557 0.011952186720784772 140.80978942871093 
31.089388888888884 0.012336784405078741 117.34620275878908 
30.723326388888886 0.00829253673648834 306.29482425944013 
31.85565972222222 0.009261019329871972 209.42873449707034 
32.37068055555555 0.01122767369171606 135.22874243164063 
30.45624007936508 0.014024339399900273 109.59167724609374 
30.587368055555554 0.010916504234075562 166.31415563964845 
30.63055555555556 0.009776026582565153 212.45410449218747 
31.107805555555558 0.010885321971770391 152.50004736328125 
30.805868055555557 0.013697951978441352 107.89768098958334 
33.80290972222222 0.009461571883674719 187.04448640950523 
30.711888888888883 0.012840633209940045 132.60840083821614 
33.09406249999999 0.008479102808203558 248.5608556315104 
30.060534722222222 0.01200409076493604 159.2562908528646 
30.647448412698413 0.021208879660215237 109.5289677734375 
29.705305555555555 0.01066006345909461 212.37933451334635 
31.845055555555554 0.012622643717989318 106.38577392578127 
29.65190972222223 0.013990015027280912 135.64379707845052 
29.596722222222223 0.011163908300664287 208.82232023111982 
31.714888888888886 0.010507855108246204 156.28091088867188 
32.988638888888886 0.01146889779901131 124.7524521077474 
29.809680555555552 0.00992705243736505 249.54285786946613 
33.651112103174604 0.008835722867906102 210.4273763020833 
31.686763888888883 0.011037436599716547 142.2142520345052 
31.94572222222222 0.009777163705077013 180.6507176513672 
32.240993055555556 0.009940461421456184 174.83640612792968 
29.25157638888889 0.015856598260071124 165.70178731282553 
30.756243055555558 0.010012718675136556 198.70497603352862 
31.142527777777776 0.010399736085772526 169.78055456542967 
30.504805555555556 0.011366694612264649 156.75146032714844 
29.744904761904763 0.008898969928190108 313.07899735514326 
32.13057837301587 0.00877467992966996 228.7929189860026 
33.66859424603175 0.009517546339988709 182.66940144856773 
34.448832341269835 0.008147639326062054 244.25192252604168 
30.807990079365076 0.01146589808684214 156.28667932128906 
28.65757142857143 0.011157621707484138 252.98381620279946 
32.857750992063494 0.008506537649795403 241.18470548502606 
29.291330357142858 0.010465296341534706 244.79564916992186 
32.065375 0.009171516093816615 211.81587565104167 
33.219608134920634 0.00785071945095062 268.49670548502604 
28.94614087301587 0.009742260630425072 306.3696396891276 
30.2216498015873 0.011177271153297261 169.0746486816406 
33.15841369047619 0.006811251299079507 357.91805004882815 
31.573010912698415 0.011387139439877108 138.62139245605468 
30.598300595238094 0.01023889152841271 184.52153259277344 
30.270775793650795 0.009861169116735468 219.81528161621094 
32.66583035714285 0.011410250847753127 132.25176879882812 
32.74720535714286 0.00974643857353925 177.04290405273437 
33.648903769841276 0.0075080470886677506 295.01056103515623 
30.315776785714284 0.009223478768523776 269.0122959391276 
30.61116369047619 0.009887181003257625 208.05406184895833 
30.725073412698414 0.010576315039511763 170.22542041015623 
31.00287896825397 0.012287234224524329 131.24261218261717 
30.972689484126988 0.00824715304669366 294.73083764648436 
31.989010912698415 0.0096007129449211 186.96495178222656 
30.608363095238094 0.00948016216778754 222.45563346354166 
32.06001091269841 0.011697909490373002 130.70336059570312 
31.28943452380953 0.009859227453019469 189.7515733642578 
31.666455357142855 0.012210931684639282 124.0502999267578 
30.372363095238097 0.012467353643700493 145.75034391276043 
30.78928869047619 0.011898954071566475 141.81062170410155 
32.224120039682546 0.008388360644266015 253.89854264322918 
31.62761904761905 0.007950640571877356 292.28040665690105 
29.19659920634921 0.009435152331855141 274.4974348551432 
33.74603869047619 0.008937447969760752 207.70372884114585 
33.50417757936508 0.010059419250428666 167.6511436360677 
32.300677579365086 0.01119365327280387 136.33784521484375 
28.787633928571427 0.01045800167676433 281.36491532389323 
32.60702480158731 0.006874895911660048 356.59803491210937 
31.361372023809526 0.009086160393800584 222.29183898925783 
29.034956349206347 0.011776809830233449 205.79167313639323 
31.039786706349208 0.008723673280239111 251.1037297770182 
28.797545634920635 0.010692719975277768 255.63978552246095 
32.86793154761905 0.007277027010843156 322.0388093261719 
29.44699503968254 0.009355890071090316 280.5566008707682 
29.698566468253965 0.010400997073050597 215.09100842285156 
29.669904761904764 0.010885982058286668 199.1516797281901 
30.716747023809525 0.008140790008302782 334.24328442382813 
32.16123809523809 0.007524647165700789 331.0888342285156 
32.458237103174596 0.007935649965047833 265.16606974283854 
34.52174900793651 0.008495760031040763 222.96747884114586 
30.25970932539682 0.009556948711629955 235.67367370605467 
32.91859424603175 0.009380773030366735 193.24238358561198 
31.824260912698414 0.008406679309844964 263.1387756347656 
30.826133928571426 0.009218579128798098 229.71650321451824 
29.63666865079365 0.009257375560667372 271.4061728922526 
29.658156746031743 0.011720855559851974 169.01603576660156 
29.33284523809524 0.010851538540408014 219.78499609374998 
31.297246031746035 0.008132773536667224 316.52892517089845 
31.099483134920632 0.010153440163418657 170.54363757324217 
29.897613095238096 0.009872950798273097 236.38287137858072 
34.694249007936506 0.00951331132119523 186.02469881184896 
32.73667757936508 0.010327854218479256 157.58811267089843 
29.811779761904766 0.011223388236090528 184.48502616373696 
32.8791498015873 0.008838518187519174 215.51243404134112 
29.193295634920638 0.010065827838744957 251.28765625 
31.447217261904758 0.008690843166276822 244.52538248697917 
29.35385119047619 0.011638552382584674 189.22430822753907 
30.3264623015873 0.011608906587626788 155.5886993408203 
30.641399801587305 0.008860976179525262 285.7036712646484 
31.45373313492064 0.009569712652709342 201.0728096923828 
29.623613095238095 0.009768260195907201 259.3122425130208 
28.863176587301588 0.009346165080334982 306.6561788330078 
32.042010912698416 0.010056920748766508 172.99481233723958 
30.152816468253967 0.01061615231245382 176.39849348958336 
30.355017857142855 0.010262923091258857 198.8484997558594 
30.810060515873012 0.013057405171677472 130.75728161621095 
30.63692956349206 0.00848079437702894 343.3414337972005 
31.63243849206349 0.008277054300662124 292.21826481119786 
30.653447420634922 0.00904203196780383 260.6354324951172 
28.90498908730159 0.011993100433703505 221.15945271809898 
31.143849206349206 0.00958961129562556 217.53061206054687 
30.622967261904762 0.008726868233796207 312.400202351888 
30.192635912698414 0.008310133525416262 346.6260057779948 
32.117673611111115 0.008888577998444433 230.9299874267578 
28.637051587301585 0.012350913730557994 229.77658353678385 
30.493680555555557 0.008980311876740312 280.92724776204426 
28.567249007936503 0.011626371185090386 255.04100240071614 
28.643854166666664 0.012833870245501403 215.11552518717446 
29.36414384920635 0.011563744668181978 199.5062090657552 
31.45754265873016 0.008523404291536649 267.26267032877604 
29.05289484126984 0.013570796734448522 184.16292362467448 
28.714743055555555 0.011050065277632337 275.18167635091146 
30.89037003968254 0.011357428965177396 154.90697810872396 
29.7792380952381 0.01132760363846645 199.08776949055988 
29.405283730158732 0.012767756368383749 175.10368302408853 
29.839017857142856 0.01163378625183924 181.44843237304687 
32.14735119047619 0.00755219964995608 341.19594706217447 
31.145590277777774 0.008622917700912808 291.6548644205729 
29.429593253968257 0.012456350205656146 177.11881962076822 
32.8022748015873 0.00950299922078848 191.90948368326823 
30.89081349206349 0.00824168949759007 333.41549963378907 
29.691028769841274 0.010819737351235006 212.4708049723307 
29.057151785714286 0.01222205691691859 196.22716385904948 
32.152319444444444 0.008424322741314777 252.51696154785154 
32.02346527777778 0.009566842562198653 209.31376786295573 
32.67812301587302 0.00897759420251847 216.9118242594401 
30.117373015873017 0.011060945975836374 196.71050366210937 
30.116738095238095 0.011512663873191909 181.4239470214844 
30.485934523809522 0.010174930474147203 212.56363594563803 
28.62435416666667 0.012137818219210941 251.23497639973957 
30.32599702380952 0.009057283963918685 299.4343556315104 
28.929917658730155 0.011678657841887327 237.63271480305988 
31.37820238095238 0.008854899576842771 238.62289013671875 
30.044122023809518 0.010135283805072306 234.8897869466146 
29.471743055555557 0.009164195523858068 352.3080455729167 
31.377986111111106 0.009649543793365349 207.25047351074215 
