29.193842261904763 0.02490846031999586 172.50546032714846 
29.210662698412694 0.03706335299667337 150.73182592773438 
29.53899404761905 0.03386190673663842 147.971517578125 
29.79653869047619 0.052413146520521446 143.18967309570314 
29.700849206349204 0.02737315389063582 151.43911840820311 
29.823006944444444 0.03811430483427276 133.09562890625 
30.69926488095238 0.012095119987245653 249.48001232910156 
29.70361706349206 0.019175354397892933 148.3101193847656 
31.23569940476191 0.011769995347555724 249.77228092447913 
30.23439781746032 0.015146355590760694 170.5197415771484 
31.76010119047619 0.011545797501668335 228.98561075846357 
30.39682242063492 0.014028677174136039 162.73261877441408 
31.090801587301588 0.012522197170700891 176.19974088541667 
31.448556547619045 0.03863213693825897 108.29165441894531 
32.27378174603175 0.011881005786117161 207.0163934733073 
31.570623015873014 0.013097958196517065 171.45418664550783 
30.772679563492062 0.014757010200262061 147.25129626464843 
31.499358134920634 0.01368459169721232 153.49701733398436 
31.0773869047619 0.01430156468527021 141.0009607340495 
30.64429265873016 0.020788609420418734 114.94526440429686 
31.078979166666663 0.019535962466295808 112.22949401855467 
31.36848511904762 0.014337203787233677 125.57120072428384 
31.19949702380952 0.015126509731110202 121.46034619140624 
31.22035416666667 0.017642771698739384 111.21255163574219 
28.73642261904762 0.016104780953988436 194.63302372233073 
28.63359623015873 0.0255415678744167 196.23086372884114 
28.760971230158724 0.02853301983380317 180.3518468017578 
28.98461706349206 0.015524726769685738 196.60840596516928 
28.914408730158726 0.016386061274990458 180.9642538655599 
28.891965277777775 0.021070680241700262 192.25141503906246 
28.95009325396826 0.024108622633159126 177.41492549641927 
29.062644841269837 0.028046682469412654 168.7732345784505 
29.177223214285714 0.04286450806646051 161.30211022949217 
29.336621031746027 0.01500856152480469 211.46748681640625 
29.148783730158733 0.015103818434026079 183.43287459309897 
28.9773253968254 0.016285646657332793 174.3866545003255 
29.203999007936506 0.01865820821225643 167.2825263264974 
29.23249603174603 0.02411502105474471 163.19742061360677 
29.46718353174603 0.02823517131909355 157.3399219563802 
29.75561706349206 0.014123043083544826 219.6734500325521 
29.379867063492064 0.015390342663168893 173.08340108235677 
29.208617063492063 0.01544636748516559 164.86738423665366 
29.30951984126984 0.016357067137286053 158.06458345540364 
29.580561507936505 0.024649137627765542 154.41712227376303 
30.098255952380953 0.013896988032221802 218.3605321858724 
29.800561507936504 0.014671397569831462 191.68120918782552 
29.499033730158725 0.01594005662254988 158.4909179280599 
29.625561507936503 0.017274223475571705 154.6008048909505 
29.718825396825395 0.018802957790758443 150.2135127766927 
30.81801190476191 0.012745103501066576 235.52568786621094 
30.05989484126984 0.014466951681938026 186.88708430989584 
29.768061507936505 0.015697314662277702 152.13811299641927 
30.262555555555554 0.013174486948788163 181.45462447102867 
30.340331349206348 0.014906720771010965 175.68016845703124 
30.147575396825392 0.01613416715374218 148.7890196126302 
29.949589285714286 0.016619080724980695 138.46316792805987 
29.840769841269843 0.017226374371107696 124.98872603352865 
31.518192460317458 0.012357786433383816 211.21455041503904 
30.208228174603175 0.016137000153359043 137.85712544759113 
30.043478174603173 0.016603442074894923 130.4417234700521 
30.649380952380955 0.020741674995586292 117.76871028645833 
32.31105059523809 0.011226801812317227 230.9012745361328 
30.91224801587301 0.013141729406531886 163.8709988606771 
30.496811507936503 0.015759773240149003 131.43351196289063 
30.37764484126984 0.016617352483775445 125.68046101888022 
31.231057539682535 0.013299458609666675 155.30770039876302 
30.604103174603175 0.014760795713480563 130.7357745361328 
30.594007936507932 0.016859516177620756 120.7704276936849 
32.83979166666667 0.011882936427559717 187.41993640136718 
32.662994047619044 0.01266113780736923 171.39121728515624 
31.7385753968254 0.013531808517143131 150.59847314453123 
30.98757738095238 0.015494771303381788 123.67174296061198 
31.077496031746033 0.01585759122630581 116.9500528157552 
31.957563492063493 0.012721649772092697 147.8818759765625 
31.697882936507938 0.013608490981981155 136.32616943359375 
31.529869047619048 0.014278852004691953 125.05791593424479 
31.225978174603178 0.015391422436475774 118.96886596679687 
31.75364682539682 0.017314748459871823 114.36880078125 
32.80204761904762 0.012782756889626382 145.21450085449217 
31.97627380952381 0.012878245909571647 130.39346301269532 
32.08958432539682 0.016077052601870152 109.64525976562501 
33.205757936507936 0.012491545653756687 132.68498864746093 
32.27085912698413 0.013542824216648933 119.225083984375 
30.14236706349206 0.014737795793995267 176.91363924153646 
31.991211309523806 0.011983455655034631 222.1473212890625 
31.440347222222226 0.016300715308781716 116.59528625488284 
29.717211309523805 0.014237813544478261 242.4223219807943 
32.588186507936506 0.011807521162867563 188.70962967936197 
