32.09916567460318 0.008819610815014695 269.6907067871094 
35.6499384920635 0.008682906451340773 224.7344540608724 
32.89572817460318 0.008044937758311627 298.9864706217448 
33.732075396825394 0.007920073014702652 289.6203224690755 
31.351454365079366 0.007969250895645465 355.9706874186198 
30.047382936507937 0.010617384945809844 283.3128415934245 
30.31329662698413 0.008994122018631548 348.032494547526 
32.18272222222222 0.007445184267755596 387.35157999674476 
34.96610912698413 0.007054446114715193 332.4828926188151 
31.483549603174605 0.00862019485115633 307.96946179199216 
35.84081150793651 0.00828605901086331 239.4244826253255 
35.06340079365079 0.007993581224378194 259.35705830891925 
35.241018849206355 0.008570221284985538 229.33389343261717 
32.13653174603174 0.007455615261193363 372.4942326253255 
35.93283531746032 0.008871954243540769 217.0416872151693 
35.2999384920635 0.008517337784763431 231.9635712483724 
35.2358115079365 0.007659994768019762 284.892796101888 
34.46006150793651 0.0068660408317893756 354.7024630533854 
35.32208134920635 0.008364282689955087 238.63856709798176 
36.09185317460317 0.0078111545642614326 273.2627209065755 
33.37623412698413 0.007651915282964711 316.4166190185547 
35.66444246031746 0.0073349999676309546 308.9120153401692 
35.09247817460317 0.00716054193995893 320.5082692057291 
32.63591666666666 0.007861407748129216 315.14640995279944 
33.34704067460318 0.006951040989603847 384.7304981282552 
33.84047817460318 0.007453669119462371 326.00731559244787 
30.453061507936514 0.00845005015438795 372.6832042643229 
32.99005555555556 0.009652892604634176 197.02417362467446 
35.162938492063496 0.008762638559043402 222.7019306233724 
35.87194246031746 0.0067789900193214415 345.1654564615885 
30.004704365079363 0.010418339595258227 325.546088663737 
35.059313492063495 0.008099698522891847 251.7918964436849 
36.23145634920635 0.007712631630208337 282.82368037923175 
33.11056746031746 0.008414022122010595 264.641812906901 
32.08515972222222 0.007800701260861005 355.32359073893224 
35.53406150793651 0.0074654534642063074 292.7166837972005 
33.05744246031746 0.008739609253253776 244.57052677408856 
35.59652579365079 0.007836476529832933 270.2264586995443 
35.42247817460317 0.007343742679297924 305.4711378580729 
30.582403769841267 0.00928312037771568 303.562822672526 
33.62669841269841 0.006960055584903804 357.4356067708333 
34.24374801587302 0.008288938881721341 255.29585420735677 
32.101119047619044 0.008034767086789006 327.4985805664062 
33.28305555555555 0.009308483258601272 219.26903678385418 
32.255524801587306 0.013616119621094325 116.6420048828125 
30.224652777777784 0.011231680962201201 249.64844177246096 
34.0072748015873 0.01073815071599184 153.4002869873047 
34.05558035714286 0.008168770518299198 266.98647387695314 
34.20002876984127 0.008555736204829065 241.00104882812496 
31.941635912698416 0.013775836014434698 116.66511197916667 
31.73348313492063 0.01063763174407184 178.9340557861328 
33.665712301587305 0.010971189309641706 148.71934997558594 
31.57944841269841 0.014813291866466368 118.15984204101562 
31.430522817460314 0.009533455353736873 238.45094580078126 
32.51743055555555 0.00806048902049288 303.1261337076823 
34.64282638888889 0.008855634639486666 224.18854272460936 
31.14040079365079 0.014964300110485398 127.35496411132813 
33.60232043650793 0.010201193189766262 170.35400769042968 
34.65540178571429 0.008138303705737 275.6424255371094 
31.042927579365077 0.010813954212483002 196.3277662353516 
34.8317996031746 0.007843265447899699 295.2349057617187 
34.25505257936508 0.010490393572017562 159.2467479248047 
33.66900099206349 0.010841936262961472 149.78886230468748 
30.489907738095233 0.009490736295044433 275.0793793945312 
32.03700099206349 0.012094126244843014 136.52383947753907 
34.35345138888889 0.008978796483542762 214.58169091796873 
32.8608759920635 0.011183872087296076 144.70602087402344 
33.12224305555556 0.008375699409112331 260.8252802734375 
32.942209325396824 0.01282460760783776 122.00771671549481 
34.46468055555555 0.007398419013321398 349.7725717773437 
31.08002876984127 0.014563762234613272 133.66648527018228 
31.226906746031744 0.008702449966188516 291.3752372233073 
34.462677579365085 0.009428358078658567 193.01043310546873 
31.831156746031745 0.00838978731339797 284.5694447428385 
34.228457341269845 0.0078756862410754 289.1585065917968 
31.810552579365083 0.008867533912941802 261.96233561197914 
34.32776785714286 0.007700015531327572 309.34582739257814 
33.57517162698413 0.010690111569162455 155.8483475341797 
32.62507341269841 0.007627688007947055 342.7929991861979 
31.994135912698415 0.013737778411790729 116.51951236979167 
34.43267757936508 0.009590091702457516 187.5066982421875 
31.177962301587304 0.00815260248109326 350.15682592773436 
34.29163591269842 0.009246171544954171 199.09734130859374 
34.31426091269841 0.007816657776474951 300.26826660156246 
33.60870535714285 0.007983719685316087 282.15256005859374 
34.47074305555556 0.00875927368893846 225.29027392578126 
31.47450793650794 0.013987558159396046 125.7346171875 
31.049372023809525 0.009240017598629007 263.33017228190107 
31.58593253968254 0.007662217040922495 358.83352994791665 
32.77051884920635 0.011088261534735574 145.5361453857422 
34.969969246031745 0.00864440465211495 231.72226635742186 
32.64554265873016 0.012931857922282066 118.24809464518228 
30.578756944444443 0.008856896648466587 327.55645214843753 
33.23815376984127 0.009496822619974619 194.88135961914062 
35.09627876984128 0.008385464525427669 247.256013671875 
31.93771329365079 0.010786189906354977 164.3546851806641 
34.504820436507934 0.008988401696201413 212.00599926757815 
32.98528174603175 0.007497586836960164 343.05952604166663 
32.11512896825396 0.007903637199994172 329.98800113932293 
30.741748015873014 0.008841061315979813 322.66598608398436 
33.58162202380952 0.008458506423380233 251.68695996093751 
34.50658234126984 0.0074497372688502065 315.4053588867188 
31.001911706349205 0.010064288208898167 224.310935546875 
32.3966875 0.011916882068514803 131.4589766845703 
33.8161498015873 0.009802092557307327 178.84955326334637 
31.050417658730158 0.018626466483917116 126.28135632324219 
33.84448313492063 0.010174460454937057 164.73450834147135 
33.712316468253974 0.009537180636968469 188.7926002604167 
31.53975099206349 0.011373489744927733 146.22903955078124 
33.717625 0.010794857736989849 146.25948221842447 
31.921743055555556 0.013177660664435495 122.31230078124997 
32.9379375 0.011692244917750363 134.629541788737 
32.98692361111111 0.011331365880962455 138.7487197265625 
33.176375 0.011020929395720365 143.10791711425782 
31.06713988095238 0.009566805029079304 217.0551183268229 
31.231643849206346 0.010346875812873257 181.71254943847657 
31.860997023809524 0.009658003747161487 197.1057189127604 
32.11494444444445 0.012544641171809288 124.5164111328125 
31.831370039682543 0.01395477145430075 122.34680615234376 
30.39500099206349 0.011021891331240541 188.97059720865883 
30.268342261904763 0.01954173567211624 137.6450710042318 
30.502699404761906 0.011723725906610487 162.68143986002602 
32.54468452380953 0.009002127469539645 230.31837955729162 
30.655056547619047 0.010154992398437129 205.21631131998697 
31.971668650793653 0.008866640888214114 254.91711751302083 
31.185723214285712 0.013029030575718739 129.70080798339845 
31.702045634920637 0.009960295733869064 186.86528186035156 
32.02379861111111 0.013585956768658031 121.58921679687501 
33.648267857142855 0.010523102002438148 153.688557413737 
31.18822321428571 0.018597742686271634 124.79641979980468 
30.474921626984127 0.01759600000610575 130.32433239746095 
30.988711309523808 0.008869084489628674 286.6695056966146 
32.09815575396825 0.008244777078326788 312.35921565755206 
31.025893849206348 0.011149299808606516 158.3235458984375 
32.34619444444444 0.01208975065362081 129.3597900390625 
32.20363194444444 0.012999201736390608 122.67999462890623 
30.658092261904766 0.008869620672032225 314.5606632486979 
33.73755456349206 0.00931686807599291 196.25516853841145 
30.411092261904763 0.009660036402013147 252.96306726074218 
33.1723125 0.011374924805819999 136.51719592285156 
30.91317559523809 0.01902332526302336 129.19400716145833 
30.918925595238097 0.00845655441837013 329.12718668619794 
34.33578373015873 0.009028589800521732 207.4021298014323 
30.27495734126984 0.009025909006282692 342.39269091796876 
30.383262896825396 0.012730023960456239 145.93575154622397 
32.209873015873015 0.008382683855857708 293.56634798177083 
33.91755456349206 0.009233206110503534 200.96623103841148 
31.800691468253966 0.009335733270570624 215.98267887369792 
34.07552083333333 0.010676855439111593 150.47377372233075 
30.525757936507937 0.013150615279018896 136.03214685058595 
30.403699404761902 0.01922407682841646 136.39914933268227 
31.270108134920633 0.012068531348701578 137.12920800781248 
29.681584325396823 0.013401833147998901 169.83991768391928 
29.832084325396824 0.011890191031694416 189.93047432454426 
34.15181646825397 0.010001448959112164 169.66733146158856 
33.88148313492063 0.009722035920377809 181.61762906901043 
31.322223214285714 0.01846506869070229 122.94389111328124 
31.98077777777778 0.012468512975092978 124.92554589843749 
31.98510813492063 0.010547649233564733 162.82799365234374 
34.27625396825397 0.009853492311477662 172.51398185221353 
30.830143849206348 0.019422300181385136 129.6347508544922 
30.309699404761904 0.010076006668116883 229.5234028727213 
29.183004960317465 0.010300146761223662 348.6960620117187 
30.68725892857143 0.008714895676061516 349.6821557617188 
34.31078373015873 0.009068738304879514 203.26802811686196 
29.16055257936508 0.013679868629038324 201.67857100423174 
29.65607638888889 0.019192039749380226 156.68978080240885 
33.333149801587304 0.009407009641047558 194.65191849772134 
28.896258928571427 0.030395981948491163 214.13157865397133 
29.566842261904764 0.011298095827624196 231.41571162923177 
28.968590277777775 0.018942217209156623 285.52162630208335 
30.826425595238096 0.009393231285378343 239.3861925455729 
29.645762896825396 0.012721457949563877 180.2637292073568 
29.882374007936512 0.009157196009695522 345.57416015624995 
29.540774801587304 0.010486312288846823 293.4526792399089 
30.058139880952375 0.020510164194568963 144.64474161783852 
32.663381944444446 0.01229726969119535 127.78883756510416 
29.25516765873016 0.015076332273766401 172.062499226888 
30.053159722222222 0.009784234709110119 289.9518681640625 
29.894211309523804 0.020758415017113098 145.32032234700517 
29.02511805555556 0.012831809624847026 229.29116947428386 
29.543786706349202 0.00985927586850152 327.33764990234374 
29.951739087301586 0.013710213287174719 150.01228470865885 
29.144969246031746 0.012553864160146564 218.79912471516926 
34.43984623015873 0.008897593462523072 226.2323220621745 
28.956312500000003 0.012091170465018595 328.4068058268229 
29.046647817460315 0.011565780303776262 294.39427396647136 
29.117564484126984 0.03348682524852456 196.14775248209634 
30.71594543650794 0.008603718032386156 349.90168619791666 
29.756427579365084 0.010649036127015949 250.6579071044922 
29.23645337301587 0.028723073399946085 178.360776570638 
29.492941468253967 0.03409522011211137 164.97199483235676 
33.241080357142856 0.01031108689781651 160.72288456217447 
29.136278769841272 0.01915549626342949 189.63197513834635 
28.853048611111113 0.035084301987573556 271.0477071940104 
33.47776884920635 0.010900944752808664 158.67540905761717 
34.14068551587302 0.008912722714111209 229.44378100585936 
