31.173972222222222 0.020518789565727093 88.29937463378906 
31.049765873015872 0.011854117723461241 136.17742248535157 
30.03971825396825 0.00890247102586925 302.24491825358075 
30.51662003968254 0.013603091984655693 125.08028771972657 
32.19562400793651 0.013777396825250235 105.93653771972657 
30.43003670634921 0.012959172687292098 127.2674052734375 
30.29314384920635 0.013523181711401794 134.10451595052083 
32.35775992063492 0.007633305171396582 306.2274242757161 
30.887718253968252 0.011950311216771588 143.73941918945312 
30.38146825396825 0.011178858981188377 185.93429138183592 
32.415256944444444 0.010857333390876649 148.71534810384114 
30.44079861111111 0.010321614680945885 208.85344555664062 
31.027361111111112 0.009631755496203912 222.70352795410156 
30.541253968253965 0.009831271576400848 223.26043611653648 
32.79300198412698 0.008028552565690126 285.673951944987 
33.32932837301587 0.009084743080403666 207.2133389485677 
30.768182539682538 0.012627549551486972 135.09538159179687 
30.166218253968253 0.011885430569168187 165.76577612304686 
30.053575396825398 0.011037140730380996 193.3768571777344 
32.02374603174603 0.007463433286096902 339.96679947916664 
30.8905992063492 0.010517326645757996 196.42062036132813 
29.88146726190476 0.01001461684183776 262.3368326416016 
29.824468253968252 0.011168587693985564 203.36505883789061 
32.63580853174604 0.011998507473751892 118.76604675292968 
32.0256001984127 0.012662375802993767 114.96378698730469 
34.001264880952384 0.00952590998964012 188.32618892415366 
32.18228075396825 0.009878418334718794 183.47933170572918 
29.423405753968257 0.01202286645620688 200.3358271484375 
31.598493055555558 0.020461424233242827 88.47553210449219 
31.080096230158727 0.0129603859891556 123.61450329589846 
32.716364087301585 0.01915807658410073 95.83000817871094 
30.97786111111111 0.010656690706070528 176.94828381347656 
31.712861111111106 0.010845075625464311 158.5003009033203 
31.39765873015873 0.00985720356976612 206.08169079589845 
31.801923611111114 0.009775095712151394 205.26853975423177 
30.53541666666667 0.008531313194319611 321.8227880452474 
32.8536498015873 0.010047849166985619 174.3810782063802 
32.732280753968254 0.011227290305998193 136.71316609700523 
31.513256944444443 0.0113128280058466 151.16191662597654 
30.95228968253968 0.011265303409691887 166.22922717285155 
31.591075396825396 0.011272305551528927 139.16924291992189 
33.936435515873015 0.00796743098311126 289.7879667561849 
33.0399751984127 0.018596334994375727 101.92367175292968 
30.281075396825393 0.009631440347697582 255.2803086751302 
31.593789682539683 0.01242766326874496 126.9461563720703 
33.35088194444444 0.010481691797837606 157.71917976888022 
29.83613492063492 0.010440130726620546 236.08543615722658 
29.692067460317457 0.01018931712532044 275.5527420654297 
31.35796031746031 0.007844779264774166 335.8297446695964 
31.54057936507936 0.010745821371521802 176.40731811523438 
32.59600694444445 0.009472012418922048 213.34136470540363 
30.860278769841266 0.013180841774847355 118.62476770019532 
30.623575396825395 0.011013196856021873 174.0825192871094 
31.512885912698415 0.013281922416504463 106.12958483886719 
30.488908730158734 0.01246704495679961 143.54126794433594 
30.149420634920638 0.010693066757008419 216.26031416829426 
31.742867063492064 0.009106721874441946 246.33109749348958 
32.05555456349206 0.011477964473035186 134.18952770996094 
29.923227182539684 0.01192552917953951 175.71451708984375 
32.428984126984126 0.009018247033298015 245.97536108398435 
30.8295873015873 0.009114447553571301 277.2463844807943 
31.22323412698413 0.009019177693367006 255.83052018229165 
29.61726984126984 0.02365546975320207 104.24815527343749 
29.973593253968254 0.013535260154172783 126.08538366699219 
32.985772817460315 0.00853400389521941 267.8961363932292 
29.74738095238095 0.01969198563246431 118.15351957194011 
30.897617063492067 0.01757014553254839 105.21419689941408 
28.198621031746036 0.015469875029906644 216.04094083658853 
30.202521825396833 0.011614982107099148 150.6296904296875 
30.326271825396827 0.013020586874153467 125.57003356933595 
31.137323412698414 0.011020522787984443 167.57886966959637 
29.229412698412705 0.022735589551176872 128.59538464355467 
31.00680753968254 0.012936465608119948 124.69073596191407 
29.76387103174603 0.013635887693747859 136.17675390624998 
29.289486111111113 0.011236078241765498 207.26632731119793 
28.55179761904762 0.021144416227247536 192.9202578531901 
33.067012896825396 0.00994208890245855 181.09572583007815 
28.818954365079367 0.01475743613820893 170.95095096842448 
30.022920634920638 0.018803547682449216 112.36998620605469 
31.12383134920635 0.016242488548424056 104.88279504394531 
31.050902777777775 0.02216309789566699 89.07921618652344 
29.58466468253968 0.011831247469842439 176.2857557373047 
31.179140873015875 0.013011798334643263 111.10182092285156 
30.167492063492062 0.01981384401186931 104.21164758300782 
28.362392857142858 0.026864246292527743 197.61510209147133 
29.501807539682545 0.014706957385506517 138.70573034667967 
29.527013888888888 0.010585491068646313 259.47125089518227 
31.900501984126983 0.011070591098424044 145.78129777018228 
29.948684523809526 0.011984836855590328 162.4559042154948 
29.983898809523815 0.01120813423013688 180.77941276041668 
29.014238095238095 0.021433905831515755 142.65753287760415 
32.767474206349206 0.011831702309772372 124.07498010253906 
28.64089880952381 0.01423965574489533 191.4302003580729 
30.223942460317467 0.013652393411155813 117.33611242675781 
30.922787698412698 0.010182483632326137 204.70689298502606 
31.642093253968255 0.012233060410261141 125.75723901367188 
29.106926587301587 0.019886297087013737 153.01148246256508 
29.199097222222225 0.012771993044015018 167.9472233072917 
29.949619047619045 0.021676119618084237 104.62531315104167 
30.18619841269841 0.021619475800916565 100.05385656738281 
32.526695436507936 0.008449781467974187 286.16439888509115 
29.79330753968254 0.011268612597152606 198.84859330240886 
31.442557539682543 0.020281548294365404 88.78311486816406 
29.549418650793655 0.013782564149167398 145.22314294433596 
29.78791865079365 0.014728262010872396 128.9654014078776 
29.49692658730159 0.012510638308763509 153.93367118326825 
32.32089682539682 0.01947955037020151 89.99963208007813 
29.31224603174603 0.021280741378068953 132.05117626953125 
28.998339285714287 0.012680417528595769 212.91915124511718 
29.138569444444443 0.01578315285824238 151.42655094401044 
28.570621031746033 0.013731654814627006 212.5321241861979 
29.77447619047619 0.018653524445235704 125.74520878092449 
30.0472996031746 0.012761273704931141 135.66922497558596 
28.702158730158732 0.02139459494376184 161.47610705566407 
32.48475198412699 0.0114478278043717 130.53522521972656 
30.42783134920635 0.016898430456981094 111.99983520507813 
29.801474206349212 0.012733250766858453 141.81922892252607 
30.652327380952386 0.011832464676484486 146.9677440592448 
31.50879365079365 0.018628404818415645 97.36505114746095 
30.858432539682543 0.013904386176392416 112.24674475097657 
30.51043253968254 0.014646240542098912 115.09222839355469 
30.90415674603174 0.019415434512194213 93.29491918945313 
32.18964682539682 0.012470274618711311 115.2739638671875 
29.30496825396825 0.019649914218410842 143.30750065104166 
29.954307539682542 0.014716845989521601 119.71895300292968 
31.24953174603175 0.013883514382779577 102.93342993164063 
31.132444444444445 0.009103660124480727 275.89895157877606 
29.278744047619046 0.01207213951608167 184.68588330078123 
30.49446825396825 0.018813377585411094 102.95386242675781 
30.44299404761905 0.011016871039178233 171.5481697184245 
30.66613492063492 0.021261170179307426 94.28410754394531 
29.05634722222222 0.011510428253766138 208.08462296549482 
29.281111111111112 0.021960779639050364 119.99188627115885 
28.722898809523816 0.015597683965381212 176.50709745279948 
28.84295436507937 0.01338975994585454 192.67256693522137 
31.626712301587297 0.008738459922954443 293.9630174967448 
28.989751984126986 0.012457471093595022 263.837505859375 
31.429870039682545 0.008686049930989734 306.99282682291664 
33.433210317460315 0.010030766735300425 171.70321346028646 
33.166846230158725 0.0093980070568286 206.85474471028647 
33.47296726190476 0.00908284396901354 226.9824853922526 
32.148155753968254 0.008867842678889633 270.02140568033855 
33.706538690476194 0.009005395599901676 219.89632755533856 
32.056107142857144 0.00949205372190474 236.46804467773438 
32.741707341269844 0.008801795165821911 247.957742960612 
32.7599117063492 0.00931268170725928 223.58099873860675 
32.18940575396825 0.008127071399852632 317.8268674723307 
29.04825694444445 0.014587810965940372 162.85099589029946 
32.07025 0.008888141055569046 276.8708006184896 
30.162054563492063 0.012465077761854956 151.47285062662758 
30.143278769841267 0.011196688736438743 191.66051590983074 
29.367356150793647 0.011228053281590352 257.77338692220053 
30.97257638888889 0.011708655920982344 147.05231225585936 
30.400159722222224 0.010532567979857339 204.40347725423175 
30.1840625 0.010731421118374924 202.45710815429686 
32.40407242063492 0.00898698916243017 253.41987451171872 
30.579486111111112 0.009695799459218982 238.74159065755208 
29.761592261904763 0.011658849938973788 195.65031612141928 
30.413937499999996 0.011207700742721542 175.9107594401042 
31.380625 0.010448122309386725 183.1225322265625 
29.682088293650793 0.011030880326326948 230.44655346679687 
29.434187499999997 0.014666496271040321 140.64405875651042 
33.22260416666667 0.009306974747940898 218.98239099121093 
31.94965277777778 0.01013945465290546 189.49039774576823 
30.443347222222222 0.010762585147082816 197.04838362630207 
32.70054265873016 0.010290902769029126 165.44825488281248 
30.853201388888884 0.011124681551381958 167.44561022949216 
33.44820436507936 0.008927645741518593 241.94741210937502 
32.13014583333333 0.010192792091574532 170.97427551269533 
30.932219246031746 0.010419016998276113 186.6760576985677 
29.737665674603175 0.013595056183099755 142.7983215738932 
29.21307837301587 0.011145423515900966 278.9826813964844 
31.567460317460313 0.010150368948742747 196.26854374186195 
31.211512896825393 0.009147863860543832 254.7687189941406 
32.699910714285714 0.01081131290221215 155.97812736002604 
31.528826388888888 0.00893085187709332 282.9296190999349 
29.786403769841275 0.010709328311350193 252.81172395833335 
31.776193452380955 0.012757282348122432 124.41864335123698 
30.957888888888892 0.009693140042066577 221.3145655110677 
31.565999999999995 0.009804263911187655 212.72328088378907 
32.96908432539682 0.009749008500542503 195.86356799316405 
29.017118055555557 0.01341951118604839 187.12252473958333 
31.481860119047617 0.011738831054266523 140.07132686360677 
32.02559027777778 0.010475514199879016 169.33608927408852 
31.832125 0.010912593796607093 155.83050402832032 
31.612256944444443 0.009798838935937729 193.4464251302083 
31.220145833333333 0.011262207902312285 151.75061657714843 
30.480665674603177 0.012704592170938847 140.82978499348957 
30.18299305555555 0.011714907633349297 174.9245877685547 
32.150110119047625 0.01205420986678822 129.04491292317707 
31.24292361111111 0.01075247054054961 165.8620213623047 
30.310815476190477 0.010012474803850053 243.60646516927082 
29.53104662698413 0.010385846823569396 295.46438326009115 
31.662152777777777 0.009146751484479753 238.75163525390624 
30.89867261904762 0.010823264438625437 176.0291689453125 
29.100909722222223 0.013161411611661311 205.70092179361978 
31.07755456349206 0.010087416147947306 209.25133260091147 
