26.894125000000003 6.0
26.919125 5.0
26.919125 5.0
26.937696428571428 5.0
27.200375 5.0
27.501291666666667 4.0
27.501291666666667 4.0
27.501291666666667 4.0
27.501291666666667 4.0
27.501291666666667 4.0
27.501291666666667 4.0
27.501291666666667 4.0
27.501291666666667 4.0
27.501291666666667 4.0
27.501291666666667 4.0
27.501291666666667 4.0
27.501291666666667 4.0
27.501291666666667 4.0
27.501291666666667 4.0
27.501291666666667 4.0
27.501291666666667 4.0
27.501291666666667 4.0
27.501291666666667 4.0
27.501291666666667 4.0
27.501291666666667 4.0
27.501291666666667 4.0
27.501291666666667 4.0
27.501291666666667 4.0
27.501291666666667 4.0
27.845755952380955 3.0
27.845755952380955 3.0
27.845755952380955 3.0
27.845755952380955 3.0
27.845755952380955 3.0
27.845755952380955 3.0
27.845755952380955 3.0
27.845755952380955 3.0
27.845755952380955 3.0
27.845755952380955 3.0
27.845755952380955 3.0
27.845755952380955 3.0
27.845755952380955 3.0
27.845755952380955 3.0
27.845755952380955 3.0
27.845755952380955 3.0
27.845755952380955 3.0
27.845755952380955 3.0
27.845755952380955 3.0
28.68172420634921 2.0
28.96995833333334 2.0