26.919125 5.0
26.919125 5.0
26.968410714285717 5.0
27.030696428571428 5.0
27.249085317460317 5.0
27.249085317460317 5.0
27.249085317460317 5.0
27.249085317460317 5.0
27.249085317460317 5.0
27.249085317460317 5.0
27.249085317460317 5.0
27.249085317460317 5.0
27.501291666666667 4.0
27.501291666666667 4.0
27.501291666666667 4.0
27.501291666666667 4.0
27.501291666666667 4.0
27.501291666666667 4.0
27.501291666666667 4.0
27.501291666666667 4.0
27.501291666666667 4.0
27.501291666666667 4.0
27.501291666666667 4.0
27.501291666666667 4.0
27.501291666666667 4.0
27.501291666666667 4.0
27.501291666666667 4.0
27.502958333333332 4.0
27.502958333333332 4.0
27.845755952380955 3.0
27.845755952380955 3.0
27.845755952380955 3.0
27.845755952380955 3.0
27.845755952380955 3.0
27.845755952380955 3.0
27.845755952380955 3.0
27.845755952380955 3.0
27.845755952380955 3.0
27.845755952380955 3.0
27.845755952380955 3.0
27.845755952380955 3.0
27.845755952380955 3.0
27.845755952380955 3.0
27.845755952380955 3.0
27.845755952380955 3.0
27.845755952380955 3.0
27.845755952380955 3.0