14.736027417027419 15.0 
14.736027417027419 15.0 
14.736027417027419 15.0 
14.736027417027419 15.0 
14.736027417027419 15.0 
14.736027417027419 15.0 
14.736027417027419 15.0 
14.736027417027419 15.0 
14.736027417027419 15.0 
14.736027417027419 15.0 
14.736027417027419 15.0 
14.736027417027419 15.0 
14.736027417027419 15.0 
14.736027417027419 15.0 
14.736027417027419 15.0 
14.736027417027419 15.0 
14.736027417027419 15.0 
14.736027417027419 15.0 
14.736027417027419 15.0 
14.736027417027419 15.0 
14.736027417027419 15.0 
14.736027417027419 15.0 
14.736027417027419 15.0 
14.736027417027419 15.0 
14.736027417027419 15.0 
14.736027417027419 15.0 
14.736027417027419 15.0 
14.736027417027419 15.0 
14.736027417027419 15.0 
14.736027417027419 15.0 
14.736027417027419 15.0 
14.736027417027419 15.0 
14.736027417027419 15.0 
14.736027417027419 15.0 
14.736027417027419 15.0 
14.736027417027419 15.0 
14.736027417027419 15.0 
14.736027417027419 15.0 
14.736027417027419 15.0 
14.736027417027419 15.0 
14.736027417027419 15.0 
14.736027417027419 15.0 
14.736027417027419 15.0 
14.62428878066378 16.0 
