32.05275036075036 6.0
32.08379202741703 6.0
32.09629202741703 6.0
32.10621266233767 6.0
32.122649350649354 5.0
32.14546185064935 5.0
32.15104220779221 5.0
32.15350432900433 5.0
32.15350432900433 5.0
32.15350432900433 5.0
32.15350432900433 5.0
32.15350432900433 5.0
32.15350432900433 5.0
32.251837662337664 4.0
32.257462662337666 4.0
32.257462662337666 4.0
32.257462662337666 4.0
32.257462662337666 4.0
32.257462662337666 4.0
32.257462662337666 4.0
32.257462662337666 4.0
32.257462662337666 4.0
32.257462662337666 4.0
32.257462662337666 4.0
32.262292207792214 4.0
32.262292207792214 4.0
32.262292207792214 4.0
32.262292207792214 4.0
32.262292207792214 4.0