29.15104563492064 6.0 2.3813839285714287 
27.388337301587303 7.0 2.2574255952380953 
28.9374623015873 6.0 2.3886755952380954 
26.62325396825397 12.0 2.1740922619047622 
27.575545634920637 7.0 2.2570089285714285 
28.79767063492063 6.0 2.394925595238095 
26.970045634920638 9.0 2.1757589285714287 
26.959087301587306 8.0 2.1957589285714283 
26.6465873015873 12.0 2.1695089285714286 
26.83000396825397 9.0 2.1903422619047617 
26.69112896825397 10.0 2.167842261904762 
26.682253968253967 11.0 2.174092261904762 
26.47136507936508 13.0 2.172703373015873 
26.91979563492064 8.0 2.2100446428571425 
29.943816468253964 5.0 2.416750992063492 
