27.592391865079367 6.0 2.2262450396825395 
26.652791666666666 7.0 2.1500396825396826 
25.7235 8.0 2.054136904761905 
22.56522123015873 16.0 1.8155357142857143 
26.65412003968254 7.0 2.1425396825396823 
23.08692956349206 13.0 1.8640376984126985 
22.444938492063493 16.0 1.8274007936507934 
22.739780753968255 14.0 1.8285317460317458 
21.174242063492063 29.0 1.7261061507936506 
22.42097718253968 16.0 1.827847222222222 
24.431283730158732 10.0 1.9684970238095238 
22.545901785714285 16.0 1.8221329365079366 
22.03739484126984 19.0 1.792142857142857 
25.100329365079368 9.0 2.0156795634920632 
21.35156349206349 24.0 1.7404414682539682 
22.59554265873016 16.0 1.8108531746031744 
24.46972023809524 10.0 1.966701388888889 
22.038542658730158 19.0 1.7710813492063493 
24.502390873015873 10.0 1.9603472222222222 
23.948829365079366 11.0 1.921160714285714 
22.307635912698412 19.0 1.768819444444444 
21.55785863095238 22.0 1.740530753968254 
21.913795634920636 21.0 1.742738095238095 
21.74331001984127 21.0 1.7436061507936507 
22.343574404761902 17.0 1.7904365079365079 
21.93052033730159 20.0 1.770580357142857 
22.043243055555553 20.0 1.7555555555555553 
21.505609126984126 24.0 1.734365079365079 
21.955107638888887 20.0 1.7639037698412696 
23.437484126984124 12.0 1.8713293650793652 
22.058376984126983 18.0 1.7771230158730158 
21.278743055555555 25.0 1.7132638888888887 
23.41881646825397 12.0 1.8996626984126983 
29.16406646825397 5.0 2.35859623015873 
29.208512896825397 5.0 2.350947420634921 
26.62522420634921 7.0 2.155768849206349 
26.54473115079365 7.0 2.1589632936507934 
22.61158134920635 15.0 1.813923611111111 
22.35550099206349 18.0 1.7765724206349205 
