26.075922619047617 6.0 2.0865625000000003 
21.586291666666664 22.0 1.7258234126984129 
21.533915674603172 24.0 1.7312301587301586 
22.15295634920635 16.0 1.7981498015873014 
22.744492063492064 14.0 1.825515873015873 
21.88233531746032 18.0 1.7539087301587302 
22.812891865079365 14.0 1.8186755952380949 
21.227687500000002 25.0 1.7133234126984127 
21.529973214285715 21.0 1.7364136904761907 
22.268332341269844 17.0 1.7790972222222223 
22.343 15.0 1.8040476190476191 
22.81645238095238 13.0 1.8140178571428571 
21.636117063492062 20.0 1.7229861111111113 
21.4223998015873 27.0 1.712936507936508 
21.16914880952381 28.0 1.7064037698412697 
27.169947420634923 5.0 2.171671626984127 
27.038405753968256 5.0 2.1743501984126987 
26.25309027777778 6.0 2.0846180555555556 
27.11882242063492 5.0 2.1718501984126988 
24.10569146825397 9.0 1.904201388888889 
24.085609126984128 9.0 1.9120386904761904 
23.613185515873017 10.0 1.8657886904761907 
25.237438492063493 7.0 2.016731150793651 
25.292873015873017 7.0 2.0158978174603175 
26.25750992063492 6.0 2.0841716269841273 
23.272225198412695 11.0 1.8394791666666663 
24.872515873015875 8.0 1.9600942460317463 
25.319334325396824 7.0 2.013189484126984 
22.86253472222222 12.0 1.820084325396825 
23.199414682539683 11.0 1.84437003968254 
