31.32034722222222 8.0 2.572703373015873 
27.65266964285714 10.0 2.2353819444444447 
29.149531746031744 9.0 2.3624156746031746 
27.63135813492064 10.0 2.237068452380952 
27.631092261904758 10.0 2.2690128968253966 
28.750393849206347 9.0 2.368983134920635 
25.338280753968252 12.0 2.04515376984127 
26.025396825396818 11.0 2.126671626984127 
24.35421726190476 13.0 1.9637053571428573 
23.16908531746032 17.0 1.8672470238095236 
23.10207738095238 18.0 1.8783482142857142 
23.147738095238093 17.0 1.8698164682539684 
23.485119047619047 14.0 1.9154315476190475 
23.52915476190476 14.0 1.9082886904761907 
23.190613095238096 16.0 1.8755803571428573 
23.116613095238097 18.0 1.8623164682539681 
23.329154761904764 15.0 1.8868998015873018 
