27.394738095238097 7.0
27.394738095238097 7.0
27.399916666666662 7.0
27.415488095238096 6.0
27.415488095238096 6.0
27.42030952380952 6.0
27.42066666666667 6.0
27.502988095238095 5.0
27.502988095238095 5.0
27.50816666666667 5.0
27.50816666666667 5.0
27.524654761904763 5.0
27.690220238095236 4.0
27.690220238095236 4.0
27.690220238095236 4.0
27.690220238095236 4.0
27.690220238095236 4.0
27.690220238095236 4.0
27.690220238095236 4.0
27.690220238095236 4.0
27.690220238095236 4.0
27.690220238095236 4.0