22.678018353174604 16.0 
21.412092261904764 21.0 
21.207170634920637 22.0 
20.955045634920634 24.0 
20.36009126984127 27.0 
20.083523313492062 28.0 
21.69462351190476 19.0 
20.4639375 25.0 
19.570025793650792 37.0 
19.739406249999995 35.0 
20.07813591269841 31.0 
19.686960317460315 36.0 
19.032230654761904 40.0 
30.81379365079365 8.0 
25.165578869047618 11.0 
26.0013308531746 10.0 
23.75975843253968 14.0 
24.344850694444442 13.0 
23.604863095238095 15.0 
22.175005456349208 18.0 
21.1966378968254 23.0 
19.827545634920636 34.0 
19.895423115079364 32.0 
19.063434523809526 38.0 
27.970167658730155 9.0 
