21.175427579365078 17.0 
21.703280257936505 16.0 
20.25893353174603 20.0 
20.450433531746032 19.0 
20.12585367063492 21.0 
20.069488095238096 22.0 
21.05227232142857 18.0 
18.594904265873016 37.0 
19.60967261904762 24.0 
19.298375 29.0 
18.660848214285714 35.0 
18.587872023809524 38.0 
19.031008928571428 33.0 
19.100193452380957 30.0 
28.75217509920635 8.0 
27.148702876984125 9.0 
25.558561011904764 10.0 
22.45831646825397 14.0 
23.309837797619046 13.0 
23.741801587301588 12.0 
24.123996527777777 11.0 
22.09473412698413 15.0 
19.551501984126986 26.0 
19.372857142857143 28.0 
