23.462949900793653 12.0 
21.554780753968252 16.0 
19.401624007936512 26.0 
21.15497023809524 17.0 
19.036612103174605 31.0 
18.673717261904763 38.0 
18.810208333333332 35.0 
18.668044642857144 39.0 
30.87837599206349 6.0 
26.463638888888887 8.0 
28.314733134920637 7.0 
22.854065476190478 14.0 
22.402828373015872 15.0 
23.118927579365078 13.0 
24.330913690476187 9.0 
24.135985119047618 10.0 
20.303149305555557 18.0 
23.80224603174603 11.0 
19.988736607142858 20.0 
19.90906498015873 21.0 
19.096755952380953 30.0 
19.434468253968255 23.0 
19.25915873015873 28.0 
