28.517870039682542 5.0 
23.927730158730157 9.0 
23.38005654761905 10.0 
26.441797619047623 6.0 
22.047257936507936 12.0 
22.482244047619048 11.0 
21.41562797619048 14.0 
21.853420634920635 13.0 
25.435823908730157 7.0 
19.5659375 21.0 
20.283256944444442 17.0 
24.22278621031746 8.0 
18.64454265873016 33.0 
20.978563492063493 15.0 
18.66165277777778 30.0 
18.737408730158727 27.0 
19.36379464285714 22.0 
19.952660218253968 18.0 
19.086313492063493 25.0 
19.74854861111111 19.0 
19.721103174603172 20.0 
19.243820932539684 23.0 
20.617391865079366 16.0 
