30.726699404761906 5.0 
29.006078373015875 6.0 
27.245230158730163 7.0 
23.868473214285714 10.0 
22.26203273809524 12.0 
21.533065476190476 13.0 
20.905515873015872 14.0 
26.150920634920634 8.0 
24.635854662698414 9.0 
22.906960317460317 11.0 
20.38504365079365 17.0 
19.56352777777778 21.0 
19.328374007936507 24.0 
18.867549603174602 31.0 
19.496738095238094 22.0 
20.70362003968254 16.0 
19.604770833333333 20.0 
18.955501984126983 26.0 
18.77163541666667 33.0 
19.92375992063492 19.0 
19.95195238095238 18.0 
19.44926388888889 23.0 
18.944117063492065 27.0 
18.720238095238095 35.0 
19.229812499999998 25.0 
