21.936690476190478 15.0 
19.65518353174603 24.0 
20.12746031746032 21.0 
19.308173611111112 26.0 
19.65972619047619 23.0 
19.916492063492065 22.0 
20.69309523809524 19.0 
20.324864087301584 20.0 
19.064955357142857 28.0 
18.878276785714284 31.0 
19.51376388888889 25.0 
29.351656746031743 6.0 
22.164772321428572 14.0 
22.53919642857143 13.0 
18.83634771825397 36.0 
26.54246329365079 7.0 
25.2711001984127 8.0 
24.08362400793651 10.0 
24.725501984126982 9.0 
22.666500992063494 12.0 
21.325882936507938 17.0 
21.529171626984127 16.0 
23.181302579365077 11.0 
20.86660515873016 18.0 
