24.323539682539682 12.0 
23.832753968253968 13.0 
22.832830853174602 15.0 
23.118198412698412 14.0 
22.349647817460315 16.0 
28.833206349206346 7.0 
19.155825396825396 36.0 
27.05800099206349 8.0 
25.9674503968254 9.0 
24.986161706349208 10.0 
24.663686507936507 11.0 
21.819313492063493 18.0 
21.98374851190476 17.0 
20.433926091269843 20.0 
19.998841269841268 26.0 
20.781429563492065 19.0 
20.07649603174603 25.0 
20.21084970238095 21.0 
19.826775793650793 27.0 
19.2723998015873 31.0 
20.177069444444445 23.0 
19.75721974206349 28.0 
19.448525793650795 30.0 
19.58307390873016 29.0 
