31.44143948412698 6.0 
27.47016468253968 7.0 
26.297534722222224 8.0 
25.267311507936505 9.0 
23.837183531746028 10.0 
22.514564484126986 12.0 
21.862922619047616 14.0 
22.17994345238095 13.0 
20.458180555555554 18.0 
20.113989087301587 20.0 
20.883993055555557 17.0 
21.426301587301587 16.0 
18.54032986111111 39.0 
18.971989087301587 28.0 
18.787176587301587 33.0 
20.337387896825398 19.0 
19.85364186507936 22.0 
18.734051587301586 37.0 
20.10399503968254 21.0 
18.912510912698412 32.0 
21.583466269841267 15.0 
19.33020535714286 26.0 
19.355906746031746 23.0 
19.19065376984127 27.0 
