28.46172023809524 8.0 
27.352821428571428 9.0 
29.47079464285714 7.0 
22.82812202380952 14.0 
21.169174107142858 19.0 
22.439483630952385 15.0 
22.02485763888889 16.0 
21.592785714285714 18.0 
21.66844345238095 17.0 
19.23485267857143 37.0 
20.75842361111111 20.0 
19.06946031746032 38.0 
24.201344246031745 12.0 
25.195851686507936 10.0 
23.464410218253967 13.0 
24.578835813492063 11.0 
20.02707390873016 24.0 
20.52448809523809 21.0 
20.386573908730156 22.0 
19.48554861111111 32.0 
19.68884375 26.0 
20.075015376984126 23.0 
19.72425843253968 25.0 
19.556658234126985 30.0 
19.59197371031746 27.0 
19.246751488095235 35.0 
19.44115823412698 34.0 
19.477125496031746 33.0 
19.52863045634921 31.0 
