25.417813988095237 9.0 
24.283655753968254 10.0 
23.532565972222223 12.0 
21.803635912698415 16.0 
23.06267658730159 13.0 
22.65410119047619 14.0 
22.1575625 15.0 
20.617648809523807 18.0 
21.263317956349205 17.0 
19.934139384920634 24.0 
20.415235615079364 19.0 
20.209863591269844 22.0 
19.4900376984127 28.0 
19.24970634920635 35.0 
19.34656994047619 33.0 
19.733375992063493 25.0 
19.39681597222222 32.0 
19.253597718253967 34.0 
19.182869543650796 37.0 
31.04198908730159 7.0 
29.46800992063492 8.0 
