28.845156746031744 6.0 
27.013236111111116 7.0 
23.77869742063492 11.0 
23.22739781746032 12.0 
25.92869047619048 8.0 
25.041192460317458 9.0 
24.456401785714284 10.0 
19.735639880952384 23.0 
19.43803373015873 28.0 
22.753993055555554 13.0 
22.522619047619045 14.0 
21.716237103174603 15.0 
21.26882738095238 17.0 
21.034989087301586 18.0 
20.489082341269842 20.0 
19.04086507936508 35.0 
19.67787896825397 26.0 
19.34091765873016 29.0 
18.929610119047616 36.0 
19.168895337301585 32.0 
20.22420138888889 21.0 
19.469926587301586 27.0 
19.260403273809523 30.0 
19.09349007936508 33.0 
19.205811011904764 31.0 
19.765814484126984 22.0 
18.80703472222222 38.0 
