29.39152281746032 6.0 
27.601099206349204 7.0 
22.639989087301586 12.0 
25.394068452380953 8.0 
24.471106150793652 9.0 
21.906558531746033 14.0 
23.361314484126986 10.0 
22.358936507936505 13.0 
21.273709325396826 15.0 
23.19028968253968 11.0 
20.033090773809526 18.0 
20.644257440476192 16.0 
20.41082738095238 17.0 
19.822164682539682 19.0 
19.09501140873016 24.0 
19.29402628968254 21.0 
18.657951884920635 36.0 
19.499747023809523 20.0 
18.672570932539685 26.0 
18.62484275793651 38.0 
18.820422123015874 25.0 
19.210602678571426 22.0 
