25.965237599206354 7.0 
24.454952876984127 8.0 
23.825792162698413 9.0 
22.61329067460317 11.0 
19.023890873015873 26.0 
19.284811507936507 25.0 
19.45526736111111 21.0 
21.498796626984124 13.0 
19.375967757936507 23.0 
19.94734771825397 18.0 
19.80171974206349 19.0 
18.924930555555555 29.0 
18.919682043650795 30.0 
19.549300099206352 20.0 
21.67624603174603 12.0 
27.000868055555554 6.0 
23.550256944444445 10.0 
21.320079365079366 14.0 
20.340737103174604 15.0 
20.290900793650792 17.0 
19.35133134920635 24.0 
29.962381944444445 4.0 
28.1466810515873 5.0 
