1 44.33993809523808 38.0
1 43.78758492063492 40.0
1 46.38158809523809 37.0
2 43.78758492063492 40.0
2 44.0784380952381 36.0
3 44.0784380952381 36.0
3 43.762479365079365 39.0
4 44.0784380952381 36.0
4 43.478249206349204 37.0
5 43.478249206349204 37.0
5 42.51517777777777 39.0
5 43.829899999999995 36.0
6 42.51517777777777 39.0
6 43.477559523809525 36.0
7 42.51517777777777 39.0
7 43.477559523809525 36.0
7 44.02255793650793 35.0
8 42.51517777777777 39.0
8 43.477559523809525 36.0
8 44.02255793650793 35.0
9 42.422935714285714 35.0
10 42.422935714285714 35.0
11 42.19369841269841 36.0
11 42.256415873015875 35.0
12 42.19369841269841 36.0
12 42.256415873015875 35.0
13 42.19369841269841 36.0
13 42.256415873015875 35.0
14 42.19369841269841 36.0
14 42.256415873015875 35.0
15 42.19369841269841 36.0
15 42.256415873015875 35.0
15 41.06465793650793 39.0
16 42.256415873015875 35.0
16 41.06465793650793 39.0
16 43.62142460317459 34.0
16 41.93994523809524 36.0
17 42.256415873015875 35.0
17 41.06465793650793 39.0
17 41.93994523809524 36.0
17 42.94978174603174 34.0
18 42.256415873015875 35.0
18 41.06465793650793 39.0
18 42.94978174603174 34.0
19 42.256415873015875 35.0
19 41.06465793650793 39.0
19 42.94978174603174 34.0
19 41.93994523809524 36.0
20 42.256415873015875 35.0
20 41.06465793650793 39.0
20 42.94978174603174 34.0
20 41.93994523809524 36.0
21 42.256415873015875 35.0
21 41.06465793650793 39.0
21 42.94978174603174 34.0
21 41.93994523809524 36.0
22 42.256415873015875 35.0
22 41.06465793650793 39.0
22 42.94978174603174 34.0
22 41.93994523809524 36.0
22 41.92161031746032 38.0
22 43.55140079365079 33.0
23 42.256415873015875 35.0
23 41.93994523809524 36.0
23 40.97498968253969 37.0
23 42.63448253968253 33.0
24 42.256415873015875 35.0
24 41.93994523809524 36.0
24 40.97498968253969 37.0
24 42.63448253968253 33.0
25 41.93994523809524 36.0
25 40.97498968253969 37.0
25 42.63448253968253 33.0
25 42.02319365079366 35.0
25 40.785896825396826 40.0
26 41.93994523809524 36.0
26 40.97498968253969 37.0
26 42.63448253968253 33.0
26 42.02319365079366 35.0
26 40.785896825396826 40.0
27 40.97498968253969 37.0
27 42.63448253968253 33.0
27 42.02319365079366 35.0
27 40.785896825396826 40.0
27 41.740163492063495 36.0
28 40.97498968253969 37.0
28 42.63448253968253 33.0
28 42.02319365079366 35.0
28 40.785896825396826 40.0
28 41.740163492063495 36.0
28 43.547423809523806 31.0
28 42.23211984126984 34.0
29 40.97498968253969 37.0
29 42.63448253968253 33.0
29 42.02319365079366 35.0
29 40.785896825396826 40.0
29 41.740163492063495 36.0
29 43.547423809523806 31.0
29 42.23211984126984 34.0
30 40.97498968253969 37.0
30 42.63448253968253 33.0
30 42.02319365079366 35.0
30 40.785896825396826 40.0
30 43.547423809523806 31.0
30 42.23211984126984 34.0
30 41.3718753968254 36.0
31 40.97498968253969 37.0
31 42.63448253968253 33.0
31 42.02319365079366 35.0
31 40.785896825396826 40.0
31 43.547423809523806 31.0
31 42.23211984126984 34.0
31 41.3718753968254 36.0
32 40.97498968253969 37.0
32 42.63448253968253 33.0
32 42.02319365079366 35.0
32 40.785896825396826 40.0
32 43.547423809523806 31.0
32 42.23211984126984 34.0
32 41.3718753968254 36.0
33 40.97498968253969 37.0
33 42.63448253968253 33.0
33 42.02319365079366 35.0
33 40.785896825396826 40.0
33 43.547423809523806 31.0
33 41.3718753968254 36.0
33 42.092868253968255 34.0
34 40.97498968253969 37.0
34 40.785896825396826 40.0
34 42.06352857142858 30.0
34 41.15787063492063 34.0
35 40.97498968253969 37.0
35 40.785896825396826 40.0
35 42.06352857142858 30.0
35 41.15787063492063 34.0
36 40.97498968253969 37.0
36 40.785896825396826 40.0
36 42.06352857142858 30.0
36 41.15787063492063 34.0
37 40.97498968253969 37.0
37 40.785896825396826 40.0
37 42.06352857142858 30.0
37 41.15787063492063 34.0
37 41.649343650793654 33.0
38 40.97498968253969 37.0
38 40.785896825396826 40.0
38 42.06352857142858 30.0
38 41.15787063492063 34.0
38 41.649343650793654 33.0
39 40.97498968253969 37.0
39 40.785896825396826 40.0
39 42.06352857142858 30.0
39 41.649343650793654 33.0
39 40.984987301587296 34.0
40 40.97498968253969 37.0
40 40.785896825396826 40.0
40 42.06352857142858 30.0
40 41.649343650793654 33.0
40 40.984987301587296 34.0
41 40.97498968253969 37.0
41 40.785896825396826 40.0
41 42.06352857142858 30.0
41 41.649343650793654 33.0
41 40.984987301587296 34.0
42 40.97498968253969 37.0
42 40.785896825396826 40.0
42 42.06352857142858 30.0
42 41.649343650793654 33.0
42 40.984987301587296 34.0
43 40.97498968253969 37.0
43 40.785896825396826 40.0
43 42.06352857142858 30.0
43 41.649343650793654 33.0
43 40.984987301587296 34.0
44 40.97498968253969 37.0
44 40.785896825396826 40.0
44 42.06352857142858 30.0
44 41.649343650793654 33.0
44 40.984987301587296 34.0
45 40.97498968253969 37.0
45 40.785896825396826 40.0
45 42.06352857142858 30.0
45 41.649343650793654 33.0
45 40.984987301587296 34.0
46 40.97498968253969 37.0
46 40.785896825396826 40.0
46 42.06352857142858 30.0
46 41.649343650793654 33.0
46 40.984987301587296 34.0
47 40.97498968253969 37.0
47 40.785896825396826 40.0
47 42.06352857142858 30.0
47 41.649343650793654 33.0
47 40.984987301587296 34.0
48 40.97498968253969 37.0
48 40.785896825396826 40.0
48 42.06352857142858 30.0
48 41.649343650793654 33.0
48 40.984987301587296 34.0
49 40.97498968253969 37.0
49 40.785896825396826 40.0
49 42.06352857142858 30.0
49 41.649343650793654 33.0
49 40.984987301587296 34.0
50 40.97498968253969 37.0
50 40.785896825396826 40.0
50 42.06352857142858 30.0
50 41.649343650793654 33.0
50 40.984987301587296 34.0
51 40.97498968253969 37.0
51 40.785896825396826 40.0
51 42.06352857142858 30.0
51 41.649343650793654 33.0
51 40.984987301587296 34.0
52 40.97498968253969 37.0
52 40.785896825396826 40.0
52 42.06352857142858 30.0
52 41.649343650793654 33.0
52 40.984987301587296 34.0
53 40.97498968253969 37.0
53 40.785896825396826 40.0
53 42.06352857142858 30.0
53 41.649343650793654 33.0
53 40.984987301587296 34.0
54 40.97498968253969 37.0
54 40.785896825396826 40.0
54 42.06352857142858 30.0
54 41.649343650793654 33.0
54 40.984987301587296 34.0
55 40.97498968253969 37.0
55 40.785896825396826 40.0
55 42.06352857142858 30.0
55 41.649343650793654 33.0
55 40.984987301587296 34.0
56 40.97498968253969 37.0
56 40.785896825396826 40.0
56 42.06352857142858 30.0
56 41.649343650793654 33.0
56 40.984987301587296 34.0
57 40.97498968253969 37.0
57 40.785896825396826 40.0
57 42.06352857142858 30.0
57 41.649343650793654 33.0
57 40.984987301587296 34.0
58 40.97498968253969 37.0
58 40.785896825396826 40.0
58 42.06352857142858 30.0
58 41.649343650793654 33.0
58 40.984987301587296 34.0
59 40.97498968253969 37.0
59 40.785896825396826 40.0
59 42.06352857142858 30.0
59 41.649343650793654 33.0
59 40.984987301587296 34.0
60 40.97498968253969 37.0
60 40.785896825396826 40.0
60 42.06352857142858 30.0
60 41.649343650793654 33.0
60 40.984987301587296 34.0
61 40.97498968253969 37.0
61 40.785896825396826 40.0
61 42.06352857142858 30.0
61 41.649343650793654 33.0
61 40.984987301587296 34.0
62 40.97498968253969 37.0
62 40.785896825396826 40.0
62 42.06352857142858 30.0
62 41.649343650793654 33.0
62 40.984987301587296 34.0
63 40.97498968253969 37.0
63 40.785896825396826 40.0
63 42.06352857142858 30.0
63 41.649343650793654 33.0
63 40.984987301587296 34.0
64 40.97498968253969 37.0
64 40.785896825396826 40.0
64 42.06352857142858 30.0
64 41.649343650793654 33.0
64 40.984987301587296 34.0
65 40.97498968253969 37.0
65 40.785896825396826 40.0
65 42.06352857142858 30.0
65 41.649343650793654 33.0
65 40.984987301587296 34.0
66 40.785896825396826 40.0
66 42.06352857142858 30.0
66 41.649343650793654 33.0
66 40.984987301587296 34.0
67 40.785896825396826 40.0
67 42.06352857142858 30.0
67 41.649343650793654 33.0
67 40.984987301587296 34.0
68 40.785896825396826 40.0
68 42.06352857142858 30.0
68 41.649343650793654 33.0
68 40.984987301587296 34.0
69 40.785896825396826 40.0
69 42.06352857142858 30.0
69 41.649343650793654 33.0
69 40.984987301587296 34.0
70 40.785896825396826 40.0
70 42.06352857142858 30.0
70 41.649343650793654 33.0
70 40.984987301587296 34.0
71 40.785896825396826 40.0
71 42.06352857142858 30.0
71 41.649343650793654 33.0
71 40.984987301587296 34.0
72 40.785896825396826 40.0
72 42.06352857142858 30.0
72 41.649343650793654 33.0
72 40.984987301587296 34.0
73 40.785896825396826 40.0
73 42.06352857142858 30.0
73 41.649343650793654 33.0
73 40.984987301587296 34.0
74 40.785896825396826 40.0
74 42.06352857142858 30.0
74 41.649343650793654 33.0
74 40.984987301587296 34.0
75 40.785896825396826 40.0
75 42.06352857142858 30.0
75 41.649343650793654 33.0
75 40.984987301587296 34.0
76 40.785896825396826 40.0
76 42.06352857142858 30.0
76 41.649343650793654 33.0
76 40.984987301587296 34.0
77 40.785896825396826 40.0
77 42.06352857142858 30.0
77 41.649343650793654 33.0
77 40.984987301587296 34.0
78 40.785896825396826 40.0
78 42.06352857142858 30.0
78 41.649343650793654 33.0
78 40.984987301587296 34.0
79 40.785896825396826 40.0
79 42.06352857142858 30.0
79 41.649343650793654 33.0
79 40.984987301587296 34.0
80 40.785896825396826 40.0
80 42.06352857142858 30.0
80 41.649343650793654 33.0
80 40.984987301587296 34.0
81 40.785896825396826 40.0
81 42.06352857142858 30.0
81 41.649343650793654 33.0
81 40.984987301587296 34.0
82 40.785896825396826 40.0
82 42.06352857142858 30.0
82 41.649343650793654 33.0
82 40.984987301587296 34.0
83 40.785896825396826 40.0
83 42.06352857142858 30.0
83 41.649343650793654 33.0
83 40.984987301587296 34.0
84 40.785896825396826 40.0
84 42.06352857142858 30.0
84 41.649343650793654 33.0
84 40.984987301587296 34.0
85 40.785896825396826 40.0
85 42.06352857142858 30.0
85 41.649343650793654 33.0
85 40.984987301587296 34.0
86 40.785896825396826 40.0
86 42.06352857142858 30.0
86 41.649343650793654 33.0
86 40.984987301587296 34.0
87 40.785896825396826 40.0
87 42.06352857142858 30.0
87 41.649343650793654 33.0
87 40.984987301587296 34.0
88 40.785896825396826 40.0
88 42.06352857142858 30.0
88 41.649343650793654 33.0
88 40.984987301587296 34.0
89 40.785896825396826 40.0
89 42.06352857142858 30.0
89 41.649343650793654 33.0
89 40.984987301587296 34.0
90 40.785896825396826 40.0
90 42.06352857142858 30.0
90 41.649343650793654 33.0
90 40.984987301587296 34.0
91 40.785896825396826 40.0
91 42.06352857142858 30.0
91 41.649343650793654 33.0
91 40.984987301587296 34.0
92 40.785896825396826 40.0
92 42.06352857142858 30.0
92 41.649343650793654 33.0
92 40.984987301587296 34.0
93 40.785896825396826 40.0
93 42.06352857142858 30.0
93 41.649343650793654 33.0
93 40.984987301587296 34.0
94 40.785896825396826 40.0
94 42.06352857142858 30.0
94 41.649343650793654 33.0
94 40.984987301587296 34.0
95 40.785896825396826 40.0
95 42.06352857142858 30.0
95 41.649343650793654 33.0
95 40.984987301587296 34.0
96 40.785896825396826 40.0
96 42.06352857142858 30.0
96 41.649343650793654 33.0
96 40.984987301587296 34.0
97 40.785896825396826 40.0
97 42.06352857142858 30.0
97 41.649343650793654 33.0
97 40.984987301587296 34.0
98 40.785896825396826 40.0
98 42.06352857142858 30.0
98 41.649343650793654 33.0
98 40.984987301587296 34.0
99 40.785896825396826 40.0
99 42.06352857142858 30.0
99 41.649343650793654 33.0
99 40.984987301587296 34.0
100 40.785896825396826 40.0
100 42.06352857142858 30.0
100 41.649343650793654 33.0
100 40.984987301587296 34.0
