1 44.25030634920635 36.0
1 43.143946031746026 40.0
2 44.25030634920635 36.0
2 43.143946031746026 40.0
3 43.143946031746026 40.0
3 43.49728174603174 36.0
4 43.49728174603174 36.0
4 42.98382857142857 40.0
4 43.458166666666656 38.0
5 43.49728174603174 36.0
5 43.16917222222222 37.0
5 42.579344444444445 40.0
6 43.16917222222222 37.0
6 42.42364603174602 40.0
6 43.456070634920636 35.0
7 43.16917222222222 37.0
7 42.42364603174602 40.0
7 43.456070634920636 35.0
7 42.80517777777777 39.0
8 43.456070634920636 35.0
8 42.15484841269841 36.0
9 43.456070634920636 35.0
9 42.15484841269841 36.0
10 43.456070634920636 35.0
10 42.15484841269841 36.0
11 43.456070634920636 35.0
11 42.15484841269841 36.0
11 41.43247301587302 37.0
11 43.73825476190477 34.0
12 42.15484841269841 36.0
12 41.43247301587302 37.0
12 42.4588761904762 34.0
13 42.15484841269841 36.0
13 41.43247301587302 37.0
13 42.4588761904762 34.0
14 42.15484841269841 36.0
14 41.43247301587302 37.0
14 42.4588761904762 34.0
15 42.15484841269841 36.0
15 41.43247301587302 37.0
15 42.4588761904762 34.0
15 42.26119444444444 35.0
16 42.15484841269841 36.0
16 41.43247301587302 37.0
16 42.4588761904762 34.0
16 42.26119444444444 35.0
17 41.43247301587302 37.0
17 42.4588761904762 34.0
17 41.799528571428574 35.0
18 41.43247301587302 37.0
18 42.4588761904762 34.0
18 41.799528571428574 35.0
19 41.43247301587302 37.0
19 42.4588761904762 34.0
19 41.799528571428574 35.0
20 41.43247301587302 37.0
20 41.799528571428574 35.0
20 41.6739246031746 36.0
20 42.23716984126984 34.0
21 41.43247301587302 37.0
21 41.799528571428574 35.0
21 41.6739246031746 36.0
21 42.23716984126984 34.0
21 43.39097936507937 30.0
22 41.43247301587302 37.0
22 41.799528571428574 35.0
22 42.23716984126984 34.0
22 43.39097936507937 30.0
22 43.37967857142857 33.0
23 41.43247301587302 37.0
23 41.799528571428574 35.0
23 42.23716984126984 34.0
23 43.39097936507937 30.0
23 42.71480555555556 32.0
23 42.33777063492064 33.0
24 41.43247301587302 37.0
24 41.799528571428574 35.0
24 42.23716984126984 34.0
24 43.39097936507937 30.0
24 42.71480555555556 32.0
24 42.33777063492064 33.0
25 41.43247301587302 37.0
25 41.799528571428574 35.0
25 42.23716984126984 34.0
25 43.39097936507937 30.0
25 42.71480555555556 32.0
25 42.33777063492064 33.0
26 41.43247301587302 37.0
26 41.799528571428574 35.0
26 42.23716984126984 34.0
26 43.39097936507937 30.0
26 42.71480555555556 32.0
26 42.33777063492064 33.0
27 41.43247301587302 37.0
27 41.799528571428574 35.0
27 42.23716984126984 34.0
27 43.39097936507937 30.0
27 42.71480555555556 32.0
27 42.33777063492064 33.0
28 41.43247301587302 37.0
28 41.799528571428574 35.0
28 42.23716984126984 34.0
28 43.39097936507937 30.0
28 42.71480555555556 32.0
28 42.33777063492064 33.0
29 41.43247301587302 37.0
29 41.799528571428574 35.0
29 42.23716984126984 34.0
29 43.39097936507937 30.0
29 42.71480555555556 32.0
29 42.33777063492064 33.0
30 41.43247301587302 37.0
30 41.799528571428574 35.0
30 42.23716984126984 34.0
30 43.39097936507937 30.0
30 42.71480555555556 32.0
30 42.33777063492064 33.0
31 41.43247301587302 37.0
31 41.799528571428574 35.0
31 42.23716984126984 34.0
31 43.39097936507937 30.0
31 42.71480555555556 32.0
31 42.33777063492064 33.0
32 41.43247301587302 37.0
32 41.799528571428574 35.0
32 42.23716984126984 34.0
32 43.39097936507937 30.0
32 42.71480555555556 32.0
32 42.33777063492064 33.0
33 41.43247301587302 37.0
33 42.23716984126984 34.0
33 43.39097936507937 30.0
33 42.71480555555556 32.0
33 42.33777063492064 33.0
33 41.47280158730158 35.0
34 41.43247301587302 37.0
34 42.23716984126984 34.0
34 43.39097936507937 30.0
34 42.71480555555556 32.0
34 42.33777063492064 33.0
34 41.47280158730158 35.0
35 41.43247301587302 37.0
35 42.23716984126984 34.0
35 43.39097936507937 30.0
35 42.71480555555556 32.0
35 42.33777063492064 33.0
36 41.43247301587302 37.0
36 42.23716984126984 34.0
36 43.39097936507937 30.0
36 42.71480555555556 32.0
36 42.33777063492064 33.0
36 41.799528571428574 35.0
37 41.43247301587302 37.0
37 42.23716984126984 34.0
37 43.39097936507937 30.0
37 42.71480555555556 32.0
37 42.33777063492064 33.0
37 41.799528571428574 35.0
38 41.43247301587302 37.0
38 42.23716984126984 34.0
38 43.39097936507937 30.0
38 42.71480555555556 32.0
38 42.33777063492064 33.0
38 41.799528571428574 35.0
39 41.43247301587302 37.0
39 42.23716984126984 34.0
39 43.39097936507937 30.0
39 42.71480555555556 32.0
39 42.33777063492064 33.0
39 41.799528571428574 35.0
40 41.43247301587302 37.0
40 42.23716984126984 34.0
40 43.39097936507937 30.0
40 42.71480555555556 32.0
40 42.33777063492064 33.0
40 41.799528571428574 35.0
41 41.43247301587302 37.0
41 42.23716984126984 34.0
41 43.39097936507937 30.0
41 42.71480555555556 32.0
41 42.33777063492064 33.0
41 41.799528571428574 35.0
42 41.43247301587302 37.0
42 42.23716984126984 34.0
42 43.39097936507937 30.0
42 42.71480555555556 32.0
42 42.33777063492064 33.0
42 41.799528571428574 35.0
43 41.43247301587302 37.0
43 42.23716984126984 34.0
43 43.39097936507937 30.0
43 42.71480555555556 32.0
43 42.33777063492064 33.0
43 41.799528571428574 35.0
44 41.43247301587302 37.0
44 42.23716984126984 34.0
44 43.39097936507937 30.0
44 42.71480555555556 32.0
44 42.33777063492064 33.0
44 41.799528571428574 35.0
45 41.43247301587302 37.0
45 42.23716984126984 34.0
45 43.39097936507937 30.0
45 42.71480555555556 32.0
45 42.33777063492064 33.0
45 41.799528571428574 35.0
45 41.72451984126984 36.0
46 41.43247301587302 37.0
46 43.39097936507937 30.0
46 42.71480555555556 32.0
46 42.33777063492064 33.0
46 41.799528571428574 35.0
46 41.72451984126984 36.0
46 42.02068253968254 34.0
47 41.43247301587302 37.0
47 43.39097936507937 30.0
47 42.71480555555556 32.0
47 42.33777063492064 33.0
47 41.799528571428574 35.0
47 41.72451984126984 36.0
47 42.02068253968254 34.0
48 41.43247301587302 37.0
48 43.39097936507937 30.0
48 42.71480555555556 32.0
48 42.33777063492064 33.0
48 41.799528571428574 35.0
48 41.72451984126984 36.0
48 42.02068253968254 34.0
49 41.43247301587302 37.0
49 43.39097936507937 30.0
49 42.71480555555556 32.0
49 42.33777063492064 33.0
49 41.799528571428574 35.0
49 41.72451984126984 36.0
49 42.02068253968254 34.0
50 41.43247301587302 37.0
50 43.39097936507937 30.0
50 42.71480555555556 32.0
50 42.33777063492064 33.0
50 41.799528571428574 35.0
50 41.72451984126984 36.0
50 42.02068253968254 34.0
51 41.43247301587302 37.0
51 43.39097936507937 30.0
51 42.71480555555556 32.0
51 42.33777063492064 33.0
51 41.799528571428574 35.0
51 42.02068253968254 34.0
52 41.43247301587302 37.0
52 43.39097936507937 30.0
52 42.71480555555556 32.0
52 42.33777063492064 33.0
52 41.799528571428574 35.0
52 42.02068253968254 34.0
53 41.43247301587302 37.0
53 43.39097936507937 30.0
53 42.71480555555556 32.0
53 42.33777063492064 33.0
53 41.799528571428574 35.0
53 42.02068253968254 34.0
54 41.43247301587302 37.0
54 43.39097936507937 30.0
54 42.71480555555556 32.0
54 42.33777063492064 33.0
54 41.799528571428574 35.0
54 42.02068253968254 34.0
55 41.43247301587302 37.0
55 43.39097936507937 30.0
55 42.71480555555556 32.0
55 42.33777063492064 33.0
55 41.799528571428574 35.0
55 42.02068253968254 34.0
56 41.43247301587302 37.0
56 43.39097936507937 30.0
56 42.71480555555556 32.0
56 42.33777063492064 33.0
56 41.799528571428574 35.0
56 42.02068253968254 34.0
57 41.43247301587302 37.0
57 43.39097936507937 30.0
57 42.71480555555556 32.0
57 42.33777063492064 33.0
57 41.799528571428574 35.0
57 42.02068253968254 34.0
57 42.85804682539683 31.0
58 41.43247301587302 37.0
58 43.39097936507937 30.0
58 42.71480555555556 32.0
58 42.33777063492064 33.0
58 41.799528571428574 35.0
58 42.02068253968254 34.0
58 42.85804682539683 31.0
59 41.43247301587302 37.0
59 43.39097936507937 30.0
59 42.71480555555556 32.0
59 42.33777063492064 33.0
59 41.799528571428574 35.0
59 42.02068253968254 34.0
59 42.85804682539683 31.0
60 41.43247301587302 37.0
60 43.39097936507937 30.0
60 42.71480555555556 32.0
60 42.33777063492064 33.0
60 41.799528571428574 35.0
60 42.02068253968254 34.0
60 42.85804682539683 31.0
61 41.43247301587302 37.0
61 43.39097936507937 30.0
61 42.71480555555556 32.0
61 42.33777063492064 33.0
61 41.799528571428574 35.0
61 42.02068253968254 34.0
61 42.85804682539683 31.0
62 41.43247301587302 37.0
62 43.39097936507937 30.0
62 42.71480555555556 32.0
62 42.33777063492064 33.0
62 41.799528571428574 35.0
62 42.02068253968254 34.0
62 42.85804682539683 31.0
63 41.43247301587302 37.0
63 43.39097936507937 30.0
63 42.71480555555556 32.0
63 42.33777063492064 33.0
63 41.799528571428574 35.0
63 42.02068253968254 34.0
63 42.85804682539683 31.0
64 41.43247301587302 37.0
64 43.39097936507937 30.0
64 42.71480555555556 32.0
64 42.33777063492064 33.0
64 41.799528571428574 35.0
64 42.02068253968254 34.0
64 42.85804682539683 31.0
65 41.43247301587302 37.0
65 43.39097936507937 30.0
65 42.71480555555556 32.0
65 42.33777063492064 33.0
65 41.799528571428574 35.0
65 42.02068253968254 34.0
65 42.85804682539683 31.0
66 41.43247301587302 37.0
66 43.39097936507937 30.0
66 42.71480555555556 32.0
66 42.33777063492064 33.0
66 41.799528571428574 35.0
66 42.02068253968254 34.0
66 42.85804682539683 31.0
67 41.43247301587302 37.0
67 43.39097936507937 30.0
67 42.71480555555556 32.0
67 41.799528571428574 35.0
67 42.85804682539683 31.0
67 41.816741269841266 33.0
68 41.43247301587302 37.0
68 43.39097936507937 30.0
68 42.71480555555556 32.0
68 41.799528571428574 35.0
68 42.85804682539683 31.0
68 41.816741269841266 33.0
69 41.43247301587302 37.0
69 43.39097936507937 30.0
69 42.71480555555556 32.0
69 41.799528571428574 35.0
69 42.85804682539683 31.0
69 41.816741269841266 33.0
70 41.43247301587302 37.0
70 43.39097936507937 30.0
70 42.71480555555556 32.0
70 41.799528571428574 35.0
70 42.85804682539683 31.0
70 41.816741269841266 33.0
71 41.43247301587302 37.0
71 41.799528571428574 35.0
71 41.816741269841266 33.0
71 42.210610317460315 29.0
72 41.43247301587302 37.0
72 41.799528571428574 35.0
72 41.816741269841266 33.0
72 42.210610317460315 29.0
73 41.43247301587302 37.0
73 41.816741269841266 33.0
73 42.210610317460315 29.0
74 41.43247301587302 37.0
74 41.816741269841266 33.0
74 42.210610317460315 29.0
75 41.43247301587302 37.0
75 41.816741269841266 33.0
75 42.210610317460315 29.0
76 41.43247301587302 37.0
76 41.816741269841266 33.0
76 42.210610317460315 29.0
77 41.43247301587302 37.0
77 41.816741269841266 33.0
77 42.210610317460315 29.0
78 41.43247301587302 37.0
78 41.816741269841266 33.0
78 42.210610317460315 29.0
79 41.43247301587302 37.0
79 41.816741269841266 33.0
79 42.210610317460315 29.0
80 41.43247301587302 37.0
80 41.816741269841266 33.0
80 42.210610317460315 29.0
81 41.43247301587302 37.0
81 41.816741269841266 33.0
81 42.210610317460315 29.0
82 41.43247301587302 37.0
82 41.816741269841266 33.0
82 42.210610317460315 29.0
83 41.43247301587302 37.0
83 42.210610317460315 29.0
83 41.732348412698414 34.0
84 41.43247301587302 37.0
84 42.210610317460315 29.0
84 41.732348412698414 34.0
85 41.43247301587302 37.0
85 42.210610317460315 29.0
85 41.732348412698414 34.0
86 41.43247301587302 37.0
86 42.210610317460315 29.0
86 41.732348412698414 34.0
87 41.43247301587302 37.0
87 42.210610317460315 29.0
87 41.732348412698414 34.0
88 41.43247301587302 37.0
88 42.210610317460315 29.0
88 41.732348412698414 34.0
89 41.43247301587302 37.0
89 42.210610317460315 29.0
89 41.732348412698414 34.0
90 41.43247301587302 37.0
90 42.210610317460315 29.0
90 41.732348412698414 34.0
91 41.43247301587302 37.0
91 42.210610317460315 29.0
91 41.732348412698414 34.0
92 42.210610317460315 29.0
92 41.732348412698414 34.0
92 41.26519841269841 35.0
93 42.210610317460315 29.0
93 41.732348412698414 34.0
93 41.26519841269841 35.0
94 42.210610317460315 29.0
94 41.732348412698414 34.0
94 41.26519841269841 35.0
95 42.210610317460315 29.0
95 41.732348412698414 34.0
95 41.26519841269841 35.0
96 42.210610317460315 29.0
96 41.732348412698414 34.0
96 41.26519841269841 35.0
97 42.210610317460315 29.0
97 41.732348412698414 34.0
97 41.26519841269841 35.0
98 42.210610317460315 29.0
98 41.732348412698414 34.0
98 41.26519841269841 35.0
99 42.210610317460315 29.0
99 41.732348412698414 34.0
99 41.26519841269841 35.0
100 42.210610317460315 29.0
100 41.732348412698414 34.0
100 41.26519841269841 35.0
