1 43.45726031746031 42.0
1 44.98554761904762 35.0
1 44.70998174603175 37.0
2 44.98554761904762 35.0
2 42.75994682539683 42.0
2 44.152548412698415 36.0
2 43.613407936507926 37.0
3 44.98554761904762 35.0
3 42.75994682539683 42.0
3 43.613407936507926 37.0
3 43.98715238095238 36.0
3 43.14225952380953 40.0
3 43.52697619047619 39.0
3 45.66434682539683 34.0
4 44.98554761904762 35.0
4 42.75994682539683 42.0
4 43.98715238095238 36.0
4 43.14225952380953 40.0
4 45.66434682539683 34.0
4 43.262030158730155 37.0
5 44.98554761904762 35.0
5 42.75994682539683 42.0
5 43.14225952380953 40.0
5 45.66434682539683 34.0
5 43.91889126984126 36.0
5 43.250663492063495 37.0
6 42.75994682539683 42.0
6 43.50904047619048 34.0
6 43.11750714285715 36.0
7 42.75994682539683 42.0
7 43.50904047619048 34.0
7 43.11750714285715 36.0
7 42.91074365079365 39.0
8 42.75994682539683 42.0
8 43.50904047619048 34.0
8 43.11750714285715 36.0
8 42.91074365079365 39.0
9 42.75994682539683 42.0
9 43.50904047619048 34.0
9 43.11750714285715 36.0
9 42.91074365079365 39.0
10 42.75994682539683 42.0
10 43.50904047619048 34.0
10 43.11750714285715 36.0
10 42.91074365079365 39.0
11 42.75994682539683 42.0
11 43.50904047619048 34.0
11 43.11750714285715 36.0
11 42.91074365079365 39.0
12 43.50904047619048 34.0
12 42.95644444444444 36.0
12 42.187390476190465 37.0
13 43.50904047619048 34.0
13 42.95644444444444 36.0
13 42.187390476190465 37.0
14 43.50904047619048 34.0
14 42.95644444444444 36.0
14 42.187390476190465 37.0
15 43.50904047619048 34.0
15 42.95644444444444 36.0
15 42.187390476190465 37.0
16 43.50904047619048 34.0
16 42.95644444444444 36.0
16 42.187390476190465 37.0
17 43.50904047619048 34.0
17 42.95644444444444 36.0
17 42.187390476190465 37.0
18 43.50904047619048 34.0
18 42.95644444444444 36.0
18 42.187390476190465 37.0
19 43.50904047619048 34.0
19 42.95644444444444 36.0
19 42.187390476190465 37.0
19 43.49593412698413 35.0
20 43.50904047619048 34.0
20 42.187390476190465 37.0
20 43.49593412698413 35.0
20 42.49215714285714 36.0
20 44.542676984126985 32.0
21 43.50904047619048 34.0
21 42.187390476190465 37.0
21 43.49593412698413 35.0
21 42.49215714285714 36.0
21 44.542676984126985 32.0
22 43.50904047619048 34.0
22 42.187390476190465 37.0
22 42.49215714285714 36.0
22 44.542676984126985 32.0
22 42.831923015873016 35.0
23 43.50904047619048 34.0
23 42.187390476190465 37.0
23 44.542676984126985 32.0
23 42.26347857142857 36.0
23 42.60925634920634 35.0
24 43.50904047619048 34.0
24 42.187390476190465 37.0
24 44.542676984126985 32.0
24 42.26347857142857 36.0
24 42.60925634920634 35.0
25 42.187390476190465 37.0
25 44.542676984126985 32.0
25 42.26347857142857 36.0
25 42.50211269841271 33.0
26 42.187390476190465 37.0
26 44.542676984126985 32.0
26 42.26347857142857 36.0
26 42.50211269841271 33.0
26 42.077214285714284 41.0
27 42.187390476190465 37.0
27 44.542676984126985 32.0
27 42.26347857142857 36.0
27 42.50211269841271 33.0
27 42.077214285714284 41.0
28 44.542676984126985 32.0
28 42.26347857142857 36.0
28 42.50211269841271 33.0
28 41.65572857142857 41.0
29 44.542676984126985 32.0
29 42.26347857142857 36.0
29 42.50211269841271 33.0
29 41.65572857142857 41.0
30 44.542676984126985 32.0
30 42.26347857142857 36.0
30 42.50211269841271 33.0
30 41.65572857142857 41.0
30 42.04340952380953 40.0
31 44.542676984126985 32.0
31 42.50211269841271 33.0
31 41.65572857142857 41.0
31 42.04340952380953 40.0
31 42.1955388888889 36.0
32 44.542676984126985 32.0
32 42.50211269841271 33.0
32 42.1955388888889 36.0
32 41.08681825396825 40.0
32 42.10085873015873 39.0
33 44.542676984126985 32.0
33 42.50211269841271 33.0
33 42.1955388888889 36.0
33 41.08681825396825 40.0
33 42.10085873015873 39.0
34 44.542676984126985 32.0
34 42.50211269841271 33.0
34 42.1955388888889 36.0
34 41.08681825396825 40.0
34 42.10085873015873 39.0
35 44.542676984126985 32.0
35 42.50211269841271 33.0
35 42.1955388888889 36.0
35 41.08681825396825 40.0
35 42.10085873015873 39.0
36 44.542676984126985 32.0
36 42.50211269841271 33.0
36 42.1955388888889 36.0
36 41.08681825396825 40.0
36 42.10085873015873 39.0
37 44.542676984126985 32.0
37 42.50211269841271 33.0
37 42.1955388888889 36.0
37 41.08681825396825 40.0
37 42.10085873015873 39.0
38 44.542676984126985 32.0
38 42.50211269841271 33.0
38 42.1955388888889 36.0
38 41.08681825396825 40.0
38 42.10085873015873 39.0
39 44.542676984126985 32.0
39 42.50211269841271 33.0
39 42.1955388888889 36.0
39 41.08681825396825 40.0
39 42.10085873015873 39.0
40 44.542676984126985 32.0
40 42.50211269841271 33.0
40 42.1955388888889 36.0
40 41.08681825396825 40.0
40 42.10085873015873 39.0
41 44.542676984126985 32.0
41 42.50211269841271 33.0
41 42.1955388888889 36.0
41 41.08681825396825 40.0
41 42.10085873015873 39.0
41 42.2143880952381 35.0
42 44.542676984126985 32.0
42 42.50211269841271 33.0
42 42.1955388888889 36.0
42 41.08681825396825 40.0
42 42.10085873015873 39.0
42 42.2143880952381 35.0
43 44.542676984126985 32.0
43 42.50211269841271 33.0
43 41.08681825396825 40.0
43 41.64188333333333 35.0
44 44.542676984126985 32.0
44 42.50211269841271 33.0
44 41.08681825396825 40.0
44 41.64188333333333 35.0
45 44.542676984126985 32.0
45 42.50211269841271 33.0
45 41.08681825396825 40.0
45 41.18320873015873 34.0
46 42.50211269841271 33.0
46 41.08681825396825 40.0
46 41.18320873015873 34.0
46 43.286449206349204 32.0
47 42.50211269841271 33.0
47 41.08681825396825 40.0
47 41.18320873015873 34.0
47 43.286449206349204 32.0
48 40.13238571428572 31.0
49 40.13238571428572 31.0
50 40.13238571428572 31.0
51 40.13238571428572 31.0
52 40.13238571428572 31.0
53 40.13238571428572 31.0
54 40.13238571428572 31.0
55 40.13238571428572 31.0
56 40.13238571428572 31.0
57 40.13238571428572 31.0
58 40.13238571428572 31.0
59 40.13238571428572 31.0
60 40.13238571428572 31.0
61 40.13238571428572 31.0
62 40.13238571428572 31.0
63 40.13238571428572 31.0
64 40.13238571428572 31.0
65 40.13238571428572 31.0
66 40.13238571428572 31.0
67 40.13238571428572 31.0
68 40.13238571428572 31.0
69 40.13238571428572 31.0
70 40.13238571428572 31.0
71 40.13238571428572 31.0
72 40.13238571428572 31.0
73 40.13238571428572 31.0
74 40.13238571428572 31.0
75 40.13238571428572 31.0
76 40.13238571428572 31.0
77 40.13238571428572 31.0
78 40.13238571428572 31.0
79 40.13238571428572 31.0
80 40.13238571428572 31.0
81 40.13238571428572 31.0
82 40.13238571428572 31.0
83 40.13238571428572 31.0
84 40.13238571428572 31.0
85 40.13238571428572 31.0
86 40.13238571428572 31.0
87 40.13238571428572 31.0
88 40.13238571428572 31.0
89 40.13238571428572 31.0
90 40.13238571428572 31.0
91 40.13238571428572 31.0
92 40.13238571428572 31.0
93 40.13238571428572 31.0
94 40.13238571428572 31.0
95 40.13238571428572 31.0
96 40.13238571428572 31.0
97 40.13238571428572 31.0
98 40.13238571428572 31.0
99 40.13238571428572 31.0
100 40.13238571428572 31.0
