1 45.191928571428576 36.0
1 43.270108730158725 40.0
1 44.50099365079365 37.0
2 45.191928571428576 36.0
2 43.270108730158725 40.0
2 44.50099365079365 37.0
3 45.191928571428576 36.0
3 43.270108730158725 40.0
3 44.50099365079365 37.0
3 43.476423809523816 38.0
4 43.270108730158725 40.0
4 43.46801031746031 36.0
5 43.270108730158725 40.0
5 43.46801031746031 36.0
6 43.270108730158725 40.0
6 43.46801031746031 36.0
6 42.82462063492064 42.0
7 43.270108730158725 40.0
7 43.46801031746031 36.0
7 42.82462063492064 42.0
8 43.270108730158725 40.0
8 42.82462063492064 42.0
8 43.34221111111111 34.0
9 43.34221111111111 34.0
9 42.70672936507936 36.0
9 41.89735952380953 37.0
10 43.34221111111111 34.0
10 42.70672936507936 36.0
10 41.89735952380953 37.0
10 42.781103968253966 35.0
11 43.34221111111111 34.0
11 42.70672936507936 36.0
11 41.89735952380953 37.0
11 42.781103968253966 35.0
12 43.34221111111111 34.0
12 41.89735952380953 37.0
12 42.58603015873016 35.0
13 43.34221111111111 34.0
13 41.89735952380953 37.0
13 42.58603015873016 35.0
13 42.548323015873 36.0
14 41.89735952380953 37.0
14 42.52731111111111 34.0
15 42.52731111111111 34.0
15 41.47342063492064 36.0
16 42.52731111111111 34.0
16 41.47342063492064 36.0
17 41.47342063492064 36.0
17 42.288917460317464 32.0
18 41.47342063492064 36.0
18 42.288917460317464 32.0
19 41.47342063492064 36.0
19 42.288917460317464 32.0
20 41.47342063492064 36.0
20 42.288917460317464 32.0
21 41.47342063492064 36.0
21 42.288917460317464 32.0
22 41.47342063492064 36.0
22 42.288917460317464 32.0
22 42.11680396825397 34.0
23 41.47342063492064 36.0
23 42.288917460317464 32.0
24 41.47342063492064 36.0
24 42.288917460317464 32.0
24 42.11680396825397 34.0
25 41.47342063492064 36.0
25 42.288917460317464 32.0
25 42.11680396825397 34.0
26 41.47342063492064 36.0
26 42.288917460317464 32.0
26 42.11680396825397 34.0
27 41.47342063492064 36.0
27 42.288917460317464 32.0
27 42.11680396825397 34.0
28 41.47342063492064 36.0
28 42.288917460317464 32.0
28 42.11680396825397 34.0
29 41.47342063492064 36.0
29 42.288917460317464 32.0
29 42.11680396825397 34.0
30 41.47342063492064 36.0
30 42.288917460317464 32.0
30 42.11680396825397 34.0
30 40.62461746031747 38.0
31 41.47342063492064 36.0
31 42.288917460317464 32.0
31 42.11680396825397 34.0
31 40.62461746031747 38.0
32 41.47342063492064 36.0
32 42.288917460317464 32.0
32 42.11680396825397 34.0
32 40.62461746031747 38.0
33 41.47342063492064 36.0
33 42.288917460317464 32.0
33 42.11680396825397 34.0
33 40.62461746031747 38.0
34 42.288917460317464 32.0
34 42.11680396825397 34.0
34 40.62461746031747 38.0
34 41.43077777777778 36.0
35 42.288917460317464 32.0
35 42.11680396825397 34.0
35 40.62461746031747 38.0
35 41.43077777777778 36.0
36 42.288917460317464 32.0
36 42.11680396825397 34.0
36 40.62461746031747 38.0
36 41.43077777777778 36.0
37 42.288917460317464 32.0
37 40.62461746031747 38.0
37 41.70581825396825 33.0
37 40.99590634920635 36.0
38 42.288917460317464 32.0
38 40.62461746031747 38.0
38 41.70581825396825 33.0
38 40.99590634920635 36.0
39 42.288917460317464 32.0
39 40.62461746031747 38.0
39 41.70581825396825 33.0
39 40.99590634920635 36.0
40 42.288917460317464 32.0
40 40.62461746031747 38.0
40 41.70581825396825 33.0
40 40.99590634920635 36.0
41 42.288917460317464 32.0
41 40.62461746031747 38.0
41 41.70581825396825 33.0
41 40.99590634920635 36.0
42 42.288917460317464 32.0
42 40.62461746031747 38.0
42 41.70581825396825 33.0
42 40.99590634920635 36.0
43 42.288917460317464 32.0
43 40.62461746031747 38.0
43 41.70581825396825 33.0
43 40.99590634920635 36.0
44 42.288917460317464 32.0
44 40.62461746031747 38.0
44 41.70581825396825 33.0
44 40.99590634920635 36.0
45 42.288917460317464 32.0
45 40.62461746031747 38.0
45 41.70581825396825 33.0
45 40.99590634920635 36.0
46 42.288917460317464 32.0
46 40.62461746031747 38.0
46 41.70581825396825 33.0
46 40.99590634920635 36.0
47 42.288917460317464 32.0
47 40.62461746031747 38.0
47 41.70581825396825 33.0
47 40.99590634920635 36.0
48 42.288917460317464 32.0
48 40.62461746031747 38.0
48 41.70581825396825 33.0
48 40.99590634920635 36.0
49 42.288917460317464 32.0
49 40.62461746031747 38.0
49 41.70581825396825 33.0
49 40.99590634920635 36.0
50 42.288917460317464 32.0
50 40.62461746031747 38.0
50 41.70581825396825 33.0
50 40.99590634920635 36.0
51 42.288917460317464 32.0
51 40.62461746031747 38.0
51 41.70581825396825 33.0
51 40.99590634920635 36.0
52 42.288917460317464 32.0
52 40.62461746031747 38.0
52 41.70581825396825 33.0
52 40.99590634920635 36.0
53 42.288917460317464 32.0
53 40.62461746031747 38.0
53 41.70581825396825 33.0
53 40.99590634920635 36.0
54 42.288917460317464 32.0
54 40.62461746031747 38.0
54 41.70581825396825 33.0
54 40.99590634920635 36.0
55 42.288917460317464 32.0
55 40.62461746031747 38.0
55 41.70581825396825 33.0
55 40.99590634920635 36.0
56 42.288917460317464 32.0
56 40.62461746031747 38.0
56 41.70581825396825 33.0
56 40.99590634920635 36.0
57 42.288917460317464 32.0
57 40.62461746031747 38.0
57 41.70581825396825 33.0
57 40.99590634920635 36.0
58 42.288917460317464 32.0
58 40.62461746031747 38.0
58 41.70581825396825 33.0
58 40.99590634920635 36.0
59 42.288917460317464 32.0
59 40.62461746031747 38.0
59 41.70581825396825 33.0
59 40.99590634920635 36.0
60 42.288917460317464 32.0
60 40.62461746031747 38.0
60 41.70581825396825 33.0
60 40.99590634920635 36.0
61 42.288917460317464 32.0
61 40.62461746031747 38.0
61 41.70581825396825 33.0
61 40.99590634920635 36.0
62 42.288917460317464 32.0
62 40.62461746031747 38.0
62 41.70581825396825 33.0
62 40.99590634920635 36.0
63 42.288917460317464 32.0
63 40.62461746031747 38.0
63 41.70581825396825 33.0
63 40.99590634920635 36.0
64 42.288917460317464 32.0
64 40.62461746031747 38.0
64 41.70581825396825 33.0
64 40.99590634920635 36.0
65 42.288917460317464 32.0
65 40.62461746031747 38.0
65 41.70581825396825 33.0
65 40.99590634920635 36.0
66 42.288917460317464 32.0
66 40.62461746031747 38.0
66 41.70581825396825 33.0
66 40.99590634920635 36.0
67 42.288917460317464 32.0
67 40.62461746031747 38.0
67 41.70581825396825 33.0
67 40.99590634920635 36.0
68 42.288917460317464 32.0
68 40.62461746031747 38.0
68 41.70581825396825 33.0
68 40.99590634920635 36.0
69 42.288917460317464 32.0
69 40.62461746031747 38.0
69 41.70581825396825 33.0
69 40.99590634920635 36.0
70 42.288917460317464 32.0
70 40.62461746031747 38.0
70 41.70581825396825 33.0
70 40.99590634920635 36.0
71 42.288917460317464 32.0
71 40.62461746031747 38.0
71 41.70581825396825 33.0
71 40.99590634920635 36.0
72 42.288917460317464 32.0
72 40.62461746031747 38.0
72 41.70581825396825 33.0
72 40.79996507936508 36.0
73 42.288917460317464 32.0
73 40.62461746031747 38.0
73 41.70581825396825 33.0
73 40.79996507936508 36.0
73 41.601665873015875 35.0
74 42.288917460317464 32.0
74 40.62461746031747 38.0
74 41.70581825396825 33.0
74 40.79996507936508 36.0
74 41.601665873015875 35.0
75 42.288917460317464 32.0
75 40.62461746031747 38.0
75 40.79996507936508 36.0
75 41.601665873015875 35.0
75 41.616010317460315 33.0
76 42.288917460317464 32.0
76 40.62461746031747 38.0
76 40.79996507936508 36.0
76 41.601665873015875 35.0
76 41.616010317460315 33.0
77 42.288917460317464 32.0
77 40.62461746031747 38.0
77 40.79996507936508 36.0
77 41.601665873015875 35.0
77 41.616010317460315 33.0
78 42.288917460317464 32.0
78 40.62461746031747 38.0
78 40.79996507936508 36.0
78 41.601665873015875 35.0
78 41.616010317460315 33.0
79 42.288917460317464 32.0
79 40.62461746031747 38.0
79 40.79996507936508 36.0
79 41.601665873015875 35.0
79 41.616010317460315 33.0
80 40.62461746031747 38.0
80 40.79996507936508 36.0
80 41.59317936507936 32.0
81 40.62461746031747 38.0
81 40.79996507936508 36.0
81 41.59317936507936 32.0
82 40.62461746031747 38.0
82 40.79996507936508 36.0
82 41.59317936507936 32.0
83 40.62461746031747 38.0
83 40.79996507936508 36.0
83 41.59317936507936 32.0
84 40.62461746031747 38.0
84 40.79996507936508 36.0
84 41.59317936507936 32.0
85 40.62461746031747 38.0
85 40.79996507936508 36.0
85 41.59317936507936 32.0
86 40.62461746031747 38.0
86 40.79996507936508 36.0
86 41.59317936507936 32.0
87 40.62461746031747 38.0
87 40.79996507936508 36.0
87 41.59317936507936 32.0
88 40.62461746031747 38.0
88 40.79996507936508 36.0
88 41.59317936507936 32.0
89 40.62461746031747 38.0
89 40.79996507936508 36.0
89 41.59317936507936 32.0
90 40.62461746031747 38.0
90 40.79996507936508 36.0
90 41.59317936507936 32.0
91 40.62461746031747 38.0
91 40.79996507936508 36.0
91 41.59317936507936 32.0
92 40.62461746031747 38.0
92 40.79996507936508 36.0
92 41.59317936507936 32.0
93 40.62461746031747 38.0
93 40.79996507936508 36.0
93 41.59317936507936 32.0
94 40.62461746031747 38.0
94 40.79996507936508 36.0
94 41.59317936507936 32.0
95 40.62461746031747 38.0
95 40.79996507936508 36.0
95 41.59317936507936 32.0
96 40.62461746031747 38.0
96 40.79996507936508 36.0
96 41.59317936507936 32.0
97 40.62461746031747 38.0
97 40.79996507936508 36.0
97 41.59317936507936 32.0
98 40.62461746031747 38.0
98 40.79996507936508 36.0
98 41.59317936507936 32.0
99 40.62461746031747 38.0
99 40.79996507936508 36.0
99 41.59317936507936 32.0
100 40.62461746031747 38.0
100 40.79996507936508 36.0
100 41.59317936507936 32.0
