1 43.66359365079364 40.0
1 43.974177777777776 36.0
2 43.66359365079364 40.0
2 43.974177777777776 36.0
2 42.596524603174615 42.0
3 43.974177777777776 36.0
3 42.596524603174615 42.0
3 43.172776190476185 37.0
4 43.974177777777776 36.0
4 42.596524603174615 42.0
4 43.172776190476185 37.0
4 45.45216349206349 35.0
5 43.974177777777776 36.0
5 43.172776190476185 37.0
5 45.45216349206349 35.0
5 42.10919761904762 42.0
6 43.172776190476185 37.0
6 42.10919761904762 42.0
6 43.82236507936507 34.0
7 43.82236507936507 34.0
7 41.46085238095238 39.0
7 42.633185714285716 38.0
7 42.63932698412698 36.0
8 43.82236507936507 34.0
8 41.46085238095238 39.0
8 42.63932698412698 36.0
8 43.50349126984127 35.0
9 43.82236507936507 34.0
9 41.46085238095238 39.0
9 42.63932698412698 36.0
10 43.82236507936507 34.0
10 41.46085238095238 39.0
10 43.61051666666667 35.0
10 42.52215952380951 36.0
11 43.82236507936507 34.0
11 41.46085238095238 39.0
11 43.61051666666667 35.0
11 42.52215952380951 36.0
12 43.82236507936507 34.0
12 41.46085238095238 39.0
12 43.61051666666667 35.0
13 43.82236507936507 34.0
13 41.46085238095238 39.0
13 43.61051666666667 35.0
13 42.63932698412698 36.0
14 43.82236507936507 34.0
14 41.46085238095238 39.0
14 43.61051666666667 35.0
14 42.63932698412698 36.0
15 43.82236507936507 34.0
15 41.46085238095238 39.0
15 43.61051666666667 35.0
15 42.63932698412698 36.0
16 43.82236507936507 34.0
16 41.46085238095238 39.0
16 43.61051666666667 35.0
16 42.63932698412698 36.0
17 43.82236507936507 34.0
17 41.46085238095238 39.0
17 43.61051666666667 35.0
17 42.63932698412698 36.0
18 43.82236507936507 34.0
18 41.46085238095238 39.0
18 43.61051666666667 35.0
18 42.63932698412698 36.0
18 41.8530380952381 37.0
19 43.82236507936507 34.0
19 41.46085238095238 39.0
19 41.8530380952381 37.0
19 42.16662936507936 35.0
20 41.46085238095238 39.0
20 41.8530380952381 37.0
20 42.16662936507936 35.0
20 41.6498753968254 38.0
20 42.58749682539682 34.0
21 41.46085238095238 39.0
21 41.8530380952381 37.0
21 42.16662936507936 35.0
21 41.6498753968254 38.0
21 42.58749682539682 34.0
22 41.46085238095238 39.0
22 41.8530380952381 37.0
22 42.16662936507936 35.0
22 41.6498753968254 38.0
22 42.58749682539682 34.0
23 41.46085238095238 39.0
23 41.8530380952381 37.0
23 42.16662936507936 35.0
23 41.6498753968254 38.0
23 42.58749682539682 34.0
24 41.46085238095238 39.0
24 41.8530380952381 37.0
24 41.6498753968254 38.0
24 42.16610714285714 34.0
25 41.46085238095238 39.0
25 41.8530380952381 37.0
25 41.6498753968254 38.0
25 42.16610714285714 34.0
25 43.74811349206348 33.0
26 41.46085238095238 39.0
26 41.8530380952381 37.0
26 41.6498753968254 38.0
26 42.16610714285714 34.0
26 43.74811349206348 33.0
27 41.46085238095238 39.0
27 41.8530380952381 37.0
27 41.6498753968254 38.0
27 42.16610714285714 34.0
27 43.74811349206348 33.0
28 41.46085238095238 39.0
28 41.8530380952381 37.0
28 41.6498753968254 38.0
28 42.16610714285714 34.0
28 43.74811349206348 33.0
29 41.46085238095238 39.0
29 41.8530380952381 37.0
29 41.6498753968254 38.0
29 42.16610714285714 34.0
29 43.74811349206348 33.0
30 41.46085238095238 39.0
30 41.6498753968254 38.0
30 42.16610714285714 34.0
30 43.42752380952381 33.0
31 41.46085238095238 39.0
31 41.6498753968254 38.0
31 42.16610714285714 34.0
31 43.42752380952381 33.0
32 41.46085238095238 39.0
32 41.6498753968254 38.0
32 42.16610714285714 34.0
32 43.42752380952381 33.0
33 41.46085238095238 39.0
33 41.6498753968254 38.0
33 42.16610714285714 34.0
33 43.42752380952381 33.0
34 41.46085238095238 39.0
34 41.6498753968254 38.0
34 42.16610714285714 34.0
34 43.42752380952381 33.0
35 41.46085238095238 39.0
35 41.6498753968254 38.0
35 42.16610714285714 34.0
35 42.17492222222222 33.0
36 41.46085238095238 39.0
36 41.6498753968254 38.0
36 42.16610714285714 34.0
36 42.17492222222222 33.0
37 41.46085238095238 39.0
37 41.6498753968254 38.0
37 42.16610714285714 34.0
37 42.17492222222222 33.0
38 41.46085238095238 39.0
38 41.6498753968254 38.0
38 42.16610714285714 34.0
38 42.17492222222222 33.0
39 41.46085238095238 39.0
39 41.6498753968254 38.0
39 42.16610714285714 34.0
39 42.17492222222222 33.0
40 41.46085238095238 39.0
40 41.6498753968254 38.0
40 42.17492222222222 33.0
41 41.46085238095238 39.0
41 41.6498753968254 38.0
41 42.17492222222222 33.0
41 42.16662936507936 35.0
42 41.46085238095238 39.0
42 42.17492222222222 33.0
42 42.16662936507936 35.0
43 41.46085238095238 39.0
43 42.17492222222222 33.0
43 42.16662936507936 35.0
43 41.713701587301586 38.0
44 41.46085238095238 39.0
44 42.17492222222222 33.0
44 42.16662936507936 35.0
44 41.713701587301586 38.0
45 41.46085238095238 39.0
45 42.17492222222222 33.0
45 42.16662936507936 35.0
45 41.713701587301586 38.0
46 41.46085238095238 39.0
46 42.17492222222222 33.0
46 42.16662936507936 35.0
46 41.713701587301586 38.0
47 41.46085238095238 39.0
47 42.17492222222222 33.0
47 42.16662936507936 35.0
47 41.713701587301586 38.0
48 41.46085238095238 39.0
48 42.17492222222222 33.0
48 42.16662936507936 35.0
48 41.713701587301586 38.0
49 41.46085238095238 39.0
49 42.17492222222222 33.0
49 42.16662936507936 35.0
49 41.713701587301586 38.0
50 41.46085238095238 39.0
50 42.17492222222222 33.0
50 42.16662936507936 35.0
50 41.713701587301586 38.0
51 41.46085238095238 39.0
51 42.17492222222222 33.0
51 42.16662936507936 35.0
51 41.713701587301586 38.0
52 41.46085238095238 39.0
52 42.17492222222222 33.0
52 42.16662936507936 35.0
52 41.713701587301586 38.0
53 41.46085238095238 39.0
53 42.17492222222222 33.0
53 42.16662936507936 35.0
53 41.713701587301586 38.0
54 41.46085238095238 39.0
54 42.17492222222222 33.0
54 42.16662936507936 35.0
54 41.713701587301586 38.0
54 41.96454126984128 37.0
55 41.46085238095238 39.0
55 42.17492222222222 33.0
55 42.16662936507936 35.0
55 41.713701587301586 38.0
55 41.96454126984128 37.0
56 41.46085238095238 39.0
56 42.17492222222222 33.0
56 42.16662936507936 35.0
56 41.713701587301586 38.0
56 41.96454126984128 37.0
57 41.46085238095238 39.0
57 42.17492222222222 33.0
57 42.16662936507936 35.0
57 41.713701587301586 38.0
57 41.96454126984128 37.0
58 41.46085238095238 39.0
58 42.17492222222222 33.0
58 42.16662936507936 35.0
58 41.713701587301586 38.0
58 41.96454126984128 37.0
59 41.46085238095238 39.0
59 42.17492222222222 33.0
59 42.16662936507936 35.0
59 41.713701587301586 38.0
59 41.96454126984128 37.0
60 41.46085238095238 39.0
60 42.17492222222222 33.0
60 42.16662936507936 35.0
60 41.713701587301586 38.0
60 41.96454126984128 37.0
61 41.46085238095238 39.0
61 42.17492222222222 33.0
61 41.713701587301586 38.0
61 41.96454126984128 37.0
61 42.011954761904775 35.0
62 41.46085238095238 39.0
62 42.17492222222222 33.0
62 41.713701587301586 38.0
62 41.96454126984128 37.0
62 42.011954761904775 35.0
63 41.46085238095238 39.0
63 42.17492222222222 33.0
63 41.713701587301586 38.0
63 42.011954761904775 35.0
63 41.907087301587296 36.0
64 41.46085238095238 39.0
64 42.17492222222222 33.0
64 41.713701587301586 38.0
64 42.011954761904775 35.0
64 41.907087301587296 36.0
65 41.46085238095238 39.0
65 42.17492222222222 33.0
65 41.713701587301586 38.0
65 42.011954761904775 35.0
65 41.907087301587296 36.0
66 41.46085238095238 39.0
66 42.17492222222222 33.0
66 41.713701587301586 38.0
66 42.011954761904775 35.0
66 41.907087301587296 36.0
67 41.46085238095238 39.0
67 42.17492222222222 33.0
67 41.713701587301586 38.0
67 42.011954761904775 35.0
67 41.907087301587296 36.0
68 41.46085238095238 39.0
68 42.17492222222222 33.0
68 41.713701587301586 38.0
68 42.011954761904775 35.0
68 41.907087301587296 36.0
69 41.46085238095238 39.0
69 42.17492222222222 33.0
69 41.713701587301586 38.0
69 42.011954761904775 35.0
69 41.907087301587296 36.0
70 41.46085238095238 39.0
70 42.17492222222222 33.0
70 41.713701587301586 38.0
70 42.011954761904775 35.0
70 41.907087301587296 36.0
71 41.46085238095238 39.0
71 42.17492222222222 33.0
71 41.713701587301586 38.0
71 42.011954761904775 35.0
71 41.907087301587296 36.0
72 41.46085238095238 39.0
72 42.17492222222222 33.0
72 41.713701587301586 38.0
72 42.011954761904775 35.0
72 41.907087301587296 36.0
73 41.46085238095238 39.0
73 42.17492222222222 33.0
73 41.713701587301586 38.0
73 42.011954761904775 35.0
73 41.907087301587296 36.0
74 41.46085238095238 39.0
74 42.17492222222222 33.0
74 41.713701587301586 38.0
74 42.011954761904775 35.0
74 41.907087301587296 36.0
75 41.46085238095238 39.0
75 42.17492222222222 33.0
75 41.713701587301586 38.0
75 42.011954761904775 35.0
75 41.907087301587296 36.0
76 41.46085238095238 39.0
76 42.17492222222222 33.0
76 41.713701587301586 38.0
76 42.011954761904775 35.0
76 41.907087301587296 36.0
77 41.46085238095238 39.0
77 42.17492222222222 33.0
77 41.713701587301586 38.0
77 42.011954761904775 35.0
77 41.907087301587296 36.0
78 41.46085238095238 39.0
78 42.17492222222222 33.0
78 41.713701587301586 38.0
78 42.011954761904775 35.0
78 41.907087301587296 36.0
79 41.46085238095238 39.0
79 42.17492222222222 33.0
79 41.713701587301586 38.0
79 42.011954761904775 35.0
79 41.907087301587296 36.0
80 41.46085238095238 39.0
80 42.17492222222222 33.0
80 41.713701587301586 38.0
80 42.011954761904775 35.0
80 41.907087301587296 36.0
81 41.46085238095238 39.0
81 42.17492222222222 33.0
81 41.713701587301586 38.0
81 42.011954761904775 35.0
81 41.907087301587296 36.0
82 41.46085238095238 39.0
82 42.17492222222222 33.0
82 41.713701587301586 38.0
82 42.011954761904775 35.0
82 41.907087301587296 36.0
83 41.46085238095238 39.0
83 42.17492222222222 33.0
83 41.713701587301586 38.0
83 42.011954761904775 35.0
83 41.907087301587296 36.0
84 41.46085238095238 39.0
84 42.17492222222222 33.0
84 41.713701587301586 38.0
84 42.011954761904775 35.0
84 41.907087301587296 36.0
85 41.46085238095238 39.0
85 42.17492222222222 33.0
85 41.713701587301586 38.0
85 42.011954761904775 35.0
85 41.907087301587296 36.0
86 41.46085238095238 39.0
86 42.17492222222222 33.0
86 41.713701587301586 38.0
86 42.011954761904775 35.0
86 41.907087301587296 36.0
86 43.37211984126984 32.0
87 41.46085238095238 39.0
87 42.17492222222222 33.0
87 41.713701587301586 38.0
87 42.011954761904775 35.0
87 43.37211984126984 32.0
88 41.46085238095238 39.0
88 42.17492222222222 33.0
88 41.713701587301586 38.0
88 42.011954761904775 35.0
88 43.37211984126984 32.0
89 41.46085238095238 39.0
89 42.17492222222222 33.0
89 41.713701587301586 38.0
89 42.011954761904775 35.0
89 43.37211984126984 32.0
90 41.46085238095238 39.0
90 42.17492222222222 33.0
90 41.713701587301586 38.0
90 42.011954761904775 35.0
90 43.37211984126984 32.0
91 41.46085238095238 39.0
91 42.17492222222222 33.0
91 41.713701587301586 38.0
91 42.011954761904775 35.0
91 43.37211984126984 32.0
92 41.46085238095238 39.0
92 42.17492222222222 33.0
92 41.713701587301586 38.0
92 42.011954761904775 35.0
92 43.37211984126984 32.0
93 41.46085238095238 39.0
93 42.17492222222222 33.0
93 41.713701587301586 38.0
93 42.011954761904775 35.0
93 43.37211984126984 32.0
94 41.46085238095238 39.0
94 42.17492222222222 33.0
94 41.713701587301586 38.0
94 42.011954761904775 35.0
94 43.37211984126984 32.0
95 41.46085238095238 39.0
95 42.17492222222222 33.0
95 41.713701587301586 38.0
95 42.011954761904775 35.0
95 43.37211984126984 32.0
96 41.46085238095238 39.0
96 42.17492222222222 33.0
96 41.713701587301586 38.0
96 42.011954761904775 35.0
96 43.37211984126984 32.0
97 41.46085238095238 39.0
97 42.17492222222222 33.0
97 41.713701587301586 38.0
97 42.011954761904775 35.0
97 43.37211984126984 32.0
98 41.46085238095238 39.0
98 42.17492222222222 33.0
98 41.713701587301586 38.0
98 42.011954761904775 35.0
98 43.37211984126984 32.0
99 41.46085238095238 39.0
99 42.17492222222222 33.0
99 42.011954761904775 35.0
99 43.37211984126984 32.0
99 41.66683571428572 37.0
100 41.46085238095238 39.0
100 42.17492222222222 33.0
100 42.011954761904775 35.0
100 43.37211984126984 32.0
100 41.66683571428572 37.0
