1 42.11274603174603 36.0
1 43.92026031746032 34.0
2 42.11274603174603 36.0
2 43.75493809523809 34.0
2 43.263268253968256 35.0
3 43.75493809523809 34.0
3 41.82059444444445 36.0
4 41.82059444444445 36.0
4 42.164407936507935 33.0
5 42.164407936507935 33.0
5 41.567746031746026 34.0
6 42.164407936507935 33.0
6 41.567746031746026 34.0
6 41.4368761904762 40.0
7 42.164407936507935 33.0
7 41.567746031746026 34.0
7 41.4368761904762 40.0
8 42.164407936507935 33.0
8 41.567746031746026 34.0
8 41.4368761904762 40.0
8 41.53282936507937 39.0
9 42.164407936507935 33.0
9 41.497053968253965 39.0
9 41.20504444444445 40.0
10 42.164407936507935 33.0
10 41.567746031746026 34.0
10 41.497053968253965 39.0
10 41.20504444444445 40.0
11 43.98783095238095 32.0
11 41.173405555555554 33.0
11 41.025776984126985 39.0
12 43.98783095238095 32.0
12 40.98783253968254 37.0
13 43.98783095238095 32.0
13 40.84303650793651 37.0
14 40.52629682539682 33.0
14 43.69165317460317 32.0
15 40.52629682539682 33.0
15 43.517818253968265 32.0
16 40.52629682539682 33.0
16 43.517818253968265 32.0
17 40.52629682539682 33.0
17 43.517818253968265 32.0
18 40.52629682539682 33.0
18 43.517818253968265 32.0
19 40.52629682539682 33.0
19 43.517818253968265 32.0
20 40.52629682539682 33.0
20 42.42490952380952 30.0
21 40.52629682539682 33.0
21 42.42490952380952 30.0
22 40.52629682539682 33.0
22 42.42490952380952 30.0
23 40.52629682539682 33.0
23 42.42490952380952 30.0
24 40.52629682539682 33.0
24 42.42490952380952 30.0
25 40.52629682539682 33.0
25 42.42490952380952 30.0
26 40.52629682539682 33.0
26 42.42490952380952 30.0
27 40.52629682539682 33.0
27 42.42490952380952 30.0
28 40.52629682539682 33.0
28 42.42490952380952 30.0
29 40.52629682539682 33.0
29 42.42490952380952 30.0
30 40.52629682539682 33.0
30 42.42490952380952 30.0
30 40.456179365079365 39.0
31 40.52629682539682 33.0
31 42.42490952380952 30.0
31 40.456179365079365 39.0
31 40.506545238095235 35.0
32 40.52629682539682 33.0
32 42.42490952380952 30.0
32 40.456179365079365 39.0
32 40.506545238095235 35.0
33 40.52629682539682 33.0
33 42.42490952380952 30.0
33 40.456179365079365 39.0
33 40.506545238095235 35.0
34 40.52629682539682 33.0
34 42.42490952380952 30.0
34 40.456179365079365 39.0
34 40.506545238095235 35.0
35 40.52629682539682 33.0
35 42.42490952380952 30.0
35 40.456179365079365 39.0
35 40.506545238095235 35.0
36 42.42490952380952 30.0
36 41.86627063492064 31.0
36 40.456179365079365 39.0
36 40.323659523809525 40.0
37 42.42490952380952 30.0
37 41.86627063492064 31.0
37 40.456179365079365 39.0
37 40.323659523809525 40.0
37 40.74313571428571 32.0
38 42.42490952380952 30.0
38 41.86627063492064 31.0
38 40.456179365079365 39.0
38 40.323659523809525 40.0
38 40.74313571428571 32.0
39 42.42490952380952 30.0
39 41.86627063492064 31.0
39 40.456179365079365 39.0
39 40.323659523809525 40.0
39 40.74313571428571 32.0
40 42.42490952380952 30.0
40 41.86627063492064 31.0
40 40.456179365079365 39.0
40 40.323659523809525 40.0
40 40.74313571428571 32.0
41 42.42490952380952 30.0
41 41.86627063492064 31.0
41 40.456179365079365 39.0
41 40.323659523809525 40.0
41 40.74313571428571 32.0
42 42.42490952380952 30.0
42 41.86627063492064 31.0
42 40.456179365079365 39.0
42 40.323659523809525 40.0
42 40.74313571428571 32.0
43 42.42490952380952 30.0
43 40.19271746031746 37.0
44 42.42490952380952 30.0
44 40.19271746031746 37.0
45 42.42490952380952 30.0
45 40.19271746031746 37.0
46 42.42490952380952 30.0
46 40.19271746031746 37.0
46 41.19547380952381 31.0
47 42.42490952380952 30.0
47 40.19271746031746 37.0
47 41.19547380952381 31.0
48 42.42490952380952 30.0
48 40.19271746031746 37.0
48 41.19547380952381 31.0
49 42.42490952380952 30.0
49 40.19271746031746 37.0
49 41.19547380952381 31.0
49 40.26314047619047 36.0
50 42.42490952380952 30.0
50 40.19271746031746 37.0
50 41.19547380952381 31.0
50 40.26314047619047 36.0
51 42.42490952380952 30.0
51 40.19271746031746 37.0
51 41.19547380952381 31.0
51 40.26314047619047 36.0
52 42.42490952380952 30.0
52 40.19271746031746 37.0
52 41.19547380952381 31.0
52 40.26314047619047 36.0
53 42.42490952380952 30.0
53 40.19271746031746 37.0
53 41.19547380952381 31.0
53 40.26314047619047 36.0
54 42.42490952380952 30.0
54 40.19271746031746 37.0
54 41.19547380952381 31.0
54 40.26314047619047 36.0
55 42.42490952380952 30.0
55 40.19271746031746 37.0
55 41.19547380952381 31.0
55 40.26314047619047 36.0
56 42.42490952380952 30.0
56 40.19271746031746 37.0
56 41.19547380952381 31.0
56 40.26314047619047 36.0
57 42.42490952380952 30.0
57 40.19271746031746 37.0
57 41.19547380952381 31.0
57 40.26314047619047 36.0
58 42.42490952380952 30.0
58 40.19271746031746 37.0
58 40.26314047619047 36.0
59 42.42490952380952 30.0
59 40.19271746031746 37.0
59 41.19547380952381 31.0
59 40.26314047619047 36.0
60 42.42490952380952 30.0
60 40.19271746031746 37.0
60 41.19547380952381 31.0
60 40.26314047619047 36.0
61 42.42490952380952 30.0
61 40.19271746031746 37.0
61 41.19547380952381 31.0
61 40.26314047619047 36.0
62 42.42490952380952 30.0
62 40.19271746031746 37.0
62 41.19547380952381 31.0
62 40.26314047619047 36.0
63 42.42490952380952 30.0
63 40.19271746031746 37.0
63 41.19547380952381 31.0
63 40.26314047619047 36.0
64 42.42490952380952 30.0
64 40.19271746031746 37.0
64 41.19547380952381 31.0
64 40.26314047619047 36.0
65 42.42490952380952 30.0
65 40.19271746031746 37.0
65 41.19547380952381 31.0
65 40.26314047619047 36.0
66 42.42490952380952 30.0
66 40.19271746031746 37.0
66 41.19547380952381 31.0
66 40.26314047619047 36.0
67 42.42490952380952 30.0
67 40.19271746031746 37.0
67 41.19547380952381 31.0
67 40.26314047619047 36.0
68 42.42490952380952 30.0
68 41.19547380952381 31.0
68 40.26314047619047 36.0
68 40.02421428571429 38.0
69 42.42490952380952 30.0
69 41.19547380952381 31.0
69 40.26314047619047 36.0
69 40.02421428571429 38.0
70 42.42490952380952 30.0
70 41.19547380952381 31.0
70 40.26314047619047 36.0
70 40.02421428571429 38.0
71 42.42490952380952 30.0
71 41.19547380952381 31.0
71 40.26314047619047 36.0
71 40.02421428571429 38.0
72 42.42490952380952 30.0
72 41.19547380952381 31.0
72 40.26314047619047 36.0
72 40.02421428571429 38.0
73 42.42490952380952 30.0
73 41.19547380952381 31.0
73 40.26314047619047 36.0
73 40.02421428571429 38.0
74 42.42490952380952 30.0
74 41.19547380952381 31.0
74 40.26314047619047 36.0
74 40.02421428571429 38.0
75 42.42490952380952 30.0
75 41.19547380952381 31.0
75 40.26314047619047 36.0
75 40.02421428571429 38.0
76 42.42490952380952 30.0
76 41.19547380952381 31.0
76 40.26314047619047 36.0
76 40.02421428571429 38.0
77 42.42490952380952 30.0
77 41.19547380952381 31.0
77 40.26314047619047 36.0
77 40.02421428571429 38.0
78 42.42490952380952 30.0
78 41.19547380952381 31.0
78 40.26314047619047 36.0
78 40.02421428571429 38.0
79 42.42490952380952 30.0
79 41.19547380952381 31.0
79 40.26314047619047 36.0
79 40.02421428571429 38.0
80 42.42490952380952 30.0
80 41.19547380952381 31.0
80 40.26314047619047 36.0
80 40.02421428571429 38.0
81 42.42490952380952 30.0
81 41.19547380952381 31.0
81 40.26314047619047 36.0
81 40.02421428571429 38.0
82 42.42490952380952 30.0
82 41.19547380952381 31.0
82 40.26314047619047 36.0
82 40.02421428571429 38.0
83 42.42490952380952 30.0
83 41.19547380952381 31.0
83 40.26314047619047 36.0
83 40.02421428571429 38.0
84 42.42490952380952 30.0
84 41.19547380952381 31.0
84 40.26314047619047 36.0
84 40.02421428571429 38.0
85 42.42490952380952 30.0
85 41.19547380952381 31.0
85 40.26314047619047 36.0
85 40.02421428571429 38.0
86 42.42490952380952 30.0
86 41.19547380952381 31.0
86 40.26314047619047 36.0
86 40.02421428571429 38.0
87 42.42490952380952 30.0
87 41.19547380952381 31.0
87 40.26314047619047 36.0
87 40.02421428571429 38.0
88 42.42490952380952 30.0
88 41.19547380952381 31.0
88 40.26314047619047 36.0
88 40.02421428571429 38.0
89 42.42490952380952 30.0
89 41.19547380952381 31.0
89 40.26314047619047 36.0
89 40.02421428571429 38.0
90 42.42490952380952 30.0
90 41.19547380952381 31.0
90 40.26314047619047 36.0
90 40.02421428571429 38.0
91 42.42490952380952 30.0
91 41.19547380952381 31.0
91 40.26314047619047 36.0
91 40.02421428571429 38.0
92 42.42490952380952 30.0
92 41.19547380952381 31.0
92 40.26314047619047 36.0
92 40.02421428571429 38.0
93 42.42490952380952 30.0
93 41.19547380952381 31.0
93 40.26314047619047 36.0
93 40.02421428571429 38.0
94 42.42490952380952 30.0
94 41.19547380952381 31.0
94 40.26314047619047 36.0
94 40.02421428571429 38.0
95 42.42490952380952 30.0
95 41.19547380952381 31.0
95 40.26314047619047 36.0
95 40.02421428571429 38.0
96 42.42490952380952 30.0
96 41.19547380952381 31.0
96 40.26314047619047 36.0
96 40.02421428571429 38.0
97 42.42490952380952 30.0
97 41.19547380952381 31.0
97 40.26314047619047 36.0
97 40.02421428571429 38.0
98 42.42490952380952 30.0
98 41.19547380952381 31.0
98 40.26314047619047 36.0
98 40.02421428571429 38.0
99 42.42490952380952 30.0
99 41.19547380952381 31.0
99 40.26314047619047 36.0
99 40.02421428571429 38.0
100 42.42490952380952 30.0
100 41.19547380952381 31.0
100 40.26314047619047 36.0
100 40.02421428571429 38.0
