1 43.180858730158725 34.0
2 43.180858730158725 34.0
2 42.96355158730158 40.0
3 43.180858730158725 34.0
3 42.723513492063496 39.0
3 42.98639444444444 37.0
4 43.180858730158725 34.0
4 42.029830952380955 36.0
5 43.180858730158725 34.0
5 41.910451587301594 38.0
6 43.180858730158725 34.0
6 41.910451587301594 38.0
7 41.832596031746036 36.0
7 43.318465873015874 33.0
8 43.318465873015874 33.0
8 41.69746428571429 35.0
9 43.318465873015874 33.0
9 41.69746428571429 35.0
9 41.68294365079366 42.0
10 41.69746428571429 35.0
10 41.68294365079366 42.0
10 42.44438253968255 32.0
11 41.69746428571429 35.0
11 42.44438253968255 32.0
11 41.481638888888895 38.0
12 41.69746428571429 35.0
12 42.44438253968255 32.0
12 41.481638888888895 38.0
13 42.44438253968255 32.0
13 41.21098015873015 38.0
14 42.44438253968255 32.0
14 41.21098015873015 38.0
14 41.335274603174604 36.0
15 42.44438253968255 32.0
15 41.21098015873015 38.0
15 41.335274603174604 36.0
16 42.44438253968255 32.0
16 41.21098015873015 38.0
16 41.335274603174604 36.0
17 42.44438253968255 32.0
17 41.21098015873015 38.0
17 41.335274603174604 36.0
18 42.44438253968255 32.0
18 41.58702142857143 33.0
18 40.94327460317461 35.0
19 42.44438253968255 32.0
19 41.58702142857143 33.0
19 40.94327460317461 35.0
20 42.44438253968255 32.0
20 40.4967746031746 33.0
21 42.44438253968255 32.0
21 40.4967746031746 33.0
22 42.44438253968255 32.0
22 40.4967746031746 33.0
23 42.44438253968255 32.0
23 40.4967746031746 33.0
24 42.44438253968255 32.0
24 40.4967746031746 33.0
25 40.4967746031746 33.0
25 41.72407857142857 30.0
26 40.4967746031746 33.0
26 41.72407857142857 30.0
27 40.4967746031746 33.0
27 41.72407857142857 30.0
28 40.4967746031746 33.0
28 41.72407857142857 30.0
29 40.4967746031746 33.0
29 41.72407857142857 30.0
30 40.4967746031746 33.0
30 41.72407857142857 30.0
31 40.4967746031746 33.0
31 41.72407857142857 30.0
32 40.4967746031746 33.0
32 41.72407857142857 30.0
33 40.4967746031746 33.0
33 41.72407857142857 30.0
34 40.4967746031746 33.0
34 41.72407857142857 30.0
35 40.4967746031746 33.0
35 41.72407857142857 30.0
36 41.72407857142857 30.0
36 40.33288571428571 37.0
37 41.72407857142857 30.0
37 40.33288571428571 37.0
38 41.72407857142857 30.0
38 40.33288571428571 37.0
39 41.72407857142857 30.0
39 40.06379285714285 37.0
40 41.72407857142857 30.0
40 40.06379285714285 37.0
40 40.2739865079365 36.0
41 41.72407857142857 30.0
41 40.06379285714285 37.0
41 40.2739865079365 36.0
42 41.72407857142857 30.0
42 40.06379285714285 37.0
42 40.2739865079365 36.0
43 41.72407857142857 30.0
43 40.06379285714285 37.0
43 40.2739865079365 36.0
44 41.72407857142857 30.0
44 40.06379285714285 37.0
44 40.2739865079365 36.0
45 41.72407857142857 30.0
45 40.06379285714285 37.0
45 40.2739865079365 36.0
46 41.72407857142857 30.0
46 40.06379285714285 37.0
46 40.2739865079365 36.0
47 41.72407857142857 30.0
47 40.06379285714285 37.0
47 40.2739865079365 36.0
48 41.72407857142857 30.0
48 40.06379285714285 37.0
48 40.2739865079365 36.0
49 41.72407857142857 30.0
49 40.06379285714285 37.0
49 40.2739865079365 36.0
50 41.72407857142857 30.0
50 40.06379285714285 37.0
50 40.2739865079365 36.0
51 41.72407857142857 30.0
51 40.06379285714285 37.0
51 40.2739865079365 36.0
52 41.72407857142857 30.0
52 40.06379285714285 37.0
52 40.2739865079365 36.0
53 41.72407857142857 30.0
53 40.06379285714285 37.0
53 40.2739865079365 36.0
54 41.72407857142857 30.0
54 40.06379285714285 37.0
54 40.2739865079365 36.0
55 41.72407857142857 30.0
55 40.06379285714285 37.0
55 40.2739865079365 36.0
56 40.4967746031746 33.0
56 41.72407857142857 30.0
56 40.06379285714285 37.0
56 40.2739865079365 36.0
57 40.4967746031746 33.0
57 41.72407857142857 30.0
57 40.06379285714285 37.0
57 40.2739865079365 36.0
58 40.4967746031746 33.0
58 41.72407857142857 30.0
58 40.06379285714285 37.0
58 40.2739865079365 36.0
59 40.4967746031746 33.0
59 41.72407857142857 30.0
59 40.06379285714285 37.0
59 40.2739865079365 36.0
60 40.4967746031746 33.0
60 41.72407857142857 30.0
60 40.06379285714285 37.0
60 40.2739865079365 36.0
61 40.4967746031746 33.0
61 41.72407857142857 30.0
61 40.06379285714285 37.0
61 40.2739865079365 36.0
62 40.4967746031746 33.0
62 41.72407857142857 30.0
62 40.06379285714285 37.0
62 40.2739865079365 36.0
63 40.4967746031746 33.0
63 41.72407857142857 30.0
63 40.06379285714285 37.0
63 40.2739865079365 36.0
64 40.4967746031746 33.0
64 41.72407857142857 30.0
64 40.06379285714285 37.0
64 40.2739865079365 36.0
65 40.4967746031746 33.0
65 41.72407857142857 30.0
65 40.06379285714285 37.0
65 40.2739865079365 36.0
65 40.35873809523809 34.0
66 40.4967746031746 33.0
66 41.72407857142857 30.0
66 40.06379285714285 37.0
66 40.2739865079365 36.0
66 40.35873809523809 34.0
67 40.4967746031746 33.0
67 41.72407857142857 30.0
67 40.06379285714285 37.0
67 40.2739865079365 36.0
67 40.35873809523809 34.0
68 40.4967746031746 33.0
68 41.72407857142857 30.0
68 40.06379285714285 37.0
68 40.2739865079365 36.0
68 40.35873809523809 34.0
69 40.4967746031746 33.0
69 41.72407857142857 30.0
69 40.06379285714285 37.0
69 40.2739865079365 36.0
69 40.35873809523809 34.0
70 40.4967746031746 33.0
70 41.72407857142857 30.0
70 40.06379285714285 37.0
70 40.2739865079365 36.0
70 40.35873809523809 34.0
71 40.4967746031746 33.0
71 41.72407857142857 30.0
71 40.06379285714285 37.0
71 40.2739865079365 36.0
71 40.35873809523809 34.0
72 40.4967746031746 33.0
72 41.72407857142857 30.0
72 40.06379285714285 37.0
72 40.2739865079365 36.0
72 40.35873809523809 34.0
73 40.4967746031746 33.0
73 41.72407857142857 30.0
73 40.06379285714285 37.0
73 40.2739865079365 36.0
73 40.35873809523809 34.0
74 40.4967746031746 33.0
74 41.72407857142857 30.0
74 40.06379285714285 37.0
74 40.2739865079365 36.0
74 40.35873809523809 34.0
75 40.4967746031746 33.0
75 41.72407857142857 30.0
75 40.06379285714285 37.0
75 40.2739865079365 36.0
75 40.35873809523809 34.0
76 40.4967746031746 33.0
76 41.72407857142857 30.0
76 40.06379285714285 37.0
76 40.2739865079365 36.0
76 40.35873809523809 34.0
77 41.72407857142857 30.0
77 39.97149126984127 35.0
78 41.72407857142857 30.0
78 39.97149126984127 35.0
79 41.72407857142857 30.0
79 39.97149126984127 35.0
80 41.72407857142857 30.0
80 40.35873809523809 34.0
80 39.97149126984127 35.0
80 39.77811507936507 36.0
81 41.72407857142857 30.0
81 40.35873809523809 34.0
81 39.97149126984127 35.0
81 39.77811507936507 36.0
82 41.72407857142857 30.0
82 40.35873809523809 34.0
82 39.97149126984127 35.0
82 39.77811507936507 36.0
83 41.72407857142857 30.0
83 40.35873809523809 34.0
83 39.97149126984127 35.0
83 39.77811507936507 36.0
84 41.72407857142857 30.0
84 40.35873809523809 34.0
84 39.97149126984127 35.0
84 39.77811507936507 36.0
85 41.72407857142857 30.0
85 40.35873809523809 34.0
85 39.97149126984127 35.0
85 39.77811507936507 36.0
86 41.72407857142857 30.0
86 40.35873809523809 34.0
86 39.97149126984127 35.0
86 39.77811507936507 36.0
87 41.72407857142857 30.0
87 40.35873809523809 34.0
87 39.97149126984127 35.0
87 39.77811507936507 36.0
88 41.72407857142857 30.0
88 40.35873809523809 34.0
88 39.97149126984127 35.0
88 39.77811507936507 36.0
89 41.72407857142857 30.0
89 40.35873809523809 34.0
89 39.97149126984127 35.0
89 39.77811507936507 36.0
90 41.72407857142857 30.0
90 40.35873809523809 34.0
90 39.97149126984127 35.0
90 39.77811507936507 36.0
91 41.72407857142857 30.0
91 40.35873809523809 34.0
91 39.97149126984127 35.0
91 39.77811507936507 36.0
92 41.72407857142857 30.0
92 40.35873809523809 34.0
92 39.97149126984127 35.0
92 39.77811507936507 36.0
93 41.72407857142857 30.0
93 40.35873809523809 34.0
93 39.97149126984127 35.0
93 39.77811507936507 36.0
94 41.72407857142857 30.0
94 40.35873809523809 34.0
94 39.97149126984127 35.0
94 39.77811507936507 36.0
95 41.72407857142857 30.0
95 40.35873809523809 34.0
95 39.97149126984127 35.0
95 39.77811507936507 36.0
96 41.72407857142857 30.0
96 40.35873809523809 34.0
96 39.97149126984127 35.0
96 39.77811507936507 36.0
97 41.72407857142857 30.0
97 40.35873809523809 34.0
97 39.97149126984127 35.0
97 39.77811507936507 36.0
98 41.72407857142857 30.0
98 40.35873809523809 34.0
98 39.97149126984127 35.0
98 39.77811507936507 36.0
99 41.72407857142857 30.0
99 40.35873809523809 34.0
99 39.97149126984127 35.0
99 39.77811507936507 36.0
100 41.72407857142857 30.0
100 40.35873809523809 34.0
100 39.97149126984127 35.0
100 39.77811507936507 36.0
