1 45.49807619047618 33.0
1 42.8166865079365 34.0
2 45.49807619047618 33.0
2 41.98865634920635 39.0
3 41.98865634920635 39.0
3 41.66155793650793 40.0
3 42.6735246031746 36.0
3 44.724706349206365 33.0
4 41.98865634920635 39.0
4 41.66155793650793 40.0
4 44.724706349206365 33.0
5 41.66155793650793 40.0
5 44.724706349206365 33.0
5 41.719473809523805 36.0
6 41.66155793650793 40.0
6 44.724706349206365 33.0
6 41.719473809523805 36.0
7 41.66155793650793 40.0
7 41.719473809523805 36.0
7 43.234896825396824 33.0
7 43.51513968253968 32.0
8 43.51513968253968 32.0
8 41.407376984126984 39.0
9 43.51513968253968 32.0
9 41.407376984126984 39.0
9 42.58916587301588 35.0
10 43.51513968253968 32.0
10 41.407376984126984 39.0
11 43.51513968253968 32.0
11 41.407376984126984 39.0
12 43.51513968253968 32.0
12 41.407376984126984 39.0
13 43.51513968253968 32.0
13 41.407376984126984 39.0
13 41.597458730158735 35.0
14 43.51513968253968 32.0
14 41.407376984126984 39.0
14 41.597458730158735 35.0
15 43.51513968253968 32.0
15 41.407376984126984 39.0
16 43.51513968253968 32.0
16 41.407376984126984 39.0
17 43.51513968253968 32.0
17 42.204633333333334 34.0
17 41.557451587301586 35.0
17 41.39068888888889 38.0
18 43.51513968253968 32.0
18 41.42863968253969 37.0
18 42.204633333333334 34.0
18 41.22286587301588 40.0
19 43.51513968253968 32.0
19 41.22286587301588 40.0
19 41.31991746031746 36.0
19 41.5569880952381 34.0
20 43.51513968253968 32.0
20 41.22286587301588 40.0
20 41.31991746031746 36.0
20 41.5569880952381 34.0
21 43.51513968253968 32.0
21 42.42032619047619 33.0
21 41.22286587301588 40.0
21 41.31991746031746 36.0
21 41.5569880952381 34.0
22 42.42032619047619 33.0
22 41.22286587301588 40.0
22 41.5569880952381 34.0
22 42.97165238095239 32.0
23 41.22286587301588 40.0
23 41.5569880952381 34.0
23 42.97165238095239 32.0
24 42.42032619047619 33.0
24 42.97165238095239 32.0
24 40.58099603174603 35.0
25 42.42032619047619 33.0
25 42.97165238095239 32.0
25 40.58099603174603 35.0
25 41.53773015873016 34.0
26 42.42032619047619 33.0
26 42.97165238095239 32.0
26 40.34356507936508 34.0
27 42.97165238095239 32.0
27 40.34356507936508 34.0
27 42.04538174603175 33.0
28 42.97165238095239 32.0
28 40.34356507936508 34.0
28 42.04538174603175 33.0
29 41.85116825396826 32.0
29 39.924926984126984 40.0
30 39.924926984126984 40.0
30 43.13733809523809 31.0
31 39.924926984126984 40.0
31 43.13733809523809 31.0
32 40.34356507936508 34.0
32 39.924926984126984 40.0
32 42.46250238095238 31.0
32 39.996026190476194 35.0
33 40.34356507936508 34.0
33 39.924926984126984 40.0
33 42.46250238095238 31.0
33 39.996026190476194 35.0
34 40.34356507936508 34.0
34 39.924926984126984 40.0
34 42.46250238095238 31.0
34 39.996026190476194 35.0
35 40.34356507936508 34.0
35 39.924926984126984 40.0
35 39.996026190476194 35.0
35 41.175442857142855 31.0
36 40.34356507936508 34.0
36 39.924926984126984 40.0
36 39.996026190476194 35.0
36 41.175442857142855 31.0
37 40.34356507936508 34.0
37 39.924926984126984 40.0
37 39.996026190476194 35.0
37 41.175442857142855 31.0
37 41.15157063492064 33.0
38 40.34356507936508 34.0
38 39.924926984126984 40.0
38 39.996026190476194 35.0
38 41.175442857142855 31.0
38 41.15157063492064 33.0
39 40.34356507936508 34.0
39 39.924926984126984 40.0
39 39.996026190476194 35.0
39 41.175442857142855 31.0
39 41.15157063492064 33.0
40 40.34356507936508 34.0
40 39.924926984126984 40.0
40 39.996026190476194 35.0
40 41.175442857142855 31.0
40 41.15157063492064 33.0
41 40.34356507936508 34.0
41 39.924926984126984 40.0
41 39.996026190476194 35.0
41 41.175442857142855 31.0
41 41.15157063492064 33.0
42 40.34356507936508 34.0
42 39.924926984126984 40.0
42 39.996026190476194 35.0
42 41.175442857142855 31.0
42 41.15157063492064 33.0
43 40.34356507936508 34.0
43 39.924926984126984 40.0
43 39.996026190476194 35.0
43 41.175442857142855 31.0
43 41.15157063492064 33.0
44 40.34356507936508 34.0
44 39.924926984126984 40.0
44 39.996026190476194 35.0
44 41.175442857142855 31.0
44 41.15157063492064 33.0
45 40.34356507936508 34.0
45 39.924926984126984 40.0
45 39.996026190476194 35.0
45 41.175442857142855 31.0
45 41.15157063492064 33.0
46 40.34356507936508 34.0
46 39.924926984126984 40.0
46 39.996026190476194 35.0
46 41.175442857142855 31.0
46 41.15157063492064 33.0
47 40.34356507936508 34.0
47 39.924926984126984 40.0
47 39.996026190476194 35.0
47 41.175442857142855 31.0
47 41.15157063492064 33.0
48 40.34356507936508 34.0
48 39.924926984126984 40.0
48 39.996026190476194 35.0
48 41.175442857142855 31.0
48 40.427505555555555 32.0
49 40.34356507936508 34.0
49 39.924926984126984 40.0
49 39.996026190476194 35.0
49 41.175442857142855 31.0
50 40.34356507936508 34.0
50 39.924926984126984 40.0
50 39.996026190476194 35.0
50 41.175442857142855 31.0
51 40.34356507936508 34.0
51 39.924926984126984 40.0
51 39.996026190476194 35.0
51 41.175442857142855 31.0
52 40.34356507936508 34.0
52 39.924926984126984 40.0
52 39.996026190476194 35.0
52 41.175442857142855 31.0
53 40.34356507936508 34.0
53 39.924926984126984 40.0
53 39.996026190476194 35.0
53 41.175442857142855 31.0
54 40.34356507936508 34.0
54 39.924926984126984 40.0
54 39.996026190476194 35.0
54 41.175442857142855 31.0
55 40.34356507936508 34.0
55 39.924926984126984 40.0
55 39.996026190476194 35.0
55 41.175442857142855 31.0
56 40.34356507936508 34.0
56 39.924926984126984 40.0
56 39.996026190476194 35.0
56 41.175442857142855 31.0
57 40.34356507936508 34.0
57 39.924926984126984 40.0
57 39.996026190476194 35.0
57 41.175442857142855 31.0
57 39.990229365079365 38.0
58 39.924926984126984 40.0
58 39.996026190476194 35.0
58 41.175442857142855 31.0
58 39.990229365079365 38.0
59 39.924926984126984 40.0
59 39.996026190476194 35.0
59 41.175442857142855 31.0
59 39.990229365079365 38.0
60 39.924926984126984 40.0
60 39.996026190476194 35.0
60 41.175442857142855 31.0
60 39.990229365079365 38.0
61 39.924926984126984 40.0
61 39.996026190476194 35.0
61 41.175442857142855 31.0
61 39.990229365079365 38.0
62 39.924926984126984 40.0
62 39.996026190476194 35.0
62 41.175442857142855 31.0
62 39.990229365079365 38.0
63 39.924926984126984 40.0
63 39.996026190476194 35.0
63 41.175442857142855 31.0
63 39.990229365079365 38.0
64 39.924926984126984 40.0
64 39.996026190476194 35.0
64 41.175442857142855 31.0
64 39.990229365079365 38.0
65 39.924926984126984 40.0
65 39.996026190476194 35.0
65 41.175442857142855 31.0
65 39.990229365079365 38.0
66 39.924926984126984 40.0
66 39.996026190476194 35.0
66 41.175442857142855 31.0
66 39.990229365079365 38.0
67 39.924926984126984 40.0
67 39.996026190476194 35.0
67 41.175442857142855 31.0
67 39.990229365079365 38.0
68 39.924926984126984 40.0
68 39.996026190476194 35.0
68 41.175442857142855 31.0
68 39.990229365079365 38.0
69 39.924926984126984 40.0
69 39.996026190476194 35.0
69 41.175442857142855 31.0
69 39.990229365079365 38.0
70 39.924926984126984 40.0
70 39.996026190476194 35.0
70 41.175442857142855 31.0
70 39.990229365079365 38.0
71 39.924926984126984 40.0
71 39.996026190476194 35.0
71 41.175442857142855 31.0
71 39.990229365079365 38.0
72 39.924926984126984 40.0
72 39.996026190476194 35.0
72 41.175442857142855 31.0
72 39.990229365079365 38.0
73 39.924926984126984 40.0
73 39.996026190476194 35.0
73 41.175442857142855 31.0
73 39.990229365079365 38.0
74 39.924926984126984 40.0
74 39.996026190476194 35.0
74 41.175442857142855 31.0
74 39.990229365079365 38.0
75 39.924926984126984 40.0
75 39.996026190476194 35.0
75 41.175442857142855 31.0
75 39.990229365079365 38.0
76 39.924926984126984 40.0
76 39.996026190476194 35.0
76 41.175442857142855 31.0
76 39.990229365079365 38.0
77 39.924926984126984 40.0
77 39.996026190476194 35.0
77 41.175442857142855 31.0
77 39.990229365079365 38.0
78 39.924926984126984 40.0
78 39.996026190476194 35.0
78 41.175442857142855 31.0
78 39.990229365079365 38.0
79 39.924926984126984 40.0
79 39.996026190476194 35.0
79 41.175442857142855 31.0
79 39.990229365079365 38.0
80 39.924926984126984 40.0
80 39.996026190476194 35.0
80 41.175442857142855 31.0
80 39.990229365079365 38.0
81 39.924926984126984 40.0
81 39.996026190476194 35.0
81 41.175442857142855 31.0
81 39.990229365079365 38.0
82 39.924926984126984 40.0
82 39.996026190476194 35.0
82 41.175442857142855 31.0
82 39.990229365079365 38.0
83 39.924926984126984 40.0
83 39.996026190476194 35.0
83 41.175442857142855 31.0
83 39.990229365079365 38.0
84 39.924926984126984 40.0
84 39.996026190476194 35.0
84 41.175442857142855 31.0
84 39.990229365079365 38.0
85 39.924926984126984 40.0
85 39.996026190476194 35.0
85 41.175442857142855 31.0
85 39.990229365079365 38.0
86 39.924926984126984 40.0
86 39.996026190476194 35.0
86 41.175442857142855 31.0
86 39.990229365079365 38.0
87 39.924926984126984 40.0
87 39.996026190476194 35.0
87 41.175442857142855 31.0
87 39.990229365079365 38.0
88 39.924926984126984 40.0
88 39.996026190476194 35.0
88 41.175442857142855 31.0
88 39.990229365079365 38.0
89 39.924926984126984 40.0
89 39.996026190476194 35.0
89 41.175442857142855 31.0
89 39.990229365079365 38.0
90 39.924926984126984 40.0
90 39.996026190476194 35.0
90 41.175442857142855 31.0
90 39.990229365079365 38.0
91 39.924926984126984 40.0
91 39.996026190476194 35.0
91 41.175442857142855 31.0
91 39.990229365079365 38.0
92 39.924926984126984 40.0
92 39.996026190476194 35.0
92 41.175442857142855 31.0
92 39.990229365079365 38.0
93 39.924926984126984 40.0
93 39.996026190476194 35.0
93 41.175442857142855 31.0
93 39.990229365079365 38.0
94 39.924926984126984 40.0
94 39.996026190476194 35.0
94 41.175442857142855 31.0
94 39.990229365079365 38.0
95 39.924926984126984 40.0
95 39.996026190476194 35.0
95 41.175442857142855 31.0
95 39.990229365079365 38.0
96 39.924926984126984 40.0
96 39.996026190476194 35.0
96 41.175442857142855 31.0
96 39.990229365079365 38.0
97 39.924926984126984 40.0
97 39.996026190476194 35.0
97 41.175442857142855 31.0
97 39.990229365079365 38.0
98 39.924926984126984 40.0
98 39.996026190476194 35.0
98 41.175442857142855 31.0
98 39.990229365079365 38.0
99 39.924926984126984 40.0
99 39.996026190476194 35.0
99 41.175442857142855 31.0
99 39.990229365079365 38.0
100 39.924926984126984 40.0
100 39.996026190476194 35.0
100 41.175442857142855 31.0
100 39.990229365079365 38.0
