1 42.11274603174603 36.0
1 43.92026031746032 34.0
2 42.11274603174603 36.0
2 43.92026031746032 34.0
2 45.90955079365079 32.0
2 43.04508333333333 35.0
3 42.11274603174603 36.0
3 43.92026031746032 34.0
3 45.90955079365079 32.0
3 43.04508333333333 35.0
4 42.11274603174603 36.0
4 43.92026031746032 34.0
4 45.90955079365079 32.0
4 42.92313015873017 35.0
5 42.11274603174603 36.0
5 45.90955079365079 32.0
5 42.08993571428571 38.0
5 44.51160793650794 33.0
5 42.8219119047619 35.0
5 43.5399626984127 34.0
6 42.11274603174603 36.0
6 45.90955079365079 32.0
6 42.08993571428571 38.0
6 44.51160793650794 33.0
6 42.79840396825397 34.0
6 42.102934920634915 37.0
7 42.060744444444445 35.0
7 42.34596666666667 32.0
8 42.060744444444445 35.0
8 42.34596666666667 32.0
9 42.060744444444445 35.0
9 42.34596666666667 32.0
10 42.34596666666667 32.0
10 41.968624603174604 39.0
10 42.03214603174603 35.0
11 42.34596666666667 32.0
11 42.03214603174603 35.0
11 41.73138650793651 38.0
11 40.99910634920635 39.0
12 42.34596666666667 32.0
12 42.03214603174603 35.0
12 40.99910634920635 39.0
12 41.728009523809526 37.0
13 42.34596666666667 32.0
13 40.99910634920635 39.0
13 41.728009523809526 37.0
13 41.46260396825396 38.0
13 41.813984126984124 36.0
13 42.00926587301588 34.0
14 42.34596666666667 32.0
14 40.99910634920635 39.0
14 41.46260396825396 38.0
14 41.711891269841274 34.0
14 42.465176190476186 31.0
15 42.34596666666667 32.0
15 40.99910634920635 39.0
15 42.465176190476186 31.0
15 41.03909603174603 34.0
16 42.34596666666667 32.0
16 42.465176190476186 31.0
16 41.03909603174603 34.0
16 40.6766626984127 38.0
17 42.34596666666667 32.0
17 42.465176190476186 31.0
17 41.03909603174603 34.0
17 40.6766626984127 38.0
17 41.4482619047619 33.0
18 42.34596666666667 32.0
18 42.465176190476186 31.0
18 41.03909603174603 34.0
18 40.6766626984127 38.0
18 41.4482619047619 33.0
19 42.34596666666667 32.0
19 42.465176190476186 31.0
19 41.03909603174603 34.0
19 40.6766626984127 38.0
19 41.4482619047619 33.0
20 41.03909603174603 34.0
20 40.6766626984127 38.0
20 41.4482619047619 33.0
20 40.710921428571424 35.0
20 42.30925714285714 31.0
21 41.03909603174603 34.0
21 40.6766626984127 38.0
21 41.4482619047619 33.0
21 40.710921428571424 35.0
21 42.30925714285714 31.0
22 41.03909603174603 34.0
22 40.6766626984127 38.0
22 41.4482619047619 33.0
22 40.710921428571424 35.0
22 42.30925714285714 31.0
23 41.03909603174603 34.0
23 40.6766626984127 38.0
23 41.4482619047619 33.0
23 40.710921428571424 35.0
23 42.30925714285714 31.0
24 41.03909603174603 34.0
24 40.6766626984127 38.0
24 40.710921428571424 35.0
24 42.30925714285714 31.0
24 41.04252063492063 33.0
25 41.03909603174603 34.0
25 40.6766626984127 38.0
25 40.710921428571424 35.0
25 42.30925714285714 31.0
25 41.04252063492063 33.0
26 41.03909603174603 34.0
26 40.6766626984127 38.0
26 40.710921428571424 35.0
26 41.04252063492063 33.0
26 41.50531587301587 31.0
27 41.03909603174603 34.0
27 40.6766626984127 38.0
27 40.710921428571424 35.0
27 41.04252063492063 33.0
27 41.50531587301587 31.0
28 41.03909603174603 34.0
28 40.710921428571424 35.0
28 41.04252063492063 33.0
28 41.50531587301587 31.0
28 39.85995396825397 37.0
29 41.03909603174603 34.0
29 40.710921428571424 35.0
29 41.04252063492063 33.0
29 41.50531587301587 31.0
29 39.85995396825397 37.0
30 41.03909603174603 34.0
30 40.710921428571424 35.0
30 41.04252063492063 33.0
30 41.50531587301587 31.0
30 39.85995396825397 37.0
31 41.03909603174603 34.0
31 40.710921428571424 35.0
31 41.04252063492063 33.0
31 41.50531587301587 31.0
31 39.85995396825397 37.0
32 41.03909603174603 34.0
32 40.710921428571424 35.0
32 41.04252063492063 33.0
32 41.50531587301587 31.0
32 39.85995396825397 37.0
33 41.03909603174603 34.0
33 40.710921428571424 35.0
33 41.04252063492063 33.0
33 41.50531587301587 31.0
33 39.85995396825397 37.0
34 41.03909603174603 34.0
34 40.710921428571424 35.0
34 41.04252063492063 33.0
34 41.50531587301587 31.0
34 39.85995396825397 37.0
34 40.56403809523809 36.0
35 41.03909603174603 34.0
35 40.710921428571424 35.0
35 41.04252063492063 33.0
35 41.50531587301587 31.0
35 39.85995396825397 37.0
35 40.56403809523809 36.0
36 41.03909603174603 34.0
36 40.710921428571424 35.0
36 41.04252063492063 33.0
36 41.50531587301587 31.0
36 39.85995396825397 37.0
36 40.56403809523809 36.0
37 40.710921428571424 35.0
37 41.04252063492063 33.0
37 41.50531587301587 31.0
37 39.85995396825397 37.0
37 40.56403809523809 36.0
37 40.790795238095235 34.0
37 41.14816984126985 32.0
38 40.710921428571424 35.0
38 41.50531587301587 31.0
38 39.85995396825397 37.0
38 40.56403809523809 36.0
38 40.790795238095235 34.0
38 41.14816984126985 32.0
38 40.97522063492063 33.0
39 40.710921428571424 35.0
39 41.50531587301587 31.0
39 39.85995396825397 37.0
39 40.56403809523809 36.0
39 40.790795238095235 34.0
39 41.14816984126985 32.0
39 40.97522063492063 33.0
40 40.710921428571424 35.0
40 41.50531587301587 31.0
40 39.85995396825397 37.0
40 40.56403809523809 36.0
40 40.790795238095235 34.0
40 41.14816984126985 32.0
40 40.97522063492063 33.0
41 40.710921428571424 35.0
41 41.50531587301587 31.0
41 39.85995396825397 37.0
41 40.56403809523809 36.0
41 40.790795238095235 34.0
41 41.14816984126985 32.0
41 40.81313492063492 33.0
42 40.710921428571424 35.0
42 41.50531587301587 31.0
42 39.85995396825397 37.0
42 40.56403809523809 36.0
42 40.790795238095235 34.0
42 41.14816984126985 32.0
42 40.81313492063492 33.0
43 40.710921428571424 35.0
43 41.50531587301587 31.0
43 39.85995396825397 37.0
43 40.56403809523809 36.0
43 40.790795238095235 34.0
43 41.14816984126985 32.0
43 40.81313492063492 33.0
44 40.710921428571424 35.0
44 41.50531587301587 31.0
44 39.85995396825397 37.0
44 40.56403809523809 36.0
44 40.790795238095235 34.0
44 41.14816984126985 32.0
44 40.81313492063492 33.0
45 40.710921428571424 35.0
45 41.50531587301587 31.0
45 39.85995396825397 37.0
45 40.56403809523809 36.0
45 40.790795238095235 34.0
45 41.14816984126985 32.0
45 40.81313492063492 33.0
46 40.710921428571424 35.0
46 41.50531587301587 31.0
46 39.85995396825397 37.0
46 40.56403809523809 36.0
46 40.790795238095235 34.0
46 41.14816984126985 32.0
46 40.81313492063492 33.0
47 40.710921428571424 35.0
47 41.50531587301587 31.0
47 39.85995396825397 37.0
47 40.790795238095235 34.0
47 41.14816984126985 32.0
47 40.81313492063492 33.0
47 40.40857142857143 36.0
48 40.710921428571424 35.0
48 41.50531587301587 31.0
48 39.85995396825397 37.0
48 40.790795238095235 34.0
48 41.14816984126985 32.0
48 40.81313492063492 33.0
48 40.40857142857143 36.0
49 40.710921428571424 35.0
49 41.50531587301587 31.0
49 39.85995396825397 37.0
49 40.790795238095235 34.0
49 41.14816984126985 32.0
49 40.81313492063492 33.0
49 40.40857142857143 36.0
50 40.710921428571424 35.0
50 41.50531587301587 31.0
50 39.85995396825397 37.0
50 40.790795238095235 34.0
50 41.14816984126985 32.0
50 40.81313492063492 33.0
50 40.40857142857143 36.0
51 41.50531587301587 31.0
51 39.85995396825397 37.0
51 40.790795238095235 34.0
51 41.14816984126985 32.0
51 40.81313492063492 33.0
51 40.40857142857143 36.0
51 40.546503174603174 35.0
52 41.50531587301587 31.0
52 39.85995396825397 37.0
52 40.790795238095235 34.0
52 41.14816984126985 32.0
52 40.81313492063492 33.0
52 40.40857142857143 36.0
52 40.546503174603174 35.0
53 41.50531587301587 31.0
53 39.85995396825397 37.0
53 40.790795238095235 34.0
53 41.14816984126985 32.0
53 40.81313492063492 33.0
53 40.40857142857143 36.0
53 40.546503174603174 35.0
54 41.50531587301587 31.0
54 39.85995396825397 37.0
54 40.790795238095235 34.0
54 41.14816984126985 32.0
54 40.81313492063492 33.0
54 40.40857142857143 36.0
54 40.546503174603174 35.0
55 41.50531587301587 31.0
55 39.85995396825397 37.0
55 40.790795238095235 34.0
55 41.14816984126985 32.0
55 40.81313492063492 33.0
55 40.40857142857143 36.0
55 40.546503174603174 35.0
56 41.50531587301587 31.0
56 39.85995396825397 37.0
56 40.790795238095235 34.0
56 41.14816984126985 32.0
56 40.81313492063492 33.0
56 40.40857142857143 36.0
56 40.546503174603174 35.0
57 41.50531587301587 31.0
57 39.85995396825397 37.0
57 40.790795238095235 34.0
57 41.14816984126985 32.0
57 40.81313492063492 33.0
57 40.40857142857143 36.0
57 40.546503174603174 35.0
58 41.50531587301587 31.0
58 39.85995396825397 37.0
58 40.790795238095235 34.0
58 41.14816984126985 32.0
58 40.81313492063492 33.0
58 40.40857142857143 36.0
58 40.546503174603174 35.0
59 41.50531587301587 31.0
59 39.85995396825397 37.0
59 40.790795238095235 34.0
59 41.14816984126985 32.0
59 40.81313492063492 33.0
59 40.546503174603174 35.0
59 40.238978571428575 36.0
60 41.50531587301587 31.0
60 39.85995396825397 37.0
60 41.14816984126985 32.0
60 40.81313492063492 33.0
60 40.238978571428575 36.0
60 40.4362126984127 34.0
61 41.50531587301587 31.0
61 39.85995396825397 37.0
61 41.14816984126985 32.0
61 40.81313492063492 33.0
61 40.238978571428575 36.0
61 40.4362126984127 34.0
62 41.50531587301587 31.0
62 39.85995396825397 37.0
62 41.14816984126985 32.0
62 40.81313492063492 33.0
62 40.238978571428575 36.0
62 40.4362126984127 34.0
63 41.50531587301587 31.0
63 39.85995396825397 37.0
63 40.238978571428575 36.0
63 40.4362126984127 34.0
63 40.49271984126984 32.0
64 41.50531587301587 31.0
64 39.85995396825397 37.0
64 40.238978571428575 36.0
64 40.4362126984127 34.0
64 40.49271984126984 32.0
65 41.50531587301587 31.0
65 39.85995396825397 37.0
65 40.238978571428575 36.0
65 40.4362126984127 34.0
65 40.49271984126984 32.0
66 41.50531587301587 31.0
66 39.85995396825397 37.0
66 40.238978571428575 36.0
66 40.4362126984127 34.0
66 40.49271984126984 32.0
67 41.50531587301587 31.0
67 39.85995396825397 37.0
67 40.238978571428575 36.0
67 40.4362126984127 34.0
67 40.49271984126984 32.0
68 41.50531587301587 31.0
68 39.85995396825397 37.0
68 40.238978571428575 36.0
68 40.4362126984127 34.0
68 40.49271984126984 32.0
69 41.50531587301587 31.0
69 39.85995396825397 37.0
69 40.238978571428575 36.0
69 40.4362126984127 34.0
69 40.49271984126984 32.0
70 41.50531587301587 31.0
70 39.85995396825397 37.0
70 40.238978571428575 36.0
70 40.4362126984127 34.0
70 40.49271984126984 32.0
71 41.50531587301587 31.0
71 39.85995396825397 37.0
71 40.238978571428575 36.0
71 40.4362126984127 34.0
71 40.49271984126984 32.0
72 41.50531587301587 31.0
72 39.85995396825397 37.0
72 40.238978571428575 36.0
72 40.4362126984127 34.0
72 40.49271984126984 32.0
73 41.50531587301587 31.0
73 39.85995396825397 37.0
73 40.238978571428575 36.0
73 40.4362126984127 34.0
73 40.49271984126984 32.0
74 41.50531587301587 31.0
74 39.85995396825397 37.0
74 40.238978571428575 36.0
74 40.4362126984127 34.0
74 40.49271984126984 32.0
75 41.50531587301587 31.0
75 39.85995396825397 37.0
75 40.238978571428575 36.0
75 40.4362126984127 34.0
75 40.49271984126984 32.0
76 41.50531587301587 31.0
76 39.85995396825397 37.0
76 40.238978571428575 36.0
76 40.4362126984127 34.0
76 40.49271984126984 32.0
77 41.50531587301587 31.0
77 39.85995396825397 37.0
77 40.238978571428575 36.0
77 40.4362126984127 34.0
77 40.49271984126984 32.0
78 41.50531587301587 31.0
78 39.85995396825397 37.0
78 40.238978571428575 36.0
78 40.4362126984127 34.0
78 40.49271984126984 32.0
79 41.50531587301587 31.0
79 39.85995396825397 37.0
79 40.238978571428575 36.0
79 40.4362126984127 34.0
79 40.49271984126984 32.0
80 41.50531587301587 31.0
80 39.85995396825397 37.0
80 40.238978571428575 36.0
80 40.4362126984127 34.0
80 40.49271984126984 32.0
81 41.50531587301587 31.0
81 39.85995396825397 37.0
81 40.238978571428575 36.0
81 40.4362126984127 34.0
81 40.49271984126984 32.0
82 41.50531587301587 31.0
82 39.85995396825397 37.0
82 40.238978571428575 36.0
82 40.4362126984127 34.0
82 40.49271984126984 32.0
83 41.50531587301587 31.0
83 39.85995396825397 37.0
83 40.238978571428575 36.0
83 40.4362126984127 34.0
83 40.49271984126984 32.0
84 41.50531587301587 31.0
84 39.85995396825397 37.0
84 40.238978571428575 36.0
84 40.4362126984127 34.0
84 40.49271984126984 32.0
85 41.50531587301587 31.0
85 39.85995396825397 37.0
85 40.238978571428575 36.0
85 40.4362126984127 34.0
85 40.49271984126984 32.0
86 41.50531587301587 31.0
86 39.85995396825397 37.0
86 40.238978571428575 36.0
86 40.4362126984127 34.0
86 40.49271984126984 32.0
87 41.50531587301587 31.0
87 39.85995396825397 37.0
87 40.238978571428575 36.0
87 40.4362126984127 34.0
87 40.49271984126984 32.0
88 41.50531587301587 31.0
88 39.85995396825397 37.0
88 40.238978571428575 36.0
88 40.4362126984127 34.0
88 40.49271984126984 32.0
89 41.50531587301587 31.0
89 39.85995396825397 37.0
89 40.238978571428575 36.0
89 40.4362126984127 34.0
89 40.49271984126984 32.0
90 41.50531587301587 31.0
90 39.85995396825397 37.0
90 40.238978571428575 36.0
90 40.4362126984127 34.0
90 40.49271984126984 32.0
91 41.50531587301587 31.0
91 39.85995396825397 37.0
91 40.238978571428575 36.0
91 40.4362126984127 34.0
91 40.49271984126984 32.0
92 41.50531587301587 31.0
92 39.85995396825397 37.0
92 40.238978571428575 36.0
92 40.4362126984127 34.0
92 40.49271984126984 32.0
93 41.50531587301587 31.0
93 39.85995396825397 37.0
93 40.238978571428575 36.0
93 40.4362126984127 34.0
93 40.49271984126984 32.0
94 41.50531587301587 31.0
94 39.85995396825397 37.0
94 40.238978571428575 36.0
94 40.4362126984127 34.0
94 40.49271984126984 32.0
95 41.50531587301587 31.0
95 39.85995396825397 37.0
95 40.238978571428575 36.0
95 40.4362126984127 34.0
95 40.49271984126984 32.0
96 41.50531587301587 31.0
96 39.85995396825397 37.0
96 40.238978571428575 36.0
96 40.4362126984127 34.0
96 40.49271984126984 32.0
97 41.50531587301587 31.0
97 39.85995396825397 37.0
97 40.238978571428575 36.0
97 40.4362126984127 34.0
97 40.49271984126984 32.0
98 41.50531587301587 31.0
98 39.85995396825397 37.0
98 40.238978571428575 36.0
98 40.4362126984127 34.0
98 40.49271984126984 32.0
99 41.50531587301587 31.0
99 39.85995396825397 37.0
99 40.238978571428575 36.0
99 40.4362126984127 34.0
99 40.49271984126984 32.0
100 41.50531587301587 31.0
100 39.85995396825397 37.0
100 40.238978571428575 36.0
100 40.4362126984127 34.0
100 40.49271984126984 32.0
