1 44.87858968253968 33.0
1 42.97808650793652 41.0
2 44.87858968253968 33.0
2 42.97808650793652 41.0
2 43.082410317460315 38.0
3 44.87858968253968 33.0
3 42.643724603174604 38.0
4 44.87858968253968 33.0
4 42.643724603174604 38.0
4 42.51176507936508 39.0
5 44.87858968253968 33.0
5 41.80784523809524 41.0
5 41.99374761904762 40.0
6 41.80784523809524 41.0
6 42.84239365079364 33.0
7 41.80784523809524 41.0
7 42.84239365079364 33.0
7 41.836089682539686 37.0
8 41.418688095238096 32.0
8 41.33514920634921 40.0
9 41.418688095238096 32.0
9 41.33514920634921 40.0
10 41.418688095238096 32.0
10 41.33514920634921 40.0
11 41.418688095238096 32.0
11 41.33514920634921 40.0
11 41.41073333333334 37.0
12 41.418688095238096 32.0
12 41.33514920634921 40.0
12 41.41073333333334 37.0
13 41.418688095238096 32.0
13 41.33514920634921 40.0
13 41.41073333333334 37.0
14 41.418688095238096 32.0
14 40.70340476190476 38.0
15 41.418688095238096 32.0
15 40.70340476190476 38.0
16 41.418688095238096 32.0
16 40.70340476190476 38.0
17 41.418688095238096 32.0
17 40.70340476190476 38.0
18 41.418688095238096 32.0
18 40.70340476190476 38.0
19 41.418688095238096 32.0
19 40.70340476190476 38.0
19 41.02925873015874 36.0
20 41.418688095238096 32.0
20 40.70340476190476 38.0
20 41.02925873015874 36.0
21 41.418688095238096 32.0
21 40.70340476190476 38.0
21 41.02925873015874 36.0
21 40.76694841269842 37.0
22 41.418688095238096 32.0
22 40.70340476190476 38.0
22 41.02925873015874 36.0
22 40.76694841269842 37.0
23 41.418688095238096 32.0
23 40.70340476190476 38.0
23 40.76694841269842 37.0
24 41.418688095238096 32.0
24 40.60547936507936 35.0
25 41.418688095238096 32.0
25 40.00937539682539 38.0
26 41.418688095238096 32.0
26 40.00937539682539 38.0
26 40.89897460317461 34.0
27 41.418688095238096 32.0
27 39.880320634920636 38.0
28 39.880320634920636 38.0
28 41.5649634920635 31.0
29 39.880320634920636 38.0
29 41.5649634920635 31.0
30 39.880320634920636 38.0
30 41.5649634920635 31.0
31 39.880320634920636 38.0
31 41.5649634920635 31.0
32 39.880320634920636 38.0
32 41.5649634920635 31.0
33 39.880320634920636 38.0
33 41.5649634920635 31.0
34 39.880320634920636 38.0
34 41.5649634920635 31.0
35 39.880320634920636 38.0
35 41.5649634920635 31.0
36 39.880320634920636 38.0
36 41.5649634920635 31.0
36 40.15222777777778 35.0
37 39.880320634920636 38.0
37 41.5649634920635 31.0
37 40.15222777777778 35.0
38 39.880320634920636 38.0
38 41.5649634920635 31.0
39 39.880320634920636 38.0
39 41.5649634920635 31.0
40 39.880320634920636 38.0
40 41.5649634920635 31.0
41 39.880320634920636 38.0
41 41.5649634920635 31.0
42 40.89897460317461 34.0
42 39.880320634920636 38.0
42 41.5649634920635 31.0
42 40.95295396825397 33.0
43 40.89897460317461 34.0
43 39.880320634920636 38.0
43 41.5649634920635 31.0
43 40.95295396825397 33.0
44 40.89897460317461 34.0
44 39.880320634920636 38.0
44 41.5649634920635 31.0
44 40.95295396825397 33.0
45 40.89897460317461 34.0
45 39.880320634920636 38.0
45 41.5649634920635 31.0
45 40.95295396825397 33.0
46 39.880320634920636 38.0
46 41.5649634920635 31.0
46 40.95295396825397 33.0
47 39.880320634920636 38.0
47 41.5649634920635 31.0
47 40.95295396825397 33.0
48 39.880320634920636 38.0
48 41.5649634920635 31.0
48 40.95295396825397 33.0
49 39.880320634920636 38.0
49 40.15222777777778 35.0
49 41.234679365079366 28.0
50 39.880320634920636 38.0
50 40.15222777777778 35.0
50 41.234679365079366 28.0
51 39.880320634920636 38.0
51 40.15222777777778 35.0
51 41.234679365079366 28.0
52 39.880320634920636 38.0
52 40.15222777777778 35.0
52 41.234679365079366 28.0
53 39.880320634920636 38.0
53 40.15222777777778 35.0
53 41.234679365079366 28.0
54 39.880320634920636 38.0
54 40.15222777777778 35.0
54 41.234679365079366 28.0
55 39.880320634920636 38.0
55 40.15222777777778 35.0
55 41.234679365079366 28.0
56 39.880320634920636 38.0
56 40.15222777777778 35.0
56 41.234679365079366 28.0
57 39.880320634920636 38.0
57 40.15222777777778 35.0
57 41.234679365079366 28.0
58 39.880320634920636 38.0
58 40.15222777777778 35.0
58 41.234679365079366 28.0
59 39.880320634920636 38.0
59 40.15222777777778 35.0
59 41.234679365079366 28.0
60 39.880320634920636 38.0
60 40.15222777777778 35.0
60 41.234679365079366 28.0
61 39.880320634920636 38.0
61 40.15222777777778 35.0
61 41.234679365079366 28.0
62 39.880320634920636 38.0
62 40.15222777777778 35.0
62 41.234679365079366 28.0
63 39.880320634920636 38.0
63 40.15222777777778 35.0
63 41.234679365079366 28.0
64 39.880320634920636 38.0
64 40.15222777777778 35.0
64 41.234679365079366 28.0
65 39.880320634920636 38.0
65 40.15222777777778 35.0
65 41.234679365079366 28.0
66 39.880320634920636 38.0
66 40.15222777777778 35.0
66 41.234679365079366 28.0
67 39.880320634920636 38.0
67 40.15222777777778 35.0
67 41.234679365079366 28.0
68 39.880320634920636 38.0
68 40.15222777777778 35.0
68 41.234679365079366 28.0
69 39.880320634920636 38.0
69 40.15222777777778 35.0
69 41.234679365079366 28.0
70 39.880320634920636 38.0
70 40.15222777777778 35.0
70 41.234679365079366 28.0
71 39.880320634920636 38.0
71 40.15222777777778 35.0
71 41.234679365079366 28.0
72 39.880320634920636 38.0
72 40.15222777777778 35.0
72 41.234679365079366 28.0
73 39.880320634920636 38.0
73 40.15222777777778 35.0
73 41.234679365079366 28.0
74 39.880320634920636 38.0
74 40.15222777777778 35.0
74 41.234679365079366 28.0
75 39.880320634920636 38.0
75 40.15222777777778 35.0
75 41.234679365079366 28.0
76 39.880320634920636 38.0
76 40.15222777777778 35.0
76 41.234679365079366 28.0
77 39.880320634920636 38.0
77 40.15222777777778 35.0
77 41.234679365079366 28.0
78 39.880320634920636 38.0
78 40.15222777777778 35.0
78 41.234679365079366 28.0
79 39.880320634920636 38.0
79 40.15222777777778 35.0
79 41.234679365079366 28.0
80 39.880320634920636 38.0
80 40.15222777777778 35.0
80 41.234679365079366 28.0
81 39.880320634920636 38.0
81 40.15222777777778 35.0
81 41.234679365079366 28.0
82 39.880320634920636 38.0
82 40.15222777777778 35.0
82 41.234679365079366 28.0
83 39.880320634920636 38.0
83 40.15222777777778 35.0
83 41.234679365079366 28.0
84 39.880320634920636 38.0
84 40.15222777777778 35.0
84 41.234679365079366 28.0
85 39.880320634920636 38.0
85 40.15222777777778 35.0
85 41.234679365079366 28.0
86 39.880320634920636 38.0
86 40.15222777777778 35.0
86 41.234679365079366 28.0
87 39.880320634920636 38.0
87 40.15222777777778 35.0
87 41.234679365079366 28.0
88 39.880320634920636 38.0
88 40.15222777777778 35.0
88 41.234679365079366 28.0
89 39.880320634920636 38.0
89 40.15222777777778 35.0
89 41.234679365079366 28.0
90 39.880320634920636 38.0
90 40.15222777777778 35.0
90 41.234679365079366 28.0
91 39.880320634920636 38.0
91 40.15222777777778 35.0
91 41.234679365079366 28.0
92 39.880320634920636 38.0
92 40.15222777777778 35.0
92 41.234679365079366 28.0
93 39.880320634920636 38.0
93 40.15222777777778 35.0
93 41.234679365079366 28.0
94 39.880320634920636 38.0
94 40.15222777777778 35.0
94 41.234679365079366 28.0
95 39.880320634920636 38.0
95 40.15222777777778 35.0
95 41.234679365079366 28.0
96 39.880320634920636 38.0
96 40.15222777777778 35.0
96 41.234679365079366 28.0
97 39.880320634920636 38.0
97 40.15222777777778 35.0
97 41.234679365079366 28.0
98 39.880320634920636 38.0
98 40.15222777777778 35.0
98 41.234679365079366 28.0
99 39.880320634920636 38.0
99 40.15222777777778 35.0
99 41.234679365079366 28.0
100 39.880320634920636 38.0
100 40.15222777777778 35.0
100 41.234679365079366 28.0
