1 42.71463571428572 41.0
1 44.62212301587302 35.0
1 42.872225396825385 36.0
2 42.434982539682544 38.0
2 43.94424047619048 35.0
3 42.872225396825385 36.0
3 42.434982539682544 38.0
3 43.94424047619048 35.0
3 44.42581825396825 34.0
4 42.434982539682544 38.0
4 44.42581825396825 34.0
4 42.58119126984128 36.0
5 42.434982539682544 38.0
5 42.258923015873016 44.0
5 43.15806111111111 32.0
6 43.15806111111111 32.0
6 42.01336428571428 39.0
6 42.278804761904766 38.0
6 41.8447380952381 42.0
7 43.15806111111111 32.0
7 42.01336428571428 39.0
7 42.278804761904766 38.0
7 41.8447380952381 42.0
8 43.15806111111111 32.0
8 41.768615873015875 37.0
9 43.15806111111111 32.0
9 41.768615873015875 37.0
9 42.59340396825396 33.0
9 42.137635714285715 34.0
10 43.15806111111111 32.0
10 41.463977777777785 38.0
11 43.15806111111111 32.0
11 41.463977777777785 38.0
12 43.15806111111111 32.0
12 41.463977777777785 38.0
12 41.60082301587302 37.0
13 43.15806111111111 32.0
13 41.463977777777785 38.0
13 41.60082301587302 37.0
14 43.15806111111111 32.0
14 41.463977777777785 38.0
14 41.60082301587302 37.0
15 43.15806111111111 32.0
15 42.137635714285715 34.0
15 41.463977777777785 38.0
15 41.16370634920635 41.0
16 43.15806111111111 32.0
16 40.728788095238095 35.0
17 43.15806111111111 32.0
17 40.353311111111104 35.0
17 41.76947301587302 34.0
18 43.15806111111111 32.0
18 40.353311111111104 35.0
19 40.353311111111104 35.0
19 41.273641269841264 32.0
20 40.353311111111104 35.0
20 41.13355873015873 31.0
21 40.353311111111104 35.0
21 41.13355873015873 31.0
22 40.353311111111104 35.0
22 41.13355873015873 31.0
23 40.353311111111104 35.0
23 41.13355873015873 31.0
24 40.353311111111104 35.0
24 41.13355873015873 31.0
25 40.353311111111104 35.0
25 41.13355873015873 31.0
26 40.353311111111104 35.0
26 41.13355873015873 31.0
27 40.353311111111104 35.0
27 41.13355873015873 31.0
27 40.69062936507936 33.0
28 40.353311111111104 35.0
28 41.13355873015873 31.0
28 40.69062936507936 33.0
29 40.353311111111104 35.0
29 41.13355873015873 31.0
29 40.69062936507936 33.0
30 40.353311111111104 35.0
30 41.13355873015873 31.0
30 40.69062936507936 33.0
31 41.13355873015873 31.0
31 40.69062936507936 33.0
31 40.3518119047619 37.0
32 41.13355873015873 31.0
32 40.69062936507936 33.0
32 40.3518119047619 37.0
33 41.13355873015873 31.0
33 39.60731587301587 36.0
34 41.13355873015873 31.0
34 39.60731587301587 36.0
35 41.13355873015873 31.0
35 39.60731587301587 36.0
36 41.13355873015873 31.0
36 39.60731587301587 36.0
37 41.13355873015873 31.0
37 39.60731587301587 36.0
38 41.13355873015873 31.0
38 39.60731587301587 36.0
39 41.13355873015873 31.0
39 39.60731587301587 36.0
40 41.13355873015873 31.0
40 39.60731587301587 36.0
41 41.13355873015873 31.0
41 39.60731587301587 36.0
42 41.13355873015873 31.0
42 39.60731587301587 36.0
43 41.13355873015873 31.0
43 39.60731587301587 36.0
44 41.13355873015873 31.0
44 39.60731587301587 36.0
45 41.13355873015873 31.0
45 39.60731587301587 36.0
46 41.13355873015873 31.0
46 39.60731587301587 36.0
47 41.13355873015873 31.0
47 39.60731587301587 36.0
48 41.13355873015873 31.0
48 39.60731587301587 36.0
49 41.13355873015873 31.0
49 39.60731587301587 36.0
50 41.13355873015873 31.0
50 39.60731587301587 36.0
51 41.13355873015873 31.0
51 39.60731587301587 36.0
52 41.13355873015873 31.0
52 39.60731587301587 36.0
53 41.13355873015873 31.0
53 39.60731587301587 36.0
54 41.13355873015873 31.0
54 39.60731587301587 36.0
55 41.13355873015873 31.0
55 39.60731587301587 36.0
56 41.13355873015873 31.0
56 39.60731587301587 36.0
57 41.13355873015873 31.0
57 39.60731587301587 36.0
58 41.13355873015873 31.0
58 39.60731587301587 36.0
59 41.13355873015873 31.0
59 39.60731587301587 36.0
60 41.13355873015873 31.0
60 39.60731587301587 36.0
61 41.13355873015873 31.0
61 39.60731587301587 36.0
62 41.13355873015873 31.0
62 39.60731587301587 36.0
63 41.13355873015873 31.0
63 39.60731587301587 36.0
64 41.13355873015873 31.0
64 39.60731587301587 36.0
65 41.13355873015873 31.0
65 39.60731587301587 36.0
66 41.13355873015873 31.0
66 39.60731587301587 36.0
67 41.13355873015873 31.0
67 39.60731587301587 36.0
68 41.13355873015873 31.0
68 39.60731587301587 36.0
69 41.13355873015873 31.0
69 39.60731587301587 36.0
70 41.13355873015873 31.0
70 39.60731587301587 36.0
71 39.60731587301587 36.0
71 40.26484761904762 34.0
71 40.597655555555555 30.0
72 39.60731587301587 36.0
72 40.26484761904762 34.0
72 40.597655555555555 30.0
73 39.60731587301587 36.0
73 40.26484761904762 34.0
73 40.597655555555555 30.0
74 39.60731587301587 36.0
74 40.26484761904762 34.0
74 40.597655555555555 30.0
75 39.60731587301587 36.0
75 40.26484761904762 34.0
75 40.597655555555555 30.0
76 39.60731587301587 36.0
76 40.26484761904762 34.0
76 40.597655555555555 30.0
77 39.60731587301587 36.0
77 40.26484761904762 34.0
77 40.597655555555555 30.0
78 39.60731587301587 36.0
78 40.26484761904762 34.0
78 40.597655555555555 30.0
79 39.60731587301587 36.0
79 40.26484761904762 34.0
79 40.597655555555555 30.0
80 39.60731587301587 36.0
80 40.26484761904762 34.0
80 40.597655555555555 30.0
81 39.60731587301587 36.0
81 40.26484761904762 34.0
81 40.597655555555555 30.0
82 39.60731587301587 36.0
82 40.597655555555555 30.0
82 40.00356666666667 33.0
83 39.60731587301587 36.0
83 40.597655555555555 30.0
83 40.00356666666667 33.0
84 39.60731587301587 36.0
84 40.597655555555555 30.0
84 40.00356666666667 33.0
85 39.60731587301587 36.0
85 40.597655555555555 30.0
85 40.00356666666667 33.0
86 39.60731587301587 36.0
86 40.597655555555555 30.0
86 40.00356666666667 33.0
87 39.60731587301587 36.0
87 40.597655555555555 30.0
87 40.00356666666667 33.0
88 39.60731587301587 36.0
88 40.597655555555555 30.0
88 40.00356666666667 33.0
89 39.60731587301587 36.0
89 40.597655555555555 30.0
89 40.00356666666667 33.0
90 39.60731587301587 36.0
90 40.597655555555555 30.0
90 40.00356666666667 33.0
91 39.60731587301587 36.0
91 40.597655555555555 30.0
91 40.00356666666667 33.0
92 39.60731587301587 36.0
92 40.597655555555555 30.0
92 40.00356666666667 33.0
93 39.60731587301587 36.0
93 40.597655555555555 30.0
93 40.00356666666667 33.0
94 39.60731587301587 36.0
94 40.597655555555555 30.0
94 40.00356666666667 33.0
95 39.60731587301587 36.0
95 40.597655555555555 30.0
95 40.00356666666667 33.0
96 39.60731587301587 36.0
96 40.597655555555555 30.0
96 40.00356666666667 33.0
97 39.60731587301587 36.0
97 40.597655555555555 30.0
97 40.00356666666667 33.0
98 39.60731587301587 36.0
98 40.597655555555555 30.0
98 40.00356666666667 33.0
99 39.60731587301587 36.0
99 40.597655555555555 30.0
99 40.00356666666667 33.0
100 39.60731587301587 36.0
100 40.597655555555555 30.0
100 40.00356666666667 33.0
