1 45.49807619047618 33.0
1 42.8166865079365 34.0
2 45.49807619047618 33.0
2 42.8166865079365 34.0
2 42.24357063492064 38.0
3 45.49807619047618 33.0
3 42.8166865079365 34.0
3 42.24357063492064 38.0
4 45.49807619047618 33.0
4 42.13095317460317 38.0
4 42.17395793650794 35.0
4 42.64052936507937 34.0
4 41.92086746031746 39.0
5 45.49807619047618 33.0
5 42.17395793650794 35.0
5 42.64052936507937 34.0
5 41.369689682539686 36.0
6 42.17395793650794 35.0
6 42.64052936507937 34.0
6 41.369689682539686 36.0
6 43.78255793650793 33.0
7 42.17395793650794 35.0
7 42.64052936507937 34.0
7 41.369689682539686 36.0
7 43.78255793650793 33.0
7 41.29818174603175 38.0
7 41.057518253968254 39.0
8 42.17395793650794 35.0
8 42.64052936507937 34.0
8 41.369689682539686 36.0
8 43.78255793650793 33.0
8 41.29818174603175 38.0
8 41.057518253968254 39.0
9 42.17395793650794 35.0
9 42.64052936507937 34.0
9 41.369689682539686 36.0
9 43.78255793650793 33.0
9 41.29818174603175 38.0
9 41.057518253968254 39.0
10 41.369689682539686 36.0
10 43.78255793650793 33.0
10 41.29818174603175 38.0
10 41.057518253968254 39.0
10 41.57438492063492 34.0
11 41.369689682539686 36.0
11 41.57438492063492 34.0
11 40.00530714285714 38.0
11 41.31321428571428 37.0
11 43.04648888888888 33.0
12 40.00530714285714 38.0
12 40.579253174603174 34.0
12 41.58466031746031 33.0
13 40.00530714285714 38.0
13 40.579253174603174 34.0
13 41.58466031746031 33.0
13 40.04225476190476 37.0
14 40.00530714285714 38.0
14 40.579253174603174 34.0
14 41.58466031746031 33.0
14 40.04225476190476 37.0
15 40.00530714285714 38.0
15 40.579253174603174 34.0
15 41.58466031746031 33.0
15 40.04225476190476 37.0
16 40.00530714285714 38.0
16 40.579253174603174 34.0
16 41.58466031746031 33.0
16 40.04225476190476 37.0
17 40.00530714285714 38.0
17 40.579253174603174 34.0
17 41.58466031746031 33.0
17 40.04225476190476 37.0
18 40.00530714285714 38.0
18 40.579253174603174 34.0
18 41.58466031746031 33.0
18 40.04225476190476 37.0
18 41.703671428571425 32.0
19 40.00530714285714 38.0
19 40.579253174603174 34.0
19 41.58466031746031 33.0
19 40.04225476190476 37.0
19 41.703671428571425 32.0
20 40.00530714285714 38.0
20 40.579253174603174 34.0
20 41.58466031746031 33.0
20 40.04225476190476 37.0
20 41.703671428571425 32.0
21 40.00530714285714 38.0
21 40.579253174603174 34.0
21 40.04225476190476 37.0
21 41.703671428571425 32.0
21 41.05025634920635 33.0
22 40.00530714285714 38.0
22 40.579253174603174 34.0
22 40.04225476190476 37.0
22 41.703671428571425 32.0
22 41.05025634920635 33.0
23 40.00530714285714 38.0
23 40.579253174603174 34.0
23 40.04225476190476 37.0
23 41.703671428571425 32.0
23 41.05025634920635 33.0
24 40.00530714285714 38.0
24 40.579253174603174 34.0
24 40.04225476190476 37.0
24 41.703671428571425 32.0
24 41.05025634920635 33.0
25 40.00530714285714 38.0
25 40.579253174603174 34.0
25 40.04225476190476 37.0
25 41.703671428571425 32.0
25 41.05025634920635 33.0
26 40.00530714285714 38.0
26 40.579253174603174 34.0
26 40.04225476190476 37.0
26 41.703671428571425 32.0
26 41.05025634920635 33.0
27 40.00530714285714 38.0
27 40.579253174603174 34.0
27 40.04225476190476 37.0
27 41.703671428571425 32.0
27 41.05025634920635 33.0
28 40.00530714285714 38.0
28 40.579253174603174 34.0
28 40.04225476190476 37.0
28 41.703671428571425 32.0
28 41.05025634920635 33.0
29 40.00530714285714 38.0
29 40.579253174603174 34.0
29 40.04225476190476 37.0
29 41.703671428571425 32.0
29 41.05025634920635 33.0
30 40.00530714285714 38.0
30 40.579253174603174 34.0
30 40.04225476190476 37.0
30 41.703671428571425 32.0
30 41.05025634920635 33.0
31 40.00530714285714 38.0
31 40.579253174603174 34.0
31 40.04225476190476 37.0
31 41.703671428571425 32.0
31 41.05025634920635 33.0
32 40.579253174603174 34.0
32 40.04225476190476 37.0
32 41.703671428571425 32.0
32 41.05025634920635 33.0
32 39.9074619047619 38.0
33 40.579253174603174 34.0
33 40.04225476190476 37.0
33 41.703671428571425 32.0
33 41.05025634920635 33.0
33 39.9074619047619 38.0
34 40.579253174603174 34.0
34 40.04225476190476 37.0
34 41.703671428571425 32.0
34 41.05025634920635 33.0
34 39.9074619047619 38.0
35 40.579253174603174 34.0
35 40.04225476190476 37.0
35 41.703671428571425 32.0
35 41.05025634920635 33.0
35 39.9074619047619 38.0
36 40.579253174603174 34.0
36 40.04225476190476 37.0
36 41.703671428571425 32.0
36 41.05025634920635 33.0
36 39.9074619047619 38.0
37 40.579253174603174 34.0
37 40.04225476190476 37.0
37 41.703671428571425 32.0
37 41.05025634920635 33.0
37 39.9074619047619 38.0
38 40.579253174603174 34.0
38 40.04225476190476 37.0
38 41.703671428571425 32.0
38 41.05025634920635 33.0
38 39.9074619047619 38.0
39 40.579253174603174 34.0
39 40.04225476190476 37.0
39 41.703671428571425 32.0
39 41.05025634920635 33.0
39 39.9074619047619 38.0
40 40.579253174603174 34.0
40 40.04225476190476 37.0
40 41.703671428571425 32.0
40 41.05025634920635 33.0
40 39.9074619047619 38.0
41 40.579253174603174 34.0
41 40.04225476190476 37.0
41 41.703671428571425 32.0
41 41.05025634920635 33.0
41 39.9074619047619 38.0
42 40.579253174603174 34.0
42 40.04225476190476 37.0
42 41.703671428571425 32.0
42 41.05025634920635 33.0
42 39.9074619047619 38.0
43 40.579253174603174 34.0
43 40.04225476190476 37.0
43 41.703671428571425 32.0
43 41.05025634920635 33.0
43 39.9074619047619 38.0
44 40.579253174603174 34.0
44 40.04225476190476 37.0
44 41.703671428571425 32.0
44 41.05025634920635 33.0
44 39.9074619047619 38.0
45 40.579253174603174 34.0
45 40.04225476190476 37.0
45 41.703671428571425 32.0
45 41.05025634920635 33.0
45 39.9074619047619 38.0
46 40.579253174603174 34.0
46 40.04225476190476 37.0
46 41.703671428571425 32.0
46 41.05025634920635 33.0
46 39.9074619047619 38.0
47 40.579253174603174 34.0
47 40.04225476190476 37.0
47 41.703671428571425 32.0
47 41.05025634920635 33.0
47 39.9074619047619 38.0
48 40.579253174603174 34.0
48 40.04225476190476 37.0
48 41.703671428571425 32.0
48 41.05025634920635 33.0
48 39.9074619047619 38.0
49 40.579253174603174 34.0
49 40.04225476190476 37.0
49 41.703671428571425 32.0
49 41.05025634920635 33.0
49 39.9074619047619 38.0
50 40.579253174603174 34.0
50 40.04225476190476 37.0
50 41.703671428571425 32.0
50 41.05025634920635 33.0
50 39.9074619047619 38.0
51 40.579253174603174 34.0
51 40.04225476190476 37.0
51 41.703671428571425 32.0
51 41.05025634920635 33.0
51 39.9074619047619 38.0
52 40.579253174603174 34.0
52 40.04225476190476 37.0
52 41.703671428571425 32.0
52 41.05025634920635 33.0
52 39.9074619047619 38.0
53 40.579253174603174 34.0
53 40.04225476190476 37.0
53 41.703671428571425 32.0
53 41.05025634920635 33.0
53 39.9074619047619 38.0
54 40.579253174603174 34.0
54 40.04225476190476 37.0
54 41.703671428571425 32.0
54 41.05025634920635 33.0
54 39.9074619047619 38.0
55 40.579253174603174 34.0
55 40.04225476190476 37.0
55 41.703671428571425 32.0
55 41.05025634920635 33.0
55 39.9074619047619 38.0
56 40.579253174603174 34.0
56 40.04225476190476 37.0
56 41.703671428571425 32.0
56 41.05025634920635 33.0
56 39.9074619047619 38.0
57 40.579253174603174 34.0
57 40.04225476190476 37.0
57 41.703671428571425 32.0
57 41.05025634920635 33.0
57 39.9074619047619 38.0
58 40.579253174603174 34.0
58 40.04225476190476 37.0
58 41.703671428571425 32.0
58 41.05025634920635 33.0
58 39.9074619047619 38.0
59 40.579253174603174 34.0
59 40.04225476190476 37.0
59 41.703671428571425 32.0
59 41.05025634920635 33.0
59 39.9074619047619 38.0
60 40.579253174603174 34.0
60 40.04225476190476 37.0
60 41.703671428571425 32.0
60 41.05025634920635 33.0
60 39.9074619047619 38.0
61 40.579253174603174 34.0
61 40.04225476190476 37.0
61 41.703671428571425 32.0
61 41.05025634920635 33.0
61 39.9074619047619 38.0
62 40.579253174603174 34.0
62 40.04225476190476 37.0
62 41.703671428571425 32.0
62 41.05025634920635 33.0
62 39.9074619047619 38.0
63 40.579253174603174 34.0
63 40.04225476190476 37.0
63 41.703671428571425 32.0
63 41.05025634920635 33.0
63 39.9074619047619 38.0
64 40.579253174603174 34.0
64 40.04225476190476 37.0
64 41.703671428571425 32.0
64 41.05025634920635 33.0
64 39.9074619047619 38.0
65 40.579253174603174 34.0
65 40.04225476190476 37.0
65 41.703671428571425 32.0
65 41.05025634920635 33.0
65 39.9074619047619 38.0
66 40.579253174603174 34.0
66 40.04225476190476 37.0
66 41.703671428571425 32.0
66 41.05025634920635 33.0
66 39.9074619047619 38.0
67 40.579253174603174 34.0
67 40.04225476190476 37.0
67 41.703671428571425 32.0
67 41.05025634920635 33.0
67 39.9074619047619 38.0
68 40.579253174603174 34.0
68 40.04225476190476 37.0
68 41.703671428571425 32.0
68 41.05025634920635 33.0
68 39.9074619047619 38.0
69 40.579253174603174 34.0
69 40.04225476190476 37.0
69 41.703671428571425 32.0
69 41.05025634920635 33.0
69 39.9074619047619 38.0
70 40.579253174603174 34.0
70 40.04225476190476 37.0
70 41.703671428571425 32.0
70 41.05025634920635 33.0
70 39.9074619047619 38.0
71 40.579253174603174 34.0
71 40.04225476190476 37.0
71 41.703671428571425 32.0
71 41.05025634920635 33.0
71 39.9074619047619 38.0
72 40.579253174603174 34.0
72 40.04225476190476 37.0
72 41.703671428571425 32.0
72 41.05025634920635 33.0
72 39.9074619047619 38.0
73 40.579253174603174 34.0
73 40.04225476190476 37.0
73 41.703671428571425 32.0
73 41.05025634920635 33.0
73 39.9074619047619 38.0
74 40.579253174603174 34.0
74 40.04225476190476 37.0
74 41.703671428571425 32.0
74 41.05025634920635 33.0
74 39.9074619047619 38.0
75 40.579253174603174 34.0
75 40.04225476190476 37.0
75 41.703671428571425 32.0
75 41.05025634920635 33.0
75 39.9074619047619 38.0
76 40.579253174603174 34.0
76 40.04225476190476 37.0
76 41.703671428571425 32.0
76 41.05025634920635 33.0
76 39.9074619047619 38.0
77 40.579253174603174 34.0
77 40.04225476190476 37.0
77 41.703671428571425 32.0
77 41.05025634920635 33.0
77 39.9074619047619 38.0
78 40.579253174603174 34.0
78 40.04225476190476 37.0
78 41.703671428571425 32.0
78 39.9074619047619 38.0
78 40.9821 33.0
79 40.579253174603174 34.0
79 40.04225476190476 37.0
79 41.703671428571425 32.0
79 39.9074619047619 38.0
79 40.9821 33.0
80 40.579253174603174 34.0
80 40.04225476190476 37.0
80 41.703671428571425 32.0
80 39.9074619047619 38.0
80 40.9821 33.0
81 40.579253174603174 34.0
81 40.04225476190476 37.0
81 41.703671428571425 32.0
81 39.9074619047619 38.0
81 40.9821 33.0
82 40.579253174603174 34.0
82 40.04225476190476 37.0
82 41.703671428571425 32.0
82 39.9074619047619 38.0
82 40.9821 33.0
83 40.579253174603174 34.0
83 40.04225476190476 37.0
83 41.703671428571425 32.0
83 39.9074619047619 38.0
83 40.9821 33.0
84 40.579253174603174 34.0
84 40.04225476190476 37.0
84 41.703671428571425 32.0
84 39.9074619047619 38.0
84 40.9821 33.0
85 40.579253174603174 34.0
85 40.04225476190476 37.0
85 41.703671428571425 32.0
85 39.9074619047619 38.0
85 40.9821 33.0
86 40.579253174603174 34.0
86 40.04225476190476 37.0
86 41.703671428571425 32.0
86 39.9074619047619 38.0
86 40.9821 33.0
87 40.579253174603174 34.0
87 40.04225476190476 37.0
87 41.703671428571425 32.0
87 39.9074619047619 38.0
87 40.9821 33.0
88 40.579253174603174 34.0
88 40.04225476190476 37.0
88 41.703671428571425 32.0
88 39.9074619047619 38.0
88 40.9821 33.0
89 40.579253174603174 34.0
89 40.04225476190476 37.0
89 41.703671428571425 32.0
89 39.9074619047619 38.0
89 40.9821 33.0
90 40.579253174603174 34.0
90 40.04225476190476 37.0
90 41.703671428571425 32.0
90 39.9074619047619 38.0
90 40.9821 33.0
91 40.579253174603174 34.0
91 40.04225476190476 37.0
91 41.703671428571425 32.0
91 39.9074619047619 38.0
91 40.9821 33.0
92 40.579253174603174 34.0
92 40.04225476190476 37.0
92 41.703671428571425 32.0
92 39.9074619047619 38.0
92 40.9821 33.0
93 40.579253174603174 34.0
93 40.04225476190476 37.0
93 41.703671428571425 32.0
93 39.9074619047619 38.0
93 40.9821 33.0
94 40.579253174603174 34.0
94 40.04225476190476 37.0
94 41.703671428571425 32.0
94 39.9074619047619 38.0
94 40.9821 33.0
95 40.579253174603174 34.0
95 40.04225476190476 37.0
95 41.703671428571425 32.0
95 39.9074619047619 38.0
95 40.9821 33.0
96 40.579253174603174 34.0
96 40.04225476190476 37.0
96 41.703671428571425 32.0
96 39.9074619047619 38.0
96 40.9821 33.0
97 40.579253174603174 34.0
97 40.04225476190476 37.0
97 41.703671428571425 32.0
97 39.9074619047619 38.0
97 40.9821 33.0
98 40.579253174603174 34.0
98 40.04225476190476 37.0
98 41.703671428571425 32.0
98 39.9074619047619 38.0
98 40.9821 33.0
99 40.579253174603174 34.0
99 40.04225476190476 37.0
99 41.703671428571425 32.0
99 39.9074619047619 38.0
99 40.9821 33.0
100 40.579253174603174 34.0
100 40.04225476190476 37.0
100 41.703671428571425 32.0
100 39.9074619047619 38.0
100 40.9821 33.0
