1 42.71463571428572 41.0
1 44.62212301587302 35.0
1 42.872225396825385 36.0
2 42.71463571428572 41.0
2 42.872225396825385 36.0
2 42.85698333333334 38.0
2 44.50894206349207 35.0
3 42.71463571428572 41.0
3 42.872225396825385 36.0
3 42.85698333333334 38.0
3 43.00325 35.0
3 43.62361984126985 33.0
4 43.00325 35.0
4 43.62361984126985 33.0
4 42.56190317460319 36.0
5 43.00325 35.0
5 43.62361984126985 33.0
5 42.56190317460319 36.0
5 42.10383492063492 40.0
6 43.62361984126985 33.0
6 42.015303968253974 36.0
6 42.61027698412698 34.0
6 41.32197142857142 40.0
7 43.62361984126985 33.0
7 42.61027698412698 34.0
7 41.32197142857142 40.0
7 41.88095793650794 35.0
8 43.62361984126985 33.0
8 41.32197142857142 40.0
8 41.88095793650794 35.0
8 42.24021428571428 34.0
8 44.21040873015873 32.0
9 41.88095793650794 35.0
9 42.24021428571428 34.0
9 44.21040873015873 32.0
9 42.25891428571428 33.0
9 40.863483333333335 39.0
10 41.88095793650794 35.0
10 42.24021428571428 34.0
10 44.21040873015873 32.0
10 42.25891428571428 33.0
10 40.863483333333335 39.0
10 41.77725396825397 37.0
11 40.863483333333335 39.0
11 41.39628174603175 36.0
11 41.81529603174604 32.0
12 40.863483333333335 39.0
12 41.39628174603175 36.0
12 41.81529603174604 32.0
12 41.66718650793651 33.0
13 41.81529603174604 32.0
13 41.66718650793651 33.0
13 40.421863492063494 35.0
14 41.81529603174604 32.0
14 41.66718650793651 33.0
14 40.421863492063494 35.0
15 41.81529603174604 32.0
15 40.421863492063494 35.0
15 41.40666904761904 33.0
16 41.81529603174604 32.0
16 40.421863492063494 35.0
16 41.40666904761904 33.0
16 41.00123571428571 34.0
17 41.81529603174604 32.0
17 40.421863492063494 35.0
17 41.40666904761904 33.0
17 41.00123571428571 34.0
18 41.81529603174604 32.0
18 40.421863492063494 35.0
18 41.40666904761904 33.0
18 41.00123571428571 34.0
19 41.81529603174604 32.0
19 40.421863492063494 35.0
19 41.40666904761904 33.0
19 41.00123571428571 34.0
20 41.81529603174604 32.0
20 40.421863492063494 35.0
20 41.40666904761904 33.0
20 41.00123571428571 34.0
21 41.81529603174604 32.0
21 40.421863492063494 35.0
21 41.40666904761904 33.0
21 41.00123571428571 34.0
21 42.87317380952381 31.0
22 41.81529603174604 32.0
22 40.421863492063494 35.0
22 41.40666904761904 33.0
22 41.00123571428571 34.0
22 42.87317380952381 31.0
23 41.81529603174604 32.0
23 40.421863492063494 35.0
23 41.40666904761904 33.0
23 41.00123571428571 34.0
23 42.676967460317464 31.0
24 41.81529603174604 32.0
24 40.421863492063494 35.0
24 41.40666904761904 33.0
24 41.00123571428571 34.0
24 42.676967460317464 31.0
25 41.81529603174604 32.0
25 40.421863492063494 35.0
25 41.40666904761904 33.0
25 41.00123571428571 34.0
25 42.676967460317464 31.0
26 41.81529603174604 32.0
26 40.421863492063494 35.0
26 41.40666904761904 33.0
26 41.00123571428571 34.0
26 42.676967460317464 31.0
27 41.81529603174604 32.0
27 40.421863492063494 35.0
27 41.00123571428571 34.0
27 42.676967460317464 31.0
27 41.16517698412699 33.0
28 41.81529603174604 32.0
28 40.421863492063494 35.0
28 41.00123571428571 34.0
28 42.676967460317464 31.0
28 41.16517698412699 33.0
29 41.81529603174604 32.0
29 40.421863492063494 35.0
29 41.00123571428571 34.0
29 42.676967460317464 31.0
29 41.16517698412699 33.0
30 41.81529603174604 32.0
30 40.421863492063494 35.0
30 41.00123571428571 34.0
30 42.676967460317464 31.0
30 41.16517698412699 33.0
31 41.81529603174604 32.0
31 40.421863492063494 35.0
31 41.00123571428571 34.0
31 42.676967460317464 31.0
31 41.16517698412699 33.0
32 41.81529603174604 32.0
32 40.421863492063494 35.0
32 41.00123571428571 34.0
32 42.676967460317464 31.0
32 41.16517698412699 33.0
33 41.81529603174604 32.0
33 40.421863492063494 35.0
33 41.00123571428571 34.0
33 42.676967460317464 31.0
33 41.16517698412699 33.0
33 39.98343571428572 38.0
34 41.81529603174604 32.0
34 40.421863492063494 35.0
34 41.00123571428571 34.0
34 42.676967460317464 31.0
34 41.16517698412699 33.0
34 39.98343571428572 38.0
35 41.81529603174604 32.0
35 40.421863492063494 35.0
35 41.00123571428571 34.0
35 42.676967460317464 31.0
35 41.16517698412699 33.0
35 39.98343571428572 38.0
36 41.81529603174604 32.0
36 40.421863492063494 35.0
36 41.00123571428571 34.0
36 42.676967460317464 31.0
36 41.16517698412699 33.0
36 39.98343571428572 38.0
37 41.81529603174604 32.0
37 40.421863492063494 35.0
37 41.00123571428571 34.0
37 42.676967460317464 31.0
37 41.16517698412699 33.0
37 39.98343571428572 38.0
37 40.309571428571424 36.0
38 41.81529603174604 32.0
38 40.421863492063494 35.0
38 41.00123571428571 34.0
38 42.676967460317464 31.0
38 41.16517698412699 33.0
38 39.98343571428572 38.0
38 40.309571428571424 36.0
39 41.81529603174604 32.0
39 40.421863492063494 35.0
39 41.00123571428571 34.0
39 42.676967460317464 31.0
39 41.16517698412699 33.0
39 39.98343571428572 38.0
39 40.309571428571424 36.0
40 41.81529603174604 32.0
40 40.421863492063494 35.0
40 41.00123571428571 34.0
40 42.676967460317464 31.0
40 41.16517698412699 33.0
40 39.98343571428572 38.0
40 40.309571428571424 36.0
41 41.81529603174604 32.0
41 40.421863492063494 35.0
41 41.00123571428571 34.0
41 42.676967460317464 31.0
41 41.16517698412699 33.0
41 39.98343571428572 38.0
41 40.309571428571424 36.0
42 41.81529603174604 32.0
42 40.421863492063494 35.0
42 41.00123571428571 34.0
42 42.676967460317464 31.0
42 41.16517698412699 33.0
42 39.98343571428572 38.0
42 40.309571428571424 36.0
43 41.81529603174604 32.0
43 40.421863492063494 35.0
43 41.00123571428571 34.0
43 42.676967460317464 31.0
43 41.16517698412699 33.0
43 39.98343571428572 38.0
43 40.309571428571424 36.0
44 41.81529603174604 32.0
44 40.421863492063494 35.0
44 41.00123571428571 34.0
44 42.676967460317464 31.0
44 41.16517698412699 33.0
44 39.98343571428572 38.0
44 40.309571428571424 36.0
45 41.81529603174604 32.0
45 40.421863492063494 35.0
45 41.00123571428571 34.0
45 42.676967460317464 31.0
45 41.16517698412699 33.0
45 39.98343571428572 38.0
45 40.309571428571424 36.0
46 41.81529603174604 32.0
46 40.421863492063494 35.0
46 41.00123571428571 34.0
46 42.676967460317464 31.0
46 41.16517698412699 33.0
46 39.98343571428572 38.0
46 40.309571428571424 36.0
47 41.81529603174604 32.0
47 40.421863492063494 35.0
47 41.00123571428571 34.0
47 42.676967460317464 31.0
47 41.16517698412699 33.0
47 39.98343571428572 38.0
47 40.309571428571424 36.0
48 41.81529603174604 32.0
48 40.421863492063494 35.0
48 41.00123571428571 34.0
48 42.676967460317464 31.0
48 41.16517698412699 33.0
48 39.98343571428572 38.0
48 40.309571428571424 36.0
49 41.81529603174604 32.0
49 40.421863492063494 35.0
49 41.00123571428571 34.0
49 42.676967460317464 31.0
49 41.16517698412699 33.0
49 39.98343571428572 38.0
49 40.309571428571424 36.0
50 41.81529603174604 32.0
50 40.421863492063494 35.0
50 41.00123571428571 34.0
50 42.676967460317464 31.0
50 41.16517698412699 33.0
50 39.98343571428572 38.0
50 40.309571428571424 36.0
51 41.81529603174604 32.0
51 40.421863492063494 35.0
51 41.00123571428571 34.0
51 42.676967460317464 31.0
51 41.16517698412699 33.0
51 39.98343571428572 38.0
51 40.309571428571424 36.0
52 41.81529603174604 32.0
52 40.421863492063494 35.0
52 41.00123571428571 34.0
52 42.676967460317464 31.0
52 41.16517698412699 33.0
52 39.98343571428572 38.0
52 40.309571428571424 36.0
53 41.81529603174604 32.0
53 40.421863492063494 35.0
53 41.00123571428571 34.0
53 42.676967460317464 31.0
53 41.16517698412699 33.0
53 39.98343571428572 38.0
53 40.309571428571424 36.0
54 41.81529603174604 32.0
54 40.421863492063494 35.0
54 41.00123571428571 34.0
54 42.676967460317464 31.0
54 41.16517698412699 33.0
54 39.98343571428572 38.0
54 40.309571428571424 36.0
55 41.81529603174604 32.0
55 40.421863492063494 35.0
55 41.00123571428571 34.0
55 42.676967460317464 31.0
55 41.16517698412699 33.0
55 39.98343571428572 38.0
55 40.309571428571424 36.0
56 41.81529603174604 32.0
56 40.421863492063494 35.0
56 41.00123571428571 34.0
56 42.676967460317464 31.0
56 41.16517698412699 33.0
56 39.98343571428572 38.0
56 40.309571428571424 36.0
57 41.81529603174604 32.0
57 40.421863492063494 35.0
57 41.00123571428571 34.0
57 42.676967460317464 31.0
57 41.16517698412699 33.0
57 39.98343571428572 38.0
57 40.309571428571424 36.0
58 41.81529603174604 32.0
58 40.421863492063494 35.0
58 41.00123571428571 34.0
58 42.676967460317464 31.0
58 41.16517698412699 33.0
58 39.98343571428572 38.0
58 40.309571428571424 36.0
59 41.81529603174604 32.0
59 40.421863492063494 35.0
59 41.00123571428571 34.0
59 42.676967460317464 31.0
59 41.16517698412699 33.0
59 39.98343571428572 38.0
59 40.309571428571424 36.0
60 41.81529603174604 32.0
60 40.421863492063494 35.0
60 41.00123571428571 34.0
60 42.676967460317464 31.0
60 41.16517698412699 33.0
60 39.98343571428572 38.0
60 40.309571428571424 36.0
61 41.81529603174604 32.0
61 40.421863492063494 35.0
61 41.00123571428571 34.0
61 42.676967460317464 31.0
61 41.16517698412699 33.0
61 39.98343571428572 38.0
61 40.309571428571424 36.0
62 41.81529603174604 32.0
62 40.421863492063494 35.0
62 41.00123571428571 34.0
62 42.676967460317464 31.0
62 41.16517698412699 33.0
62 39.98343571428572 38.0
62 40.309571428571424 36.0
63 41.81529603174604 32.0
63 40.421863492063494 35.0
63 41.00123571428571 34.0
63 42.676967460317464 31.0
63 41.16517698412699 33.0
63 39.98343571428572 38.0
63 40.309571428571424 36.0
64 41.81529603174604 32.0
64 40.421863492063494 35.0
64 41.00123571428571 34.0
64 42.676967460317464 31.0
64 41.16517698412699 33.0
64 39.98343571428572 38.0
64 40.309571428571424 36.0
65 41.81529603174604 32.0
65 40.421863492063494 35.0
65 41.00123571428571 34.0
65 42.676967460317464 31.0
65 41.16517698412699 33.0
65 39.98343571428572 38.0
65 40.309571428571424 36.0
66 41.81529603174604 32.0
66 40.421863492063494 35.0
66 41.00123571428571 34.0
66 42.676967460317464 31.0
66 41.16517698412699 33.0
66 39.98343571428572 38.0
66 40.309571428571424 36.0
67 41.81529603174604 32.0
67 40.421863492063494 35.0
67 41.00123571428571 34.0
67 42.676967460317464 31.0
67 41.16517698412699 33.0
67 39.98343571428572 38.0
67 40.309571428571424 36.0
68 41.81529603174604 32.0
68 40.421863492063494 35.0
68 41.00123571428571 34.0
68 42.676967460317464 31.0
68 41.16517698412699 33.0
68 39.98343571428572 38.0
68 40.309571428571424 36.0
69 41.81529603174604 32.0
69 40.421863492063494 35.0
69 41.00123571428571 34.0
69 42.676967460317464 31.0
69 41.16517698412699 33.0
69 39.98343571428572 38.0
69 40.309571428571424 36.0
70 41.81529603174604 32.0
70 40.421863492063494 35.0
70 41.00123571428571 34.0
70 42.676967460317464 31.0
70 41.16517698412699 33.0
70 39.98343571428572 38.0
70 40.309571428571424 36.0
71 41.81529603174604 32.0
71 40.421863492063494 35.0
71 41.00123571428571 34.0
71 42.676967460317464 31.0
71 41.16517698412699 33.0
71 39.98343571428572 38.0
71 40.309571428571424 36.0
72 41.81529603174604 32.0
72 40.421863492063494 35.0
72 41.00123571428571 34.0
72 42.676967460317464 31.0
72 41.16517698412699 33.0
72 39.98343571428572 38.0
72 40.309571428571424 36.0
73 41.81529603174604 32.0
73 40.421863492063494 35.0
73 41.00123571428571 34.0
73 42.676967460317464 31.0
73 41.16517698412699 33.0
73 39.98343571428572 38.0
73 40.309571428571424 36.0
74 41.81529603174604 32.0
74 40.421863492063494 35.0
74 41.00123571428571 34.0
74 42.676967460317464 31.0
74 41.16517698412699 33.0
74 39.98343571428572 38.0
74 40.309571428571424 36.0
75 41.81529603174604 32.0
75 40.421863492063494 35.0
75 41.00123571428571 34.0
75 42.676967460317464 31.0
75 41.16517698412699 33.0
75 39.98343571428572 38.0
75 40.309571428571424 36.0
76 41.81529603174604 32.0
76 40.421863492063494 35.0
76 41.00123571428571 34.0
76 42.676967460317464 31.0
76 41.16517698412699 33.0
76 39.98343571428572 38.0
76 40.309571428571424 36.0
77 41.81529603174604 32.0
77 40.421863492063494 35.0
77 41.00123571428571 34.0
77 42.676967460317464 31.0
77 41.16517698412699 33.0
77 39.98343571428572 38.0
77 40.309571428571424 36.0
78 41.81529603174604 32.0
78 40.421863492063494 35.0
78 41.00123571428571 34.0
78 42.676967460317464 31.0
78 41.16517698412699 33.0
78 39.98343571428572 38.0
78 40.309571428571424 36.0
79 41.81529603174604 32.0
79 40.421863492063494 35.0
79 41.00123571428571 34.0
79 42.676967460317464 31.0
79 41.16517698412699 33.0
79 39.98343571428572 38.0
79 40.309571428571424 36.0
80 41.81529603174604 32.0
80 40.421863492063494 35.0
80 41.00123571428571 34.0
80 42.676967460317464 31.0
80 41.16517698412699 33.0
80 39.98343571428572 38.0
80 40.309571428571424 36.0
81 41.81529603174604 32.0
81 40.421863492063494 35.0
81 41.00123571428571 34.0
81 42.676967460317464 31.0
81 41.16517698412699 33.0
81 39.98343571428572 38.0
81 40.309571428571424 36.0
82 41.81529603174604 32.0
82 40.421863492063494 35.0
82 41.00123571428571 34.0
82 42.676967460317464 31.0
82 41.16517698412699 33.0
82 39.98343571428572 38.0
82 40.309571428571424 36.0
83 41.81529603174604 32.0
83 40.421863492063494 35.0
83 41.00123571428571 34.0
83 42.676967460317464 31.0
83 41.16517698412699 33.0
83 39.98343571428572 38.0
83 40.309571428571424 36.0
84 41.81529603174604 32.0
84 40.421863492063494 35.0
84 41.00123571428571 34.0
84 42.676967460317464 31.0
84 41.16517698412699 33.0
84 39.98343571428572 38.0
84 40.309571428571424 36.0
85 41.81529603174604 32.0
85 40.421863492063494 35.0
85 41.00123571428571 34.0
85 42.676967460317464 31.0
85 41.16517698412699 33.0
85 39.98343571428572 38.0
85 40.309571428571424 36.0
86 41.81529603174604 32.0
86 40.421863492063494 35.0
86 41.00123571428571 34.0
86 42.676967460317464 31.0
86 41.16517698412699 33.0
86 39.98343571428572 38.0
86 40.309571428571424 36.0
87 41.81529603174604 32.0
87 40.421863492063494 35.0
87 41.00123571428571 34.0
87 42.676967460317464 31.0
87 41.16517698412699 33.0
87 39.98343571428572 38.0
87 40.309571428571424 36.0
88 41.81529603174604 32.0
88 40.421863492063494 35.0
88 41.00123571428571 34.0
88 42.676967460317464 31.0
88 41.16517698412699 33.0
88 39.98343571428572 38.0
88 40.309571428571424 36.0
89 41.81529603174604 32.0
89 40.421863492063494 35.0
89 41.00123571428571 34.0
89 42.676967460317464 31.0
89 41.16517698412699 33.0
89 39.98343571428572 38.0
89 40.309571428571424 36.0
90 41.81529603174604 32.0
90 40.421863492063494 35.0
90 41.00123571428571 34.0
90 42.676967460317464 31.0
90 41.16517698412699 33.0
90 39.98343571428572 38.0
90 40.309571428571424 36.0
91 41.81529603174604 32.0
91 40.421863492063494 35.0
91 41.00123571428571 34.0
91 42.676967460317464 31.0
91 41.16517698412699 33.0
91 39.98343571428572 38.0
91 40.309571428571424 36.0
92 41.81529603174604 32.0
92 40.421863492063494 35.0
92 41.00123571428571 34.0
92 42.676967460317464 31.0
92 41.16517698412699 33.0
92 39.98343571428572 38.0
92 40.309571428571424 36.0
93 41.81529603174604 32.0
93 40.421863492063494 35.0
93 41.00123571428571 34.0
93 42.676967460317464 31.0
93 41.16517698412699 33.0
93 39.98343571428572 38.0
93 40.309571428571424 36.0
94 41.81529603174604 32.0
94 40.421863492063494 35.0
94 41.00123571428571 34.0
94 42.676967460317464 31.0
94 41.16517698412699 33.0
94 39.98343571428572 38.0
94 40.309571428571424 36.0
95 41.81529603174604 32.0
95 40.421863492063494 35.0
95 41.00123571428571 34.0
95 42.676967460317464 31.0
95 41.16517698412699 33.0
95 39.98343571428572 38.0
95 40.309571428571424 36.0
96 41.81529603174604 32.0
96 40.421863492063494 35.0
96 41.00123571428571 34.0
96 42.676967460317464 31.0
96 41.16517698412699 33.0
96 39.98343571428572 38.0
96 40.309571428571424 36.0
97 41.81529603174604 32.0
97 40.421863492063494 35.0
97 41.00123571428571 34.0
97 42.676967460317464 31.0
97 41.16517698412699 33.0
97 39.98343571428572 38.0
97 40.309571428571424 36.0
98 41.81529603174604 32.0
98 40.421863492063494 35.0
98 41.00123571428571 34.0
98 42.676967460317464 31.0
98 41.16517698412699 33.0
98 39.98343571428572 38.0
98 40.309571428571424 36.0
99 41.81529603174604 32.0
99 40.421863492063494 35.0
99 41.00123571428571 34.0
99 42.676967460317464 31.0
99 41.16517698412699 33.0
99 39.98343571428572 38.0
99 40.309571428571424 36.0
100 41.81529603174604 32.0
100 40.421863492063494 35.0
100 41.00123571428571 34.0
100 42.676967460317464 31.0
100 41.16517698412699 33.0
100 39.98343571428572 38.0
100 40.309571428571424 36.0
