1 43.180858730158725 34.0
2 43.180858730158725 34.0
2 42.46279444444444 40.0
2 42.62449523809524 39.0
2 42.98969206349206 38.0
3 42.46279444444444 40.0
3 42.88542698412699 34.0
3 42.602515079365084 37.0
3 42.863733333333336 36.0
4 42.46279444444444 40.0
4 42.88542698412699 34.0
4 42.602515079365084 37.0
4 42.863733333333336 36.0
4 42.064346031746034 41.0
5 42.88542698412699 34.0
5 42.064346031746034 41.0
5 42.45265714285714 37.0
5 42.03945238095238 43.0
5 42.843989682539686 36.0
6 42.88542698412699 34.0
6 41.85162380952381 35.0
6 41.51514920634921 36.0
6 41.47131031746032 40.0
7 41.85162380952381 35.0
7 41.51514920634921 36.0
7 41.47131031746032 40.0
7 43.95548412698413 33.0
7 42.64480714285713 34.0
8 41.85162380952381 35.0
8 41.51514920634921 36.0
8 41.47131031746032 40.0
8 43.95548412698413 33.0
8 42.64480714285713 34.0
8 41.45402857142857 43.0
9 41.51514920634921 36.0
9 41.47131031746032 40.0
9 42.64480714285713 34.0
9 41.45402857142857 43.0
9 41.55436587301587 35.0
9 43.07653888888889 33.0
10 43.07653888888889 33.0
10 41.97922460317461 34.0
10 41.16397142857142 35.0
11 43.07653888888889 33.0
11 41.97922460317461 34.0
11 41.16397142857142 35.0
12 41.97922460317461 34.0
12 41.16397142857142 35.0
12 42.63811587301588 33.0
12 40.93240714285714 41.0
13 41.97922460317461 34.0
13 41.16397142857142 35.0
13 40.93240714285714 41.0
13 42.02101587301587 33.0
14 41.97922460317461 34.0
14 41.16397142857142 35.0
14 40.93240714285714 41.0
14 42.02101587301587 33.0
15 41.97922460317461 34.0
15 41.16397142857142 35.0
15 42.02101587301587 33.0
15 40.64865634920635 36.0
16 41.16397142857142 35.0
16 42.02101587301587 33.0
16 40.64865634920635 36.0
16 41.770310317460314 34.0
17 41.16397142857142 35.0
17 42.02101587301587 33.0
17 40.64865634920635 36.0
17 41.770310317460314 34.0
18 41.16397142857142 35.0
18 42.02101587301587 33.0
18 40.64865634920635 36.0
18 41.770310317460314 34.0
18 42.134061904761914 31.0
19 42.02101587301587 33.0
19 42.134061904761914 31.0
19 41.26759126984127 34.0
19 40.537667460317465 35.0
20 42.02101587301587 33.0
20 42.134061904761914 31.0
20 41.26759126984127 34.0
20 40.537667460317465 35.0
21 42.134061904761914 31.0
21 40.537667460317465 35.0
21 40.62179365079365 33.0
22 42.134061904761914 31.0
22 40.537667460317465 35.0
22 40.62179365079365 33.0
23 42.134061904761914 31.0
23 40.537667460317465 35.0
23 40.62179365079365 33.0
23 40.44342698412699 38.0
24 42.134061904761914 31.0
24 40.537667460317465 35.0
24 40.62179365079365 33.0
24 40.44342698412699 38.0
25 42.134061904761914 31.0
25 40.537667460317465 35.0
25 40.62179365079365 33.0
25 40.44342698412699 38.0
26 42.134061904761914 31.0
26 40.537667460317465 35.0
26 40.62179365079365 33.0
26 40.44342698412699 38.0
27 42.134061904761914 31.0
27 40.537667460317465 35.0
27 40.62179365079365 33.0
27 40.44342698412699 38.0
28 42.134061904761914 31.0
28 40.537667460317465 35.0
28 40.62179365079365 33.0
28 40.44342698412699 38.0
28 40.50355873015873 37.0
29 42.134061904761914 31.0
29 40.537667460317465 35.0
29 40.62179365079365 33.0
29 40.44342698412699 38.0
29 40.50355873015873 37.0
30 42.134061904761914 31.0
30 40.537667460317465 35.0
30 40.62179365079365 33.0
30 40.44342698412699 38.0
30 40.50355873015873 37.0
31 42.134061904761914 31.0
31 40.537667460317465 35.0
31 40.62179365079365 33.0
31 40.44342698412699 38.0
31 40.50355873015873 37.0
32 42.134061904761914 31.0
32 40.537667460317465 35.0
32 40.62179365079365 33.0
32 40.44342698412699 38.0
32 40.50355873015873 37.0
33 42.134061904761914 31.0
33 40.537667460317465 35.0
33 40.62179365079365 33.0
33 40.44342698412699 38.0
33 40.50355873015873 37.0
34 42.134061904761914 31.0
34 40.537667460317465 35.0
34 40.62179365079365 33.0
34 40.44342698412699 38.0
34 40.50355873015873 37.0
35 42.134061904761914 31.0
35 40.537667460317465 35.0
35 40.62179365079365 33.0
35 40.44342698412699 38.0
35 40.50355873015873 37.0
36 42.134061904761914 31.0
36 40.537667460317465 35.0
36 40.62179365079365 33.0
36 40.44342698412699 38.0
36 40.50355873015873 37.0
37 42.134061904761914 31.0
37 40.537667460317465 35.0
37 40.62179365079365 33.0
37 40.44342698412699 38.0
37 40.50355873015873 37.0
38 42.134061904761914 31.0
38 40.537667460317465 35.0
38 40.62179365079365 33.0
38 40.44342698412699 38.0
38 40.50355873015873 37.0
39 42.134061904761914 31.0
39 40.537667460317465 35.0
39 40.62179365079365 33.0
39 40.44342698412699 38.0
39 40.50355873015873 37.0
40 42.134061904761914 31.0
40 40.537667460317465 35.0
40 40.62179365079365 33.0
40 40.44342698412699 38.0
40 40.50355873015873 37.0
41 42.134061904761914 31.0
41 40.537667460317465 35.0
41 40.62179365079365 33.0
41 40.44342698412699 38.0
41 40.50355873015873 37.0
42 42.134061904761914 31.0
42 40.537667460317465 35.0
42 40.62179365079365 33.0
42 40.44342698412699 38.0
42 40.50355873015873 37.0
43 42.134061904761914 31.0
43 40.537667460317465 35.0
43 40.62179365079365 33.0
43 40.44342698412699 38.0
43 40.50355873015873 37.0
44 42.134061904761914 31.0
44 40.537667460317465 35.0
44 40.62179365079365 33.0
44 40.44342698412699 38.0
44 40.50355873015873 37.0
45 42.134061904761914 31.0
45 40.537667460317465 35.0
45 40.62179365079365 33.0
45 40.44342698412699 38.0
45 40.50355873015873 37.0
46 42.134061904761914 31.0
46 40.537667460317465 35.0
46 40.62179365079365 33.0
46 40.44342698412699 38.0
46 40.50355873015873 37.0
47 42.134061904761914 31.0
47 40.537667460317465 35.0
47 40.62179365079365 33.0
47 40.44342698412699 38.0
47 40.50355873015873 37.0
48 42.134061904761914 31.0
48 40.537667460317465 35.0
48 40.62179365079365 33.0
48 40.44342698412699 38.0
48 40.50355873015873 37.0
49 42.134061904761914 31.0
49 40.537667460317465 35.0
49 40.62179365079365 33.0
49 40.44342698412699 38.0
49 40.50355873015873 37.0
50 42.134061904761914 31.0
50 40.537667460317465 35.0
50 40.62179365079365 33.0
50 40.44342698412699 38.0
50 40.50355873015873 37.0
51 42.134061904761914 31.0
51 40.537667460317465 35.0
51 40.62179365079365 33.0
51 40.44342698412699 38.0
51 40.50355873015873 37.0
52 42.134061904761914 31.0
52 40.537667460317465 35.0
52 40.62179365079365 33.0
52 40.44342698412699 38.0
52 40.50355873015873 37.0
53 42.134061904761914 31.0
53 40.537667460317465 35.0
53 40.62179365079365 33.0
53 40.44342698412699 38.0
53 40.50355873015873 37.0
54 42.134061904761914 31.0
54 40.537667460317465 35.0
54 40.62179365079365 33.0
54 40.44342698412699 38.0
54 40.50355873015873 37.0
55 42.134061904761914 31.0
55 40.537667460317465 35.0
55 40.62179365079365 33.0
55 40.44342698412699 38.0
55 40.50355873015873 37.0
56 42.134061904761914 31.0
56 40.537667460317465 35.0
56 40.62179365079365 33.0
56 40.44342698412699 38.0
56 40.50355873015873 37.0
57 42.134061904761914 31.0
57 40.537667460317465 35.0
57 40.62179365079365 33.0
57 40.44342698412699 38.0
57 40.50355873015873 37.0
58 42.134061904761914 31.0
58 40.537667460317465 35.0
58 40.62179365079365 33.0
58 40.44342698412699 38.0
58 40.50355873015873 37.0
59 42.134061904761914 31.0
59 40.537667460317465 35.0
59 40.62179365079365 33.0
59 40.44342698412699 38.0
59 40.50355873015873 37.0
60 42.134061904761914 31.0
60 40.537667460317465 35.0
60 40.62179365079365 33.0
60 40.44342698412699 38.0
60 40.50355873015873 37.0
61 42.134061904761914 31.0
61 40.537667460317465 35.0
61 40.62179365079365 33.0
61 40.44342698412699 38.0
61 40.50355873015873 37.0
62 42.134061904761914 31.0
62 40.537667460317465 35.0
62 40.62179365079365 33.0
62 40.44342698412699 38.0
62 40.50355873015873 37.0
63 42.134061904761914 31.0
63 40.537667460317465 35.0
63 40.62179365079365 33.0
63 40.44342698412699 38.0
63 40.50355873015873 37.0
63 40.42729047619048 39.0
64 42.134061904761914 31.0
64 40.537667460317465 35.0
64 40.62179365079365 33.0
64 40.44342698412699 38.0
64 40.50355873015873 37.0
64 40.42729047619048 39.0
65 42.134061904761914 31.0
65 40.537667460317465 35.0
65 40.62179365079365 33.0
65 40.50355873015873 37.0
65 40.36071507936508 38.0
66 42.134061904761914 31.0
66 40.537667460317465 35.0
66 40.62179365079365 33.0
66 40.50355873015873 37.0
66 40.36071507936508 38.0
67 42.134061904761914 31.0
67 40.537667460317465 35.0
67 40.62179365079365 33.0
67 40.50355873015873 37.0
67 40.36071507936508 38.0
68 42.134061904761914 31.0
68 40.537667460317465 35.0
68 40.62179365079365 33.0
68 40.50355873015873 37.0
68 40.36071507936508 38.0
69 42.134061904761914 31.0
69 40.537667460317465 35.0
69 40.62179365079365 33.0
69 40.50355873015873 37.0
69 40.36071507936508 38.0
70 42.134061904761914 31.0
70 40.537667460317465 35.0
70 40.62179365079365 33.0
70 40.50355873015873 37.0
70 40.36071507936508 38.0
71 42.134061904761914 31.0
71 40.537667460317465 35.0
71 40.62179365079365 33.0
71 40.50355873015873 37.0
71 40.36071507936508 38.0
72 42.134061904761914 31.0
72 40.62179365079365 33.0
72 40.14557063492063 34.0
73 42.134061904761914 31.0
73 40.62179365079365 33.0
73 40.14557063492063 34.0
74 40.62179365079365 33.0
74 40.14557063492063 34.0
74 40.850609523809524 30.0
75 40.62179365079365 33.0
75 40.14557063492063 34.0
75 40.850609523809524 30.0
76 40.62179365079365 33.0
76 40.14557063492063 34.0
76 40.850609523809524 30.0
77 40.62179365079365 33.0
77 40.14557063492063 34.0
77 40.850609523809524 30.0
78 40.62179365079365 33.0
78 40.14557063492063 34.0
78 40.850609523809524 30.0
79 40.62179365079365 33.0
79 40.14557063492063 34.0
79 40.850609523809524 30.0
79 40.69428730158731 32.0
80 40.62179365079365 33.0
80 40.14557063492063 34.0
80 40.850609523809524 30.0
80 40.69428730158731 32.0
81 40.62179365079365 33.0
81 40.14557063492063 34.0
81 40.850609523809524 30.0
81 40.69428730158731 32.0
82 40.62179365079365 33.0
82 40.14557063492063 34.0
82 40.850609523809524 30.0
82 40.69428730158731 32.0
83 40.62179365079365 33.0
83 40.14557063492063 34.0
83 40.850609523809524 30.0
83 40.69428730158731 32.0
83 40.07875317460318 37.0
84 40.62179365079365 33.0
84 40.14557063492063 34.0
84 40.850609523809524 30.0
84 40.69428730158731 32.0
84 40.07875317460318 37.0
85 40.62179365079365 33.0
85 40.14557063492063 34.0
85 40.850609523809524 30.0
85 40.69428730158731 32.0
85 40.07875317460318 37.0
86 40.62179365079365 33.0
86 40.14557063492063 34.0
86 40.850609523809524 30.0
86 40.69428730158731 32.0
86 40.07875317460318 37.0
87 40.62179365079365 33.0
87 40.14557063492063 34.0
87 40.850609523809524 30.0
87 40.69428730158731 32.0
87 40.07875317460318 37.0
88 40.62179365079365 33.0
88 40.14557063492063 34.0
88 40.850609523809524 30.0
88 40.69428730158731 32.0
88 40.07875317460318 37.0
89 40.62179365079365 33.0
89 40.14557063492063 34.0
89 40.850609523809524 30.0
89 40.69428730158731 32.0
89 40.07875317460318 37.0
90 40.62179365079365 33.0
90 40.14557063492063 34.0
90 40.850609523809524 30.0
90 40.69428730158731 32.0
90 40.07875317460318 37.0
91 40.62179365079365 33.0
91 40.14557063492063 34.0
91 40.850609523809524 30.0
91 40.69428730158731 32.0
91 40.07875317460318 37.0
92 40.62179365079365 33.0
92 40.14557063492063 34.0
92 40.850609523809524 30.0
92 40.69428730158731 32.0
92 40.07875317460318 37.0
93 40.62179365079365 33.0
93 40.14557063492063 34.0
93 40.850609523809524 30.0
93 40.69428730158731 32.0
93 40.07875317460318 37.0
94 40.62179365079365 33.0
94 40.14557063492063 34.0
94 40.850609523809524 30.0
94 40.69428730158731 32.0
94 40.07875317460318 37.0
95 40.62179365079365 33.0
95 40.14557063492063 34.0
95 40.850609523809524 30.0
95 40.69428730158731 32.0
95 40.07875317460318 37.0
96 40.62179365079365 33.0
96 40.14557063492063 34.0
96 40.850609523809524 30.0
96 40.69428730158731 32.0
96 40.07875317460318 37.0
97 40.62179365079365 33.0
97 40.14557063492063 34.0
97 40.850609523809524 30.0
97 40.69428730158731 32.0
97 40.07875317460318 37.0
98 40.62179365079365 33.0
98 40.14557063492063 34.0
98 40.850609523809524 30.0
98 40.69428730158731 32.0
98 40.07875317460318 37.0
99 40.62179365079365 33.0
99 40.14557063492063 34.0
99 40.850609523809524 30.0
99 40.69428730158731 32.0
99 40.07875317460318 37.0
100 40.62179365079365 33.0
100 40.14557063492063 34.0
100 40.850609523809524 30.0
100 40.69428730158731 32.0
100 40.07875317460318 37.0
