1 44.87858968253968 33.0
1 43.147243650793655 34.0
1 42.97808650793652 41.0
2 44.87858968253968 33.0
2 43.147243650793655 34.0
2 42.92174047619048 37.0
2 42.598884126984125 40.0
3 44.87858968253968 33.0
3 43.147243650793655 34.0
3 42.598884126984125 40.0
3 42.6447492063492 39.0
3 42.90106507936509 35.0
3 42.81410952380952 38.0
4 42.90106507936509 35.0
4 42.81410952380952 38.0
4 42.97775714285714 31.0
4 42.50093968253968 39.0
4 42.38376111111111 42.0
4 42.861761904761906 37.0
5 42.90106507936509 35.0
5 42.97775714285714 31.0
5 42.086419841269844 40.0
5 42.23589603174603 38.0
5 42.807991269841274 36.0
6 42.90106507936509 35.0
6 42.97775714285714 31.0
6 42.081799999999994 36.0
6 42.03233174603175 40.0
7 42.97775714285714 31.0
7 42.86109603174604 34.0
7 41.72289047619048 36.0
8 42.97775714285714 31.0
8 42.86109603174604 34.0
8 41.72289047619048 36.0
9 42.97775714285714 31.0
9 41.72289047619048 36.0
9 42.12127380952381 33.0
10 42.97775714285714 31.0
10 42.12127380952381 33.0
10 41.05761984126984 35.0
11 42.12127380952381 33.0
11 41.05761984126984 35.0
11 41.77435555555555 34.0
11 42.514538095238095 31.0
12 42.12127380952381 33.0
12 41.05761984126984 35.0
12 41.77435555555555 34.0
12 42.514538095238095 31.0
13 42.12127380952381 33.0
13 41.05761984126984 35.0
13 41.77435555555555 34.0
13 42.514538095238095 31.0
14 42.12127380952381 33.0
14 41.05761984126984 35.0
14 41.77435555555555 34.0
14 42.514538095238095 31.0
15 42.12127380952381 33.0
15 41.05761984126984 35.0
15 41.77435555555555 34.0
15 42.514538095238095 31.0
16 42.12127380952381 33.0
16 41.05761984126984 35.0
16 41.77435555555555 34.0
16 42.514538095238095 31.0
17 42.12127380952381 33.0
17 41.05761984126984 35.0
17 41.77435555555555 34.0
17 42.514538095238095 31.0
17 40.83246666666667 39.0
18 42.12127380952381 33.0
18 41.05761984126984 35.0
18 41.77435555555555 34.0
18 42.514538095238095 31.0
18 40.83246666666667 39.0
19 42.12127380952381 33.0
19 41.05761984126984 35.0
19 41.77435555555555 34.0
19 42.514538095238095 31.0
19 40.83246666666667 39.0
20 41.05761984126984 35.0
20 40.83246666666667 39.0
20 41.77334682539683 31.0
21 41.77334682539683 31.0
21 40.76976428571429 33.0
22 41.77334682539683 31.0
22 40.76976428571429 33.0
23 41.77334682539683 31.0
23 40.76976428571429 33.0
24 41.77334682539683 31.0
24 40.76976428571429 33.0
25 41.77334682539683 31.0
25 40.76976428571429 33.0
26 41.77334682539683 31.0
26 40.76976428571429 33.0
26 40.34437857142857 36.0
27 41.77334682539683 31.0
27 40.76976428571429 33.0
27 40.34437857142857 36.0
27 41.70787222222222 32.0
28 41.77334682539683 31.0
28 40.76976428571429 33.0
28 40.34437857142857 36.0
28 41.70787222222222 32.0
29 41.77334682539683 31.0
29 40.76976428571429 33.0
29 40.34437857142857 36.0
29 41.3257992063492 32.0
30 41.77334682539683 31.0
30 40.76976428571429 33.0
30 40.34437857142857 36.0
30 41.3257992063492 32.0
31 41.77334682539683 31.0
31 40.76976428571429 33.0
31 40.34437857142857 36.0
31 41.3257992063492 32.0
32 41.77334682539683 31.0
32 40.76976428571429 33.0
32 40.34437857142857 36.0
32 41.3257992063492 32.0
33 41.77334682539683 31.0
33 40.76976428571429 33.0
33 40.34437857142857 36.0
33 41.3257992063492 32.0
34 41.77334682539683 31.0
34 40.76976428571429 33.0
34 40.34437857142857 36.0
34 41.3257992063492 32.0
35 41.77334682539683 31.0
35 40.76976428571429 33.0
35 40.34437857142857 36.0
35 41.3257992063492 32.0
36 41.77334682539683 31.0
36 40.76976428571429 33.0
36 40.34437857142857 36.0
36 41.3257992063492 32.0
37 41.77334682539683 31.0
37 40.76976428571429 33.0
37 40.34437857142857 36.0
37 41.3257992063492 32.0
38 41.77334682539683 31.0
38 40.76976428571429 33.0
38 40.34437857142857 36.0
38 41.3257992063492 32.0
39 41.77334682539683 31.0
39 40.76976428571429 33.0
39 40.34437857142857 36.0
39 41.3257992063492 32.0
40 41.77334682539683 31.0
40 40.76976428571429 33.0
40 40.34437857142857 36.0
40 41.3257992063492 32.0
41 41.77334682539683 31.0
41 40.76976428571429 33.0
41 40.34437857142857 36.0
41 41.3257992063492 32.0
42 41.77334682539683 31.0
42 40.76976428571429 33.0
42 40.34437857142857 36.0
42 41.3257992063492 32.0
43 41.77334682539683 31.0
43 40.76976428571429 33.0
43 40.34437857142857 36.0
43 41.3257992063492 32.0
44 41.77334682539683 31.0
44 40.76976428571429 33.0
44 40.34437857142857 36.0
44 41.3257992063492 32.0
45 41.77334682539683 31.0
45 40.76976428571429 33.0
45 40.34437857142857 36.0
45 41.3257992063492 32.0
46 41.77334682539683 31.0
46 40.76976428571429 33.0
46 40.34437857142857 36.0
46 41.3257992063492 32.0
47 41.77334682539683 31.0
47 40.76976428571429 33.0
47 40.34437857142857 36.0
47 41.3257992063492 32.0
48 41.77334682539683 31.0
48 40.76976428571429 33.0
48 40.34437857142857 36.0
48 41.3257992063492 32.0
49 41.77334682539683 31.0
49 40.76976428571429 33.0
49 40.34437857142857 36.0
49 41.3257992063492 32.0
50 41.77334682539683 31.0
50 40.76976428571429 33.0
50 40.34437857142857 36.0
50 41.3257992063492 32.0
51 41.77334682539683 31.0
51 40.76976428571429 33.0
51 40.34437857142857 36.0
51 41.3257992063492 32.0
52 41.77334682539683 31.0
52 40.76976428571429 33.0
52 40.34437857142857 36.0
52 41.3257992063492 32.0
53 41.77334682539683 31.0
53 40.76976428571429 33.0
53 40.34437857142857 36.0
53 41.3257992063492 32.0
54 41.77334682539683 31.0
54 40.76976428571429 33.0
54 40.34437857142857 36.0
54 41.3257992063492 32.0
55 41.77334682539683 31.0
55 40.76976428571429 33.0
55 40.34437857142857 36.0
55 41.3257992063492 32.0
56 41.77334682539683 31.0
56 40.76976428571429 33.0
56 40.34437857142857 36.0
56 41.3257992063492 32.0
57 41.77334682539683 31.0
57 40.76976428571429 33.0
57 40.34437857142857 36.0
57 41.3257992063492 32.0
58 41.77334682539683 31.0
58 40.76976428571429 33.0
58 40.34437857142857 36.0
58 41.3257992063492 32.0
59 41.77334682539683 31.0
59 40.76976428571429 33.0
59 40.34437857142857 36.0
59 41.3257992063492 32.0
60 41.77334682539683 31.0
60 40.76976428571429 33.0
60 40.34437857142857 36.0
60 41.3257992063492 32.0
61 41.77334682539683 31.0
61 40.76976428571429 33.0
61 40.34437857142857 36.0
61 41.3257992063492 32.0
62 41.77334682539683 31.0
62 40.76976428571429 33.0
62 40.34437857142857 36.0
62 41.3257992063492 32.0
63 41.77334682539683 31.0
63 40.76976428571429 33.0
63 40.34437857142857 36.0
63 41.3257992063492 32.0
64 41.77334682539683 31.0
64 40.76976428571429 33.0
64 40.34437857142857 36.0
64 41.3257992063492 32.0
65 41.77334682539683 31.0
65 40.76976428571429 33.0
65 40.34437857142857 36.0
65 41.3257992063492 32.0
66 41.77334682539683 31.0
66 40.76976428571429 33.0
66 40.34437857142857 36.0
66 41.3257992063492 32.0
67 41.77334682539683 31.0
67 40.76976428571429 33.0
67 40.34437857142857 36.0
67 41.3257992063492 32.0
68 41.77334682539683 31.0
68 40.76976428571429 33.0
68 40.34437857142857 36.0
68 41.3257992063492 32.0
69 41.77334682539683 31.0
69 40.76976428571429 33.0
69 40.34437857142857 36.0
69 41.3257992063492 32.0
70 41.77334682539683 31.0
70 40.76976428571429 33.0
70 40.34437857142857 36.0
70 41.3257992063492 32.0
71 41.77334682539683 31.0
71 40.76976428571429 33.0
71 40.34437857142857 36.0
71 41.3257992063492 32.0
72 41.77334682539683 31.0
72 40.76976428571429 33.0
72 40.34437857142857 36.0
72 41.3257992063492 32.0
73 41.77334682539683 31.0
73 40.76976428571429 33.0
73 40.34437857142857 36.0
73 41.3257992063492 32.0
74 41.77334682539683 31.0
74 40.76976428571429 33.0
74 40.34437857142857 36.0
74 41.3257992063492 32.0
75 41.77334682539683 31.0
75 40.76976428571429 33.0
75 40.34437857142857 36.0
75 41.3257992063492 32.0
76 41.77334682539683 31.0
76 40.76976428571429 33.0
76 40.34437857142857 36.0
76 41.3257992063492 32.0
77 41.77334682539683 31.0
77 40.76976428571429 33.0
77 40.34437857142857 36.0
77 41.3257992063492 32.0
78 41.77334682539683 31.0
78 40.76976428571429 33.0
78 40.34437857142857 36.0
78 41.3257992063492 32.0
79 41.77334682539683 31.0
79 40.76976428571429 33.0
79 40.34437857142857 36.0
79 41.3257992063492 32.0
80 41.77334682539683 31.0
80 40.76976428571429 33.0
80 40.34437857142857 36.0
80 41.3257992063492 32.0
81 41.77334682539683 31.0
81 40.76976428571429 33.0
81 40.34437857142857 36.0
81 41.3257992063492 32.0
82 41.77334682539683 31.0
82 40.76976428571429 33.0
82 40.34437857142857 36.0
82 41.3257992063492 32.0
83 41.77334682539683 31.0
83 40.76976428571429 33.0
83 40.34437857142857 36.0
83 41.3257992063492 32.0
84 41.77334682539683 31.0
84 40.76976428571429 33.0
84 40.34437857142857 36.0
84 41.3257992063492 32.0
85 41.77334682539683 31.0
85 40.76976428571429 33.0
85 40.34437857142857 36.0
85 41.3257992063492 32.0
86 41.77334682539683 31.0
86 40.76976428571429 33.0
86 40.34437857142857 36.0
86 41.3257992063492 32.0
87 41.77334682539683 31.0
87 40.76976428571429 33.0
87 40.34437857142857 36.0
87 41.3257992063492 32.0
88 41.77334682539683 31.0
88 40.76976428571429 33.0
88 40.34437857142857 36.0
88 41.3257992063492 32.0
89 41.77334682539683 31.0
89 40.76976428571429 33.0
89 40.34437857142857 36.0
89 41.3257992063492 32.0
90 41.77334682539683 31.0
90 40.76976428571429 33.0
90 40.34437857142857 36.0
90 41.3257992063492 32.0
91 41.77334682539683 31.0
91 40.76976428571429 33.0
91 40.34437857142857 36.0
91 41.3257992063492 32.0
92 41.77334682539683 31.0
92 40.76976428571429 33.0
92 40.34437857142857 36.0
92 41.3257992063492 32.0
93 41.77334682539683 31.0
93 40.76976428571429 33.0
93 40.34437857142857 36.0
93 41.3257992063492 32.0
94 41.77334682539683 31.0
94 40.76976428571429 33.0
94 40.34437857142857 36.0
94 41.3257992063492 32.0
95 41.77334682539683 31.0
95 40.76976428571429 33.0
95 40.34437857142857 36.0
95 41.3257992063492 32.0
96 41.77334682539683 31.0
96 40.76976428571429 33.0
96 40.34437857142857 36.0
96 41.3257992063492 32.0
97 41.77334682539683 31.0
97 40.76976428571429 33.0
97 40.34437857142857 36.0
97 41.3257992063492 32.0
98 41.77334682539683 31.0
98 40.76976428571429 33.0
98 40.34437857142857 36.0
98 41.3257992063492 32.0
99 41.77334682539683 31.0
99 40.76976428571429 33.0
99 40.34437857142857 36.0
99 41.3257992063492 32.0
100 41.77334682539683 31.0
100 40.76976428571429 33.0
100 40.34437857142857 36.0
100 41.3257992063492 32.0
