1 45.82793492063492 42.0
1 45.45373412698413 42.0
1 45.89278492063493 40.0
1 44.83314047619047 37.0
1 46.23818174603174 38.0
1 43.66359365079364 40.0
1 45.20853650793651 41.0
1 44.75835555555555 41.0
1 44.8489873015873 38.0
1 45.834651587301586 39.0
1 43.974177777777776 36.0
1 43.937890476190475 40.0
1 44.72577063492063 37.0
1 45.61431428571428 41.0
1 45.42027936507937 41.0
1 45.09248968253969 43.0
1 44.958569841269835 39.0
2 43.07753095238095 43.0
2 43.66359365079364 40.0
2 43.54187063492063 38.0
2 44.22721825396826 40.0
2 45.20147142857143 41.0
2 44.18567301587301 38.0
2 45.89278492063493 40.0
2 44.8489873015873 38.0
2 44.72577063492063 37.0
2 43.974177777777776 36.0
3 42.29329761904763 40.0
3 43.07753095238095 43.0
3 43.745761111111115 42.0
3 43.523563492063495 40.0
3 43.577973015873006 39.0
3 43.54187063492063 38.0
3 44.739494444444446 39.0
3 44.18567301587301 38.0
3 44.8489873015873 38.0
3 44.4855746031746 37.0
3 43.974177777777776 36.0
4 42.29329761904763 40.0
4 42.61061666666667 41.0
4 43.059585714285724 41.0
4 42.70225317460317 38.0
4 43.523563492063495 40.0
4 43.577973015873006 39.0
4 43.54187063492063 38.0
4 43.79716349206349 38.0
4 44.18567301587301 38.0
4 44.8489873015873 38.0
4 45.270237301587315 38.0
4 44.4855746031746 37.0
4 43.974177777777776 36.0
5 42.29329761904763 40.0
5 42.68989761904761 37.0
5 42.89747301587302 37.0
5 43.54187063492063 38.0
5 43.79716349206349 38.0
5 44.03959126984127 37.0
5 43.5094246031746 35.0
5 44.70453968253968 36.0
5 43.11517857142857 33.0
6 41.84939761904762 39.0
6 42.29329761904763 40.0
6 42.68989761904761 37.0
6 43.085921428571424 37.0
6 43.74288015873016 37.0
6 44.03959126984127 37.0
6 43.5094246031746 35.0
6 44.70453968253968 36.0
6 43.11517857142857 33.0
7 41.84939761904762 39.0
7 42.46870873015873 39.0
7 43.02154206349206 40.0
7 42.68989761904761 37.0
7 42.78608650793652 36.0
7 43.74288015873016 37.0
7 43.81076587301587 36.0
7 43.5094246031746 35.0
7 44.70453968253968 36.0
7 43.11517857142857 33.0
8 41.317687301587306 36.0
8 41.84939761904762 39.0
8 42.10291349206349 38.0
8 42.46870873015873 39.0
8 42.68989761904761 37.0
8 42.64394126984127 36.0
8 43.74288015873016 37.0
8 43.81076587301587 36.0
8 43.42200873015872 35.0
8 42.729019841269846 34.0
8 43.11517857142857 33.0
9 41.317687301587306 36.0
9 41.84939761904762 39.0
9 42.10291349206349 38.0
9 42.36847142857144 38.0
9 42.68989761904761 37.0
9 42.64394126984127 36.0
9 43.20495317460317 36.0
9 43.81076587301587 36.0
9 43.42200873015872 35.0
9 42.729019841269846 34.0
9 43.11517857142857 33.0
10 41.317687301587306 36.0
10 41.84939761904762 39.0
10 41.92867936507936 37.0
10 42.3981753968254 37.0
10 42.06692142857142 35.0
10 42.64394126984127 36.0
10 42.44197619047619 35.0
10 43.81076587301587 36.0
10 43.42200873015872 35.0
10 42.729019841269846 34.0
10 43.11517857142857 33.0
11 41.317687301587306 36.0
11 41.84939761904762 39.0
11 41.92867936507936 37.0
11 42.57500396825396 40.0
11 42.3981753968254 37.0
11 42.791580952380954 37.0
11 42.06692142857142 35.0
11 42.44197619047619 35.0
11 43.28836031746032 36.0
11 42.98072222222222 35.0
11 42.729019841269846 34.0
11 43.11517857142857 33.0
12 41.317687301587306 36.0
12 41.83102698412697 41.0
12 41.737146031746036 38.0
12 41.92867936507936 37.0
12 42.57500396825396 40.0
12 42.3981753968254 37.0
12 42.47373015873015 37.0
12 42.06692142857142 35.0
12 42.44197619047619 35.0
12 43.28836031746032 36.0
12 42.98072222222222 35.0
12 42.729019841269846 34.0
12 43.11517857142857 33.0
13 41.317687301587306 36.0
13 41.83102698412697 41.0
13 41.737146031746036 38.0
13 41.92867936507936 37.0
13 42.57500396825396 40.0
13 42.3981753968254 37.0
13 42.47373015873015 37.0
13 42.06692142857142 35.0
13 42.44197619047619 35.0
13 43.28836031746032 36.0
13 42.95722222222223 35.0
13 42.729019841269846 34.0
13 43.11517857142857 33.0
14 41.317687301587306 36.0
14 41.6520873015873 42.0
14 41.692664285714294 38.0
14 41.737146031746036 38.0
14 41.92867936507936 37.0
14 42.57500396825396 40.0
14 42.3981753968254 37.0
14 42.47373015873015 37.0
14 42.06692142857142 35.0
14 42.44197619047619 35.0
14 43.28836031746032 36.0
14 42.95722222222223 35.0
14 42.729019841269846 34.0
14 43.11517857142857 33.0
15 41.317687301587306 36.0
15 41.6520873015873 42.0
15 41.692664285714294 38.0
15 41.737146031746036 38.0
15 41.92867936507936 37.0
15 42.57500396825396 40.0
15 42.3981753968254 37.0
15 42.47373015873015 37.0
15 42.06692142857142 35.0
15 42.44197619047619 35.0
15 43.28836031746032 36.0
15 42.95722222222223 35.0
15 42.729019841269846 34.0
15 43.11517857142857 33.0
16 41.317687301587306 36.0
16 41.6520873015873 42.0
16 41.692664285714294 38.0
16 41.63592380952381 36.0
16 41.92867936507936 37.0
16 42.57500396825396 40.0
16 42.3981753968254 37.0
16 42.47373015873015 37.0
16 42.06692142857142 35.0
16 42.44197619047619 35.0
16 43.28836031746032 36.0
16 42.95722222222223 35.0
16 42.729019841269846 34.0
16 43.11517857142857 33.0
17 41.317687301587306 36.0
17 41.35955476190477 35.0
17 41.692664285714294 38.0
17 41.63592380952381 36.0
17 41.92867936507936 37.0
17 42.32386666666666 39.0
17 42.3981753968254 37.0
17 42.47373015873015 37.0
17 42.06692142857142 35.0
17 42.44197619047619 35.0
17 43.28836031746032 36.0
17 42.95722222222223 35.0
17 42.729019841269846 34.0
17 43.11517857142857 33.0
18 41.317687301587306 36.0
18 41.35955476190477 35.0
18 41.692664285714294 38.0
18 41.63592380952381 36.0
18 41.92867936507936 37.0
18 42.32386666666666 39.0
18 42.3981753968254 37.0
18 42.47373015873015 37.0
18 42.06692142857142 35.0
18 42.44197619047619 35.0
18 42.58293174603175 35.0
18 42.95722222222223 35.0
18 42.729019841269846 34.0
18 43.11517857142857 33.0
19 41.317687301587306 36.0
19 41.35955476190477 35.0
19 41.59830476190476 37.0
19 41.63592380952381 36.0
19 41.92867936507936 37.0
19 42.32386666666666 39.0
19 42.3157246031746 37.0
19 42.47373015873015 37.0
19 42.06692142857142 35.0
19 42.44197619047619 35.0
19 42.58293174603175 35.0
19 42.95722222222223 35.0
19 42.729019841269846 34.0
19 42.99441507936507 34.0
19 43.11517857142857 33.0
20 41.317687301587306 36.0
20 41.35955476190477 35.0
20 41.59830476190476 37.0
20 41.63592380952381 36.0
20 41.92867936507936 37.0
20 42.32386666666666 39.0
20 42.3157246031746 37.0
20 42.6210007936508 37.0
20 42.06692142857142 35.0
20 42.44197619047619 35.0
20 42.58293174603175 35.0
20 42.95722222222223 35.0
20 42.729019841269846 34.0
20 42.99441507936507 34.0
20 43.11517857142857 33.0
21 41.317687301587306 36.0
21 41.35955476190477 35.0
21 41.59830476190476 37.0
21 41.63592380952381 36.0
21 41.92867936507936 37.0
21 42.32386666666666 39.0
21 42.3157246031746 37.0
21 42.6210007936508 37.0
21 42.06692142857142 35.0
21 42.44197619047619 35.0
21 42.58293174603175 35.0
21 42.95722222222223 35.0
21 42.729019841269846 34.0
21 42.99441507936507 34.0
21 43.11517857142857 33.0
22 41.317687301587306 36.0
22 41.35955476190477 35.0
22 41.59830476190476 37.0
22 41.63592380952381 36.0
22 41.92867936507936 37.0
22 42.32386666666666 39.0
22 42.3157246031746 37.0
22 42.6210007936508 37.0
22 42.06692142857142 35.0
22 42.44197619047619 35.0
22 42.58293174603175 35.0
22 42.95722222222223 35.0
22 42.58176507936508 34.0
22 42.99441507936507 34.0
22 43.11517857142857 33.0
23 41.317687301587306 36.0
23 41.35955476190477 35.0
23 41.59830476190476 37.0
23 41.63592380952381 36.0
23 41.92867936507936 37.0
23 42.27478095238095 38.0
23 42.3157246031746 37.0
23 42.6210007936508 37.0
23 42.06692142857142 35.0
23 42.44197619047619 35.0
23 42.58293174603175 35.0
23 42.95722222222223 35.0
23 42.58176507936508 34.0
23 42.99441507936507 34.0
23 43.11517857142857 33.0
24 41.317687301587306 36.0
24 41.35955476190477 35.0
24 41.59830476190476 37.0
24 41.63592380952381 36.0
24 41.92867936507936 37.0
24 42.05676984126984 37.0
24 42.3157246031746 37.0
24 42.6210007936508 37.0
24 42.06692142857142 35.0
24 42.44197619047619 35.0
24 42.58293174603175 35.0
24 42.95722222222223 35.0
24 42.58176507936508 34.0
24 42.99441507936507 34.0
24 43.11517857142857 33.0
25 41.317687301587306 36.0
25 41.35955476190477 35.0
25 41.63592380952381 36.0
25 42.05676984126984 37.0
25 42.3157246031746 37.0
25 42.06692142857142 35.0
25 42.65750396825397 37.0
25 42.44197619047619 35.0
25 41.78939603174603 33.0
25 42.58176507936508 34.0
25 42.99441507936507 34.0
25 43.11517857142857 33.0
25 42.77850079365079 32.0
26 41.317687301587306 36.0
26 41.35955476190477 35.0
26 41.63592380952381 36.0
26 42.05676984126984 37.0
26 42.3157246031746 37.0
26 42.06692142857142 35.0
26 42.65750396825397 37.0
26 42.44197619047619 35.0
26 41.78939603174603 33.0
26 42.58176507936508 34.0
26 42.99441507936507 34.0
26 43.11517857142857 33.0
26 42.77850079365079 32.0
27 41.317687301587306 36.0
27 41.35955476190477 35.0
27 41.63592380952381 36.0
27 42.05676984126984 37.0
27 42.3157246031746 37.0
27 42.06692142857142 35.0
27 42.65750396825397 37.0
27 42.44197619047619 35.0
27 41.78939603174603 33.0
27 42.58176507936508 34.0
27 42.99441507936507 34.0
27 44.90411666666667 35.0
27 43.11517857142857 33.0
27 42.77850079365079 32.0
28 41.317687301587306 36.0
28 41.35955476190477 35.0
28 41.63592380952381 36.0
28 42.05676984126984 37.0
28 42.3157246031746 37.0
28 42.06692142857142 35.0
28 42.65750396825397 37.0
28 42.44197619047619 35.0
28 41.78939603174603 33.0
28 42.58176507936508 34.0
28 42.99441507936507 34.0
28 44.90411666666667 35.0
28 43.11517857142857 33.0
28 42.77850079365079 32.0
29 41.317687301587306 36.0
29 41.35955476190477 35.0
29 41.63592380952381 36.0
29 42.05676984126984 37.0
29 42.3157246031746 37.0
29 42.06692142857142 35.0
29 42.65750396825397 37.0
29 42.47096825396825 35.0
29 41.78939603174603 33.0
29 42.58176507936508 34.0
29 42.99441507936507 34.0
29 44.90411666666667 35.0
29 43.11517857142857 33.0
29 42.77850079365079 32.0
30 41.317687301587306 36.0
30 41.35955476190477 35.0
30 41.63592380952381 36.0
30 41.75987936507937 36.0
30 42.05676984126984 37.0
30 42.3157246031746 37.0
30 42.06692142857142 35.0
30 42.65750396825397 37.0
30 42.47096825396825 35.0
30 41.78939603174603 33.0
30 42.58176507936508 34.0
30 42.99441507936507 34.0
30 44.90411666666667 35.0
30 43.11517857142857 33.0
30 42.77850079365079 32.0
31 41.35955476190477 35.0
31 41.75987936507937 36.0
31 41.90709523809524 35.0
31 42.06692142857142 35.0
31 43.59017142857143 40.0
31 41.78939603174603 33.0
31 42.58176507936508 34.0
31 43.32136031746031 35.0
31 42.99441507936507 34.0
31 44.90411666666667 35.0
31 43.11517857142857 33.0
31 42.77850079365079 32.0
32 41.35955476190477 35.0
32 41.75987936507937 36.0
32 41.90709523809524 35.0
32 42.06692142857142 35.0
32 42.95680158730159 37.0
32 41.78939603174603 33.0
32 42.58176507936508 34.0
32 43.32136031746031 35.0
32 42.99441507936507 34.0
32 44.90411666666667 35.0
32 43.11517857142857 33.0
32 42.77850079365079 32.0
33 41.35955476190477 35.0
33 41.75987936507937 36.0
33 41.90709523809524 35.0
33 42.06692142857142 35.0
33 42.95680158730159 37.0
33 41.78939603174603 33.0
33 42.58176507936508 34.0
33 43.32136031746031 35.0
33 42.99441507936507 34.0
33 44.90411666666667 35.0
33 43.11517857142857 33.0
33 42.77850079365079 32.0
34 41.35955476190477 35.0
34 41.75987936507937 36.0
34 41.90709523809524 35.0
34 42.06692142857142 35.0
34 42.95680158730159 37.0
34 41.78939603174603 33.0
34 42.58176507936508 34.0
34 43.32136031746031 35.0
34 42.99441507936507 34.0
34 42.48788412698413 33.0
34 43.11517857142857 33.0
34 42.77850079365079 32.0
35 41.35955476190477 35.0
35 41.75987936507937 36.0
35 41.90709523809524 35.0
35 42.06692142857142 35.0
35 42.95680158730159 37.0
35 41.78939603174603 33.0
35 42.58176507936508 34.0
35 43.32136031746031 35.0
35 42.99441507936507 34.0
35 42.48788412698413 33.0
35 43.11517857142857 33.0
35 42.77850079365079 32.0
36 41.35955476190477 35.0
36 41.75987936507937 36.0
36 41.90709523809524 35.0
36 42.06692142857142 35.0
36 42.95680158730159 37.0
36 41.78939603174603 33.0
36 42.58176507936508 34.0
36 43.32136031746031 35.0
36 42.99441507936507 34.0
36 42.48788412698413 33.0
36 43.11517857142857 33.0
36 42.77850079365079 32.0
37 41.35955476190477 35.0
37 41.58005 36.0
37 41.75987936507937 36.0
37 41.90709523809524 35.0
37 42.06692142857142 35.0
37 42.95680158730159 37.0
37 41.78939603174603 33.0
37 42.58176507936508 34.0
37 43.32136031746031 35.0
37 42.99441507936507 34.0
37 42.48788412698413 33.0
37 43.11517857142857 33.0
37 42.77850079365079 32.0
38 40.91625555555555 37.0
38 41.35955476190477 35.0
38 41.74325634920635 35.0
38 41.90709523809524 35.0
38 42.06692142857142 35.0
38 42.94195714285715 36.0
38 43.00598253968255 35.0
38 41.78939603174603 33.0
38 42.48788412698413 33.0
38 43.11517857142857 33.0
38 42.77850079365079 32.0
39 40.91625555555555 37.0
39 41.35955476190477 35.0
39 41.74325634920635 35.0
39 41.90709523809524 35.0
39 42.06692142857142 35.0
39 42.94195714285715 36.0
39 43.00598253968255 35.0
39 41.78939603174603 33.0
39 42.48788412698413 33.0
39 43.11517857142857 33.0
39 42.77850079365079 32.0
40 40.91625555555555 37.0
40 41.35955476190477 35.0
40 41.74325634920635 35.0
40 41.90709523809524 35.0
40 42.06692142857142 35.0
40 42.81354365079365 35.0
40 43.00598253968255 35.0
40 41.78939603174603 33.0
40 44.456405555555556 35.0
40 42.48788412698413 33.0
40 43.11517857142857 33.0
40 42.77850079365079 32.0
41 40.91625555555555 37.0
41 41.57881825396826 41.0
41 41.35955476190477 35.0
41 41.74325634920635 35.0
41 41.90709523809524 35.0
41 42.06692142857142 35.0
41 43.21160476190475 36.0
41 43.00598253968255 35.0
41 41.78939603174603 33.0
41 44.456405555555556 35.0
41 42.48788412698413 33.0
41 43.11517857142857 33.0
41 42.77850079365079 32.0
42 40.91625555555555 37.0
42 41.57881825396826 41.0
42 41.35955476190477 35.0
42 41.74325634920635 35.0
42 41.90709523809524 35.0
42 42.06692142857142 35.0
42 43.21160476190475 36.0
42 43.00598253968255 35.0
42 41.78939603174603 33.0
42 44.456405555555556 35.0
42 42.48788412698413 33.0
42 43.11517857142857 33.0
42 42.77850079365079 32.0
43 40.91625555555555 37.0
43 41.57881825396826 41.0
43 41.35955476190477 35.0
43 41.74325634920635 35.0
43 41.90709523809524 35.0
43 42.06692142857142 35.0
43 43.21160476190475 36.0
43 43.00598253968255 35.0
43 41.78939603174603 33.0
43 44.456405555555556 35.0
43 42.48788412698413 33.0
43 43.11517857142857 33.0
43 42.77850079365079 32.0
44 40.91625555555555 37.0
44 41.57881825396826 41.0
44 41.35955476190477 35.0
44 41.74325634920635 35.0
44 41.90709523809524 35.0
44 42.06692142857142 35.0
44 43.21160476190475 36.0
44 43.00598253968255 35.0
44 41.78939603174603 33.0
44 44.456405555555556 35.0
44 42.48788412698413 33.0
44 43.11517857142857 33.0
44 42.77850079365079 32.0
45 40.91625555555555 37.0
45 41.57881825396826 41.0
45 41.35955476190477 35.0
45 41.74325634920635 35.0
45 41.90709523809524 35.0
45 42.06692142857142 35.0
45 43.21160476190475 36.0
45 43.00598253968255 35.0
45 41.78939603174603 33.0
45 44.456405555555556 35.0
45 42.48788412698413 33.0
45 43.11517857142857 33.0
45 42.77850079365079 32.0
46 40.91625555555555 37.0
46 41.57881825396826 41.0
46 41.35955476190477 35.0
46 41.74325634920635 35.0
46 41.90709523809524 35.0
46 42.06692142857142 35.0
46 43.21160476190475 36.0
46 43.00598253968255 35.0
46 41.78939603174603 33.0
46 44.456405555555556 35.0
46 42.48788412698413 33.0
46 43.11517857142857 33.0
46 42.77850079365079 32.0
47 40.91625555555555 37.0
47 41.57881825396826 41.0
47 41.35955476190477 35.0
47 41.74325634920635 35.0
47 41.90709523809524 35.0
47 42.06692142857142 35.0
47 43.21160476190475 36.0
47 43.00598253968255 35.0
47 41.78939603174603 33.0
47 44.456405555555556 35.0
47 42.48788412698413 33.0
47 43.11517857142857 33.0
47 42.77850079365079 32.0
48 40.91625555555555 37.0
48 41.57881825396826 41.0
48 42.22225793650793 43.0
48 41.35955476190477 35.0
48 41.74325634920635 35.0
48 41.90709523809524 35.0
48 42.06692142857142 35.0
48 43.07477777777778 36.0
48 43.00598253968255 35.0
48 41.78939603174603 33.0
48 44.456405555555556 35.0
48 42.48788412698413 33.0
48 43.11517857142857 33.0
48 42.77850079365079 32.0
49 40.91625555555555 37.0
49 41.57881825396826 41.0
49 42.22225793650793 43.0
49 41.35955476190477 35.0
49 41.74325634920635 35.0
49 41.90709523809524 35.0
49 42.06692142857142 35.0
49 43.07477777777778 36.0
49 43.00598253968255 35.0
49 41.78939603174603 33.0
49 44.456405555555556 35.0
49 42.48788412698413 33.0
49 43.11517857142857 33.0
49 42.77850079365079 32.0
50 40.91625555555555 37.0
50 41.57881825396826 41.0
50 42.22225793650793 43.0
50 41.35955476190477 35.0
50 41.74325634920635 35.0
50 41.90709523809524 35.0
50 42.06692142857142 35.0
50 43.07477777777778 36.0
50 43.00598253968255 35.0
50 41.78939603174603 33.0
50 44.456405555555556 35.0
50 42.48788412698413 33.0
50 43.11517857142857 33.0
50 42.77850079365079 32.0
51 40.91625555555555 37.0
51 41.57881825396826 41.0
51 42.22225793650793 43.0
51 41.35955476190477 35.0
51 42.2424111111111 39.0
51 41.74325634920635 35.0
51 41.90709523809524 35.0
51 42.06692142857142 35.0
51 43.07477777777778 36.0
51 43.00598253968255 35.0
51 41.78939603174603 33.0
51 42.48788412698413 33.0
51 43.11517857142857 33.0
51 42.77850079365079 32.0
52 40.91625555555555 37.0
52 41.21594444444444 41.0
52 41.385957142857144 38.0
52 42.22225793650793 43.0
52 41.35955476190477 35.0
52 42.2424111111111 39.0
52 41.74325634920635 35.0
52 41.90709523809524 35.0
52 42.06692142857142 35.0
52 43.07477777777778 36.0
52 43.00598253968255 35.0
52 41.78939603174603 33.0
52 42.48788412698413 33.0
52 43.11517857142857 33.0
52 42.77850079365079 32.0
53 40.91625555555555 37.0
53 41.21594444444444 41.0
53 41.385957142857144 38.0
53 42.22225793650793 43.0
53 41.35955476190477 35.0
53 42.2424111111111 39.0
53 41.74325634920635 35.0
53 41.90709523809524 35.0
53 42.06692142857142 35.0
53 43.07477777777778 36.0
53 43.00598253968255 35.0
53 41.78939603174603 33.0
53 42.48788412698413 33.0
53 43.11517857142857 33.0
53 42.77850079365079 32.0
54 40.91625555555555 37.0
54 41.21594444444444 41.0
54 41.385957142857144 38.0
54 41.84338015873016 41.0
54 41.35955476190477 35.0
54 42.2424111111111 39.0
54 41.74325634920635 35.0
54 41.90709523809524 35.0
54 42.06692142857142 35.0
54 43.07477777777778 36.0
54 43.00598253968255 35.0
54 41.78939603174603 33.0
54 42.48788412698413 33.0
54 43.11517857142857 33.0
54 42.77850079365079 32.0
55 40.91625555555555 37.0
55 41.21594444444444 41.0
55 41.385957142857144 38.0
55 41.749977777777765 40.0
55 41.35955476190477 35.0
55 41.90479444444444 37.0
55 41.74325634920635 35.0
55 41.90709523809524 35.0
55 42.06692142857142 35.0
55 43.07477777777778 36.0
55 43.00598253968255 35.0
55 41.78939603174603 33.0
55 42.48788412698413 33.0
55 43.11517857142857 33.0
55 42.77850079365079 32.0
56 40.91625555555555 37.0
56 41.21594444444444 41.0
56 41.385957142857144 38.0
56 41.749977777777765 40.0
56 41.35955476190477 35.0
56 41.90479444444444 37.0
56 41.74325634920635 35.0
56 41.90709523809524 35.0
56 42.06692142857142 35.0
56 43.07477777777778 36.0
56 43.00598253968255 35.0
56 41.78939603174603 33.0
56 42.48788412698413 33.0
56 43.11517857142857 33.0
56 42.77850079365079 32.0
57 40.91625555555555 37.0
57 41.21594444444444 41.0
57 41.325942857142856 37.0
57 41.749977777777765 40.0
57 41.35955476190477 35.0
57 41.90479444444444 37.0
57 41.74325634920635 35.0
57 41.90709523809524 35.0
57 42.06692142857142 35.0
57 43.07477777777778 36.0
57 43.00598253968255 35.0
57 41.78939603174603 33.0
57 42.48788412698413 33.0
57 43.11517857142857 33.0
57 42.77850079365079 32.0
58 40.91625555555555 37.0
58 41.21594444444444 41.0
58 41.325942857142856 37.0
58 41.749977777777765 40.0
58 41.35955476190477 35.0
58 41.90479444444444 37.0
58 41.74325634920635 35.0
58 41.90709523809524 35.0
58 42.06692142857142 35.0
58 43.07477777777778 36.0
58 43.00598253968255 35.0
58 41.78939603174603 33.0
58 42.48788412698413 33.0
58 43.11517857142857 33.0
58 42.77850079365079 32.0
59 40.91625555555555 37.0
59 41.21594444444444 41.0
59 41.325942857142856 37.0
59 41.749977777777765 40.0
59 41.35955476190477 35.0
59 41.90479444444444 37.0
59 41.74325634920635 35.0
59 41.90709523809524 35.0
59 42.06692142857142 35.0
59 43.07477777777778 36.0
59 43.00598253968255 35.0
59 41.78939603174603 33.0
59 42.48788412698413 33.0
59 43.11517857142857 33.0
59 42.77850079365079 32.0
60 40.91625555555555 37.0
60 41.21594444444444 41.0
60 41.325942857142856 37.0
60 41.749977777777765 40.0
60 41.35955476190477 35.0
60 41.90134682539683 37.0
60 41.74325634920635 35.0
60 41.90709523809524 35.0
60 42.06692142857142 35.0
60 43.07477777777778 36.0
60 43.00598253968255 35.0
60 41.78939603174603 33.0
60 42.48788412698413 33.0
60 43.11517857142857 33.0
60 42.77850079365079 32.0
61 40.91625555555555 37.0
61 41.21594444444444 41.0
61 41.325942857142856 37.0
61 41.749977777777765 40.0
61 41.35955476190477 35.0
61 41.90134682539683 37.0
61 41.74325634920635 35.0
61 41.90709523809524 35.0
61 42.06692142857142 35.0
61 43.07477777777778 36.0
61 41.78939603174603 33.0
61 42.48788412698413 33.0
61 42.77850079365079 32.0
62 40.91625555555555 37.0
62 41.21594444444444 41.0
62 41.325942857142856 37.0
62 41.749977777777765 40.0
62 41.35955476190477 35.0
62 41.90134682539683 37.0
62 41.74325634920635 35.0
62 41.90709523809524 35.0
62 41.31272063492062 33.0
62 43.07477777777778 36.0
62 41.78939603174603 33.0
62 42.48788412698413 33.0
62 42.77850079365079 32.0
63 40.91625555555555 37.0
63 41.21594444444444 41.0
63 41.325942857142856 37.0
63 41.749977777777765 40.0
63 41.35955476190477 35.0
63 41.90134682539683 37.0
63 41.74325634920635 35.0
63 41.90709523809524 35.0
63 41.31272063492062 33.0
63 43.07477777777778 36.0
63 41.78939603174603 33.0
63 42.48788412698413 33.0
63 42.77850079365079 32.0
64 40.91625555555555 37.0
64 41.21594444444444 41.0
64 41.325942857142856 37.0
64 41.749977777777765 40.0
64 41.35955476190477 35.0
64 41.90134682539683 37.0
64 41.74325634920635 35.0
64 41.90709523809524 35.0
64 41.31272063492062 33.0
64 43.07477777777778 36.0
64 41.78939603174603 33.0
64 45.260391269841264 36.0
64 42.48788412698413 33.0
64 42.77850079365079 32.0
65 40.78434444444444 39.0
65 40.91625555555555 37.0
65 41.21594444444444 41.0
65 41.325942857142856 37.0
65 41.35955476190477 35.0
65 41.99302142857143 37.0
65 41.74325634920635 35.0
65 41.90709523809524 35.0
65 41.31272063492062 33.0
65 41.78939603174603 33.0
65 42.48788412698413 33.0
65 42.77850079365079 32.0
66 40.78434444444444 39.0
66 40.91625555555555 37.0
66 41.21594444444444 41.0
66 41.325942857142856 37.0
66 41.58102619047619 38.0
66 41.35955476190477 35.0
66 41.99302142857143 37.0
66 41.74325634920635 35.0
66 41.90709523809524 35.0
66 41.31272063492062 33.0
66 44.98325793650795 37.0
66 41.78939603174603 33.0
66 42.48788412698413 33.0
66 42.77850079365079 32.0
67 40.78434444444444 39.0
67 40.91625555555555 37.0
67 41.21594444444444 41.0
67 41.325942857142856 37.0
67 41.58102619047619 38.0
67 41.35955476190477 35.0
67 41.99302142857143 37.0
67 41.74325634920635 35.0
67 41.90709523809524 35.0
67 41.31272063492062 33.0
67 44.98325793650795 37.0
67 41.78939603174603 33.0
67 42.48788412698413 33.0
67 42.77850079365079 32.0
68 40.78434444444444 39.0
68 40.91625555555555 37.0
68 41.21594444444444 41.0
68 41.43183333333334 39.0
68 41.325942857142856 37.0
68 41.58102619047619 38.0
68 41.35955476190477 35.0
68 41.99302142857143 37.0
68 41.74325634920635 35.0
68 41.90709523809524 35.0
68 41.31272063492062 33.0
68 44.98325793650795 37.0
68 41.78939603174603 33.0
68 42.48788412698413 33.0
68 42.77850079365079 32.0
69 40.78434444444444 39.0
69 40.91625555555555 37.0
69 41.21594444444444 41.0
69 41.43183333333334 39.0
69 41.325942857142856 37.0
69 41.58102619047619 38.0
69 41.35955476190477 35.0
69 41.99302142857143 37.0
69 41.74325634920635 35.0
69 41.90709523809524 35.0
69 41.31272063492062 33.0
69 42.261002380952384 34.0
69 41.78939603174603 33.0
69 42.48788412698413 33.0
69 42.77850079365079 32.0
70 40.78434444444444 39.0
70 40.91625555555555 37.0
70 41.21594444444444 41.0
70 41.43183333333334 39.0
70 41.325942857142856 37.0
70 41.58102619047619 38.0
70 41.35955476190477 35.0
70 41.99302142857143 37.0
70 41.74325634920635 35.0
70 41.90709523809524 35.0
70 41.31272063492062 33.0
70 42.261002380952384 34.0
70 41.78939603174603 33.0
70 42.48788412698413 33.0
70 42.77850079365079 32.0
71 40.78434444444444 39.0
71 40.91625555555555 37.0
71 41.21594444444444 41.0
71 41.325942857142856 37.0
71 41.58102619047619 38.0
71 41.35955476190477 35.0
71 41.99302142857143 37.0
71 41.74325634920635 35.0
71 41.90709523809524 35.0
71 41.31272063492062 33.0
71 42.261002380952384 34.0
71 41.78939603174603 33.0
71 42.48788412698413 33.0
71 42.77850079365079 32.0
72 40.78434444444444 39.0
72 40.91625555555555 37.0
72 41.21594444444444 41.0
72 41.325942857142856 37.0
72 41.58102619047619 38.0
72 41.35955476190477 35.0
72 41.99302142857143 37.0
72 41.74325634920635 35.0
72 41.90709523809524 35.0
72 41.31272063492062 33.0
72 42.261002380952384 34.0
72 41.78939603174603 33.0
72 42.48788412698413 33.0
72 42.77850079365079 32.0
73 40.78434444444444 39.0
73 40.91625555555555 37.0
73 41.21594444444444 41.0
73 41.325942857142856 37.0
73 41.58102619047619 38.0
73 41.35955476190477 35.0
73 41.99302142857143 37.0
73 41.74325634920635 35.0
73 41.90709523809524 35.0
73 41.31272063492062 33.0
73 42.261002380952384 34.0
73 41.78939603174603 33.0
73 42.48788412698413 33.0
73 42.77850079365079 32.0
74 40.78434444444444 39.0
74 40.91625555555555 37.0
74 41.21594444444444 41.0
74 41.32382380952381 39.0
74 41.325942857142856 37.0
74 41.58102619047619 38.0
74 41.35955476190477 35.0
74 41.99302142857143 37.0
74 41.74325634920635 35.0
74 41.90709523809524 35.0
74 41.31272063492062 33.0
74 42.261002380952384 34.0
74 41.78939603174603 33.0
74 42.48788412698413 33.0
74 42.77850079365079 32.0
75 40.78434444444444 39.0
75 40.91625555555555 37.0
75 41.21594444444444 41.0
75 41.32382380952381 39.0
75 41.325942857142856 37.0
75 41.58102619047619 38.0
75 41.35955476190477 35.0
75 41.99302142857143 37.0
75 41.74325634920635 35.0
75 41.90709523809524 35.0
75 41.31272063492062 33.0
75 42.261002380952384 34.0
75 41.78939603174603 33.0
75 42.48788412698413 33.0
75 42.77850079365079 32.0
76 40.78434444444444 39.0
76 40.91625555555555 37.0
76 41.21594444444444 41.0
76 41.32382380952381 39.0
76 41.325942857142856 37.0
76 41.58102619047619 38.0
76 41.35955476190477 35.0
76 41.99302142857143 37.0
76 41.74325634920635 35.0
76 41.90709523809524 35.0
76 41.31272063492062 33.0
76 42.261002380952384 34.0
76 41.78939603174603 33.0
76 42.48788412698413 33.0
76 42.77850079365079 32.0
77 40.78434444444444 39.0
77 40.91625555555555 37.0
77 41.21594444444444 41.0
77 41.32382380952381 39.0
77 41.325942857142856 37.0
77 41.58102619047619 38.0
77 41.35955476190477 35.0
77 41.99302142857143 37.0
77 41.74325634920635 35.0
77 41.90709523809524 35.0
77 41.31272063492062 33.0
77 42.261002380952384 34.0
77 41.78939603174603 33.0
77 42.48788412698413 33.0
77 42.77850079365079 32.0
78 40.78434444444444 39.0
78 40.91625555555555 37.0
78 41.21594444444444 41.0
78 41.32382380952381 39.0
78 41.325942857142856 37.0
78 41.58102619047619 38.0
78 41.35955476190477 35.0
78 41.99302142857143 37.0
78 41.74325634920635 35.0
78 41.90709523809524 35.0
78 41.31272063492062 33.0
78 42.261002380952384 34.0
78 41.78939603174603 33.0
78 42.48788412698413 33.0
78 42.77850079365079 32.0
79 40.78434444444444 39.0
79 40.91625555555555 37.0
79 41.21594444444444 41.0
79 41.32382380952381 39.0
79 41.325942857142856 37.0
79 41.58102619047619 38.0
79 41.35955476190477 35.0
79 41.99302142857143 37.0
79 41.74325634920635 35.0
79 41.90709523809524 35.0
79 41.31272063492062 33.0
79 42.261002380952384 34.0
79 41.78939603174603 33.0
79 42.48788412698413 33.0
79 42.77850079365079 32.0
80 40.78434444444444 39.0
80 40.91625555555555 37.0
80 41.21594444444444 41.0
80 41.32382380952381 39.0
80 41.325942857142856 37.0
80 41.58102619047619 38.0
80 41.35955476190477 35.0
80 41.99302142857143 37.0
80 41.74325634920635 35.0
80 41.90709523809524 35.0
80 41.31272063492062 33.0
80 42.261002380952384 34.0
80 41.78939603174603 33.0
80 42.48788412698413 33.0
80 42.77850079365079 32.0
81 40.78434444444444 39.0
81 40.91625555555555 37.0
81 41.21594444444444 41.0
81 41.32382380952381 39.0
81 41.325942857142856 37.0
81 41.58102619047619 38.0
81 41.35955476190477 35.0
81 42.111184920634926 38.0
81 41.74325634920635 35.0
81 41.90709523809524 35.0
81 41.31272063492062 33.0
81 42.261002380952384 34.0
81 41.78939603174603 33.0
81 42.48788412698413 33.0
81 42.77850079365079 32.0
82 40.78434444444444 39.0
82 40.91625555555555 37.0
82 41.21594444444444 41.0
82 41.26113888888888 38.0
82 41.325942857142856 37.0
82 41.58102619047619 38.0
82 41.35955476190477 35.0
82 42.111184920634926 38.0
82 41.74325634920635 35.0
82 41.90709523809524 35.0
82 41.31272063492062 33.0
82 42.261002380952384 34.0
82 41.78939603174603 33.0
82 42.48788412698413 33.0
82 42.77850079365079 32.0
83 40.78434444444444 39.0
83 40.91625555555555 37.0
83 41.21594444444444 41.0
83 41.26113888888888 38.0
83 41.325942857142856 37.0
83 41.58102619047619 38.0
83 41.35955476190477 35.0
83 42.111184920634926 38.0
83 41.74325634920635 35.0
83 41.90709523809524 35.0
83 41.31272063492062 33.0
83 42.261002380952384 34.0
83 41.78939603174603 33.0
83 42.48788412698413 33.0
83 42.77850079365079 32.0
84 40.78434444444444 39.0
84 40.91625555555555 37.0
84 41.21594444444444 41.0
84 41.26113888888888 38.0
84 41.325942857142856 37.0
84 41.58102619047619 38.0
84 41.35955476190477 35.0
84 42.111184920634926 38.0
84 41.74325634920635 35.0
84 41.90709523809524 35.0
84 41.31272063492062 33.0
84 42.261002380952384 34.0
84 41.78939603174603 33.0
84 42.48788412698413 33.0
84 42.77850079365079 32.0
85 40.78434444444444 39.0
85 40.91625555555555 37.0
85 41.21594444444444 41.0
85 41.26113888888888 38.0
85 41.325942857142856 37.0
85 41.58102619047619 38.0
85 41.35955476190477 35.0
85 42.111184920634926 38.0
85 41.74325634920635 35.0
85 41.90709523809524 35.0
85 41.31272063492062 33.0
85 42.261002380952384 34.0
85 41.78939603174603 33.0
85 42.48788412698413 33.0
85 42.77850079365079 32.0
86 40.78434444444444 39.0
86 40.91625555555555 37.0
86 41.21594444444444 41.0
86 41.26113888888888 38.0
86 41.325942857142856 37.0
86 41.58102619047619 38.0
86 41.35955476190477 35.0
86 42.111184920634926 38.0
86 41.74325634920635 35.0
86 41.90709523809524 35.0
86 41.31272063492062 33.0
86 42.261002380952384 34.0
86 41.78939603174603 33.0
86 42.48788412698413 33.0
86 42.77850079365079 32.0
87 40.53786349206349 38.0
87 40.78434444444444 39.0
87 40.91625555555555 37.0
87 41.26113888888888 38.0
87 41.58102619047619 38.0
87 42.175286507936505 40.0
87 41.35955476190477 35.0
87 41.74325634920635 35.0
87 41.90709523809524 35.0
87 41.31272063492062 33.0
87 42.261002380952384 34.0
87 41.78939603174603 33.0
87 42.77850079365079 32.0
88 40.53786349206349 38.0
88 40.78434444444444 39.0
88 40.91625555555555 37.0
88 41.76415238095238 44.0
88 41.26113888888888 38.0
88 41.58102619047619 38.0
88 42.175286507936505 40.0
88 41.35955476190477 35.0
88 41.74325634920635 35.0
88 41.90709523809524 35.0
88 41.31272063492062 33.0
88 42.261002380952384 34.0
88 41.78939603174603 33.0
88 42.77850079365079 32.0
89 40.53786349206349 38.0
89 40.78434444444444 39.0
89 40.91625555555555 37.0
89 41.76415238095238 44.0
89 41.26113888888888 38.0
89 41.58102619047619 38.0
89 42.175286507936505 40.0
89 41.35955476190477 35.0
89 41.74325634920635 35.0
89 41.90709523809524 35.0
89 41.31272063492062 33.0
89 42.261002380952384 34.0
89 41.78939603174603 33.0
89 42.77850079365079 32.0
90 40.53786349206349 38.0
90 40.78434444444444 39.0
90 40.91625555555555 37.0
90 41.76415238095238 44.0
90 41.26113888888888 38.0
90 41.58102619047619 38.0
90 42.175286507936505 40.0
90 41.35955476190477 35.0
90 41.74325634920635 35.0
90 41.90709523809524 35.0
90 41.31272063492062 33.0
90 42.261002380952384 34.0
90 41.78939603174603 33.0
90 42.77850079365079 32.0
91 40.53786349206349 38.0
91 40.78434444444444 39.0
91 40.91625555555555 37.0
91 41.26113888888888 38.0
91 41.58102619047619 38.0
91 41.35955476190477 35.0
91 42.86130952380953 39.0
91 41.74325634920635 35.0
91 44.32093888888889 39.0
91 41.31272063492062 33.0
91 41.78939603174603 33.0
91 42.77850079365079 32.0
92 40.53786349206349 38.0
92 40.78434444444444 39.0
92 40.91625555555555 37.0
92 41.26113888888888 38.0
92 41.58102619047619 38.0
92 41.35955476190477 35.0
92 42.86130952380953 39.0
92 41.74325634920635 35.0
92 43.94798571428571 38.0
92 41.31272063492062 33.0
92 41.78939603174603 33.0
92 42.77850079365079 32.0
93 40.53786349206349 38.0
93 40.623908730158725 38.0
93 40.78434444444444 39.0
93 40.91625555555555 37.0
93 41.26113888888888 38.0
93 41.58102619047619 38.0
93 41.35955476190477 35.0
93 43.08689761904762 40.0
93 41.74325634920635 35.0
93 43.94798571428571 38.0
93 41.31272063492062 33.0
93 41.78939603174603 33.0
93 42.77850079365079 32.0
94 40.53786349206349 38.0
94 40.623908730158725 38.0
94 40.78434444444444 39.0
94 40.91625555555555 37.0
94 41.26113888888888 38.0
94 41.58102619047619 38.0
94 41.35955476190477 35.0
94 43.08689761904762 40.0
94 41.74325634920635 35.0
94 42.508135714285714 35.0
94 41.31272063492062 33.0
94 41.78939603174603 33.0
94 42.77850079365079 32.0
95 40.53786349206349 38.0
95 40.623908730158725 38.0
95 40.78434444444444 39.0
95 40.91625555555555 37.0
95 41.26113888888888 38.0
95 41.74569841269841 40.0
95 41.58102619047619 38.0
95 41.35955476190477 35.0
95 42.4020126984127 38.0
95 41.74325634920635 35.0
95 42.508135714285714 35.0
95 41.31272063492062 33.0
95 41.78939603174603 33.0
95 42.77850079365079 32.0
96 40.53786349206349 38.0
96 40.623908730158725 38.0
96 40.78434444444444 39.0
96 40.91625555555555 37.0
96 41.26113888888888 38.0
96 41.74569841269841 40.0
96 41.58102619047619 38.0
96 41.35955476190477 35.0
96 42.4020126984127 38.0
96 41.74325634920635 35.0
96 42.508135714285714 35.0
96 41.31272063492062 33.0
96 41.78939603174603 33.0
96 42.77850079365079 32.0
97 40.53786349206349 38.0
97 40.623908730158725 38.0
97 40.78434444444444 39.0
97 40.91625555555555 37.0
97 41.26113888888888 38.0
97 41.74569841269841 40.0
97 41.58102619047619 38.0
97 41.35955476190477 35.0
97 42.4020126984127 38.0
97 41.74325634920635 35.0
97 42.508135714285714 35.0
97 41.31272063492062 33.0
97 41.78939603174603 33.0
97 42.77850079365079 32.0
98 40.53786349206349 38.0
98 40.623908730158725 38.0
98 40.78434444444444 39.0
98 40.91625555555555 37.0
98 41.26113888888888 38.0
98 41.74569841269841 40.0
98 41.58102619047619 38.0
98 41.35955476190477 35.0
98 42.4020126984127 38.0
98 41.74325634920635 35.0
98 42.508135714285714 35.0
98 41.31272063492062 33.0
98 41.78939603174603 33.0
98 42.77850079365079 32.0
99 40.53786349206349 38.0
99 40.623908730158725 38.0
99 40.78434444444444 39.0
99 40.91625555555555 37.0
99 41.26113888888888 38.0
99 41.74569841269841 40.0
99 41.58102619047619 38.0
99 41.35955476190477 35.0
99 42.4020126984127 38.0
99 41.74325634920635 35.0
99 42.508135714285714 35.0
99 41.31272063492062 33.0
99 41.78939603174603 33.0
99 44.462665873015865 34.0
99 42.77850079365079 32.0
100 40.53786349206349 38.0
100 40.623908730158725 38.0
100 40.78434444444444 39.0
100 40.91625555555555 37.0
100 41.26113888888888 38.0
100 41.74569841269841 40.0
100 41.58102619047619 38.0
100 41.35955476190477 35.0
100 41.557766666666666 35.0
100 41.74325634920635 35.0
100 42.508135714285714 35.0
100 41.31272063492062 33.0
100 41.78939603174603 33.0
100 44.462665873015865 34.0
100 42.77850079365079 32.0
