1 44.33993809523808 38.0
1 43.96025079365079 40.0
1 45.606026984126984 43.0
1 45.21621666666667 38.0
1 44.76606666666667 39.0
1 43.78758492063492 40.0
1 45.582679365079365 39.0
1 44.45525555555556 38.0
1 46.0485119047619 38.0
1 45.8298119047619 39.0
1 46.277189682539685 45.0
1 45.467525396825394 43.0
1 45.12650238095238 38.0
1 46.38158809523809 37.0
1 45.13185238095238 42.0
1 44.81253333333334 40.0
1 44.113130158730165 40.0
2 43.77695238095238 38.0
2 43.96025079365079 40.0
2 44.375169047619046 39.0
2 44.33993809523808 38.0
2 45.45840873015874 40.0
2 45.12650238095238 38.0
2 44.93671349206349 37.0
2 45.180776984126986 37.0
2 46.009838888888886 37.0
2 43.89558888888888 35.0
3 43.49759761904762 41.0
3 43.77695238095238 38.0
3 44.375169047619046 39.0
3 44.33993809523808 38.0
3 45.45840873015874 40.0
3 43.89558888888888 35.0
3 45.180776984126986 37.0
3 46.009838888888886 37.0
3 45.48675714285713 36.0
3 43.8517119047619 34.0
4 43.08900873015873 37.0
4 43.49759761904762 41.0
4 43.77695238095238 38.0
4 44.096649206349205 39.0
4 44.33993809523808 38.0
4 45.15558571428571 38.0
4 45.07408571428571 37.0
4 43.89558888888888 35.0
4 46.009838888888886 37.0
4 45.48675714285713 36.0
4 43.8517119047619 34.0
5 43.08900873015873 37.0
5 43.49759761904762 41.0
5 43.77695238095238 38.0
5 44.096649206349205 39.0
5 44.33993809523808 38.0
5 45.15558571428571 38.0
5 45.07408571428571 37.0
5 43.812330952380954 35.0
5 46.009838888888886 37.0
5 45.48675714285713 36.0
5 43.8517119047619 34.0
6 43.08220634920635 36.0
6 43.49759761904762 41.0
6 43.77695238095238 38.0
6 44.096649206349205 39.0
6 44.30363888888889 38.0
6 44.734027777777776 38.0
6 45.07408571428571 37.0
6 43.812330952380954 35.0
6 46.009838888888886 37.0
6 45.35068412698413 36.0
6 43.8517119047619 34.0
7 42.55044603174604 34.0
7 42.80764682539683 36.0
7 43.08220634920635 36.0
7 43.77695238095238 38.0
7 43.84051428571428 37.0
7 44.67837619047619 38.0
7 44.66240238095237 37.0
7 44.405098412698415 36.0
7 43.812330952380954 35.0
7 43.8517119047619 34.0
8 42.55044603174604 34.0
8 43.09197460317459 40.0
8 42.80764682539683 36.0
8 43.08220634920635 36.0
8 43.29559126984126 36.0
8 43.84051428571428 37.0
8 44.67837619047619 38.0
8 43.33724047619048 35.0
8 44.405098412698415 36.0
8 43.812330952380954 35.0
8 43.8517119047619 34.0
9 42.40991269841269 37.0
9 42.60448968253968 36.0
9 42.94253174603173 37.0
9 42.80764682539683 36.0
9 43.08220634920635 36.0
9 42.83654365079366 35.0
9 44.67837619047619 38.0
9 44.959547619047605 37.0
9 43.33724047619048 35.0
9 43.812330952380954 35.0
9 42.55044603174604 34.0
10 42.40991269841269 37.0
10 42.60448968253968 36.0
10 42.94253174603173 37.0
10 42.80764682539683 36.0
10 43.08220634920635 36.0
10 42.83654365079366 35.0
10 43.77043253968255 36.0
10 44.56957857142857 37.0
10 43.33724047619048 35.0
10 43.812330952380954 35.0
10 44.26147857142857 35.0
10 42.55044603174604 34.0
11 42.21586111111112 37.0
11 42.40991269841269 37.0
11 42.80194603174604 39.0
11 42.60448968253968 36.0
11 42.94253174603173 37.0
11 42.80764682539683 36.0
11 43.08220634920635 36.0
11 42.83654365079366 35.0
11 43.025439682539684 35.0
11 43.33724047619048 35.0
11 43.76846349206349 35.0
11 44.26147857142857 35.0
11 42.55044603174604 34.0
12 42.21586111111112 37.0
12 42.40991269841269 37.0
12 42.80194603174604 39.0
12 42.60448968253968 36.0
12 42.91642857142857 37.0
12 42.80764682539683 36.0
12 43.08220634920635 36.0
12 42.83654365079366 35.0
12 43.025439682539684 35.0
12 43.300684920634914 35.0
12 43.76846349206349 35.0
12 44.26147857142857 35.0
12 42.55044603174604 34.0
13 42.21586111111112 37.0
13 42.40991269841269 37.0
13 42.80194603174604 39.0
13 42.60448968253968 36.0
13 42.91642857142857 37.0
13 42.80764682539683 36.0
13 43.08220634920635 36.0
13 42.83654365079366 35.0
13 43.025439682539684 35.0
13 43.300684920634914 35.0
13 43.76846349206349 35.0
13 44.26147857142857 35.0
13 42.4883873015873 34.0
14 41.53049285714285 38.0
14 42.21586111111112 37.0
14 42.40991269841269 37.0
14 42.48015873015873 36.0
14 42.80764682539683 36.0
14 43.049481746031745 36.0
14 42.83654365079366 35.0
14 42.4883873015873 34.0
14 43.76846349206349 35.0
14 43.242979365079364 33.0
15 41.53049285714285 38.0
15 42.21586111111112 37.0
15 42.40991269841269 37.0
15 42.48015873015873 36.0
15 42.428624603174605 35.0
15 43.049481746031745 36.0
15 42.83654365079366 35.0
15 42.4883873015873 34.0
15 43.76846349206349 35.0
15 43.7200515873016 34.0
15 43.242979365079364 33.0
16 41.53049285714285 38.0
16 42.04935158730159 37.0
16 42.21586111111112 37.0
16 42.40991269841269 37.0
16 42.48015873015873 36.0
16 42.428624603174605 35.0
16 43.049481746031745 36.0
16 42.83654365079366 35.0
16 42.4883873015873 34.0
16 43.76846349206349 35.0
16 43.01214206349206 34.0
16 43.7200515873016 34.0
16 43.242979365079364 33.0
17 41.53049285714285 38.0
17 42.04935158730159 37.0
17 42.21586111111112 37.0
17 42.40991269841269 37.0
17 42.48015873015873 36.0
17 42.428624603174605 35.0
17 43.049481746031745 36.0
17 42.83654365079366 35.0
17 42.4883873015873 34.0
17 43.76846349206349 35.0
17 43.01214206349206 34.0
17 43.7200515873016 34.0
17 43.242979365079364 33.0
18 41.53049285714285 38.0
18 42.04935158730159 37.0
18 42.21586111111112 37.0
18 42.40991269841269 37.0
18 42.48015873015873 36.0
18 42.38710952380953 35.0
18 43.049481746031745 36.0
18 42.22294603174604 34.0
18 42.4883873015873 34.0
18 43.70973492063492 35.0
18 43.01214206349206 34.0
18 43.7200515873016 34.0
18 42.900069841269854 33.0
19 41.53049285714285 38.0
19 42.04935158730159 37.0
19 42.21586111111112 37.0
19 42.40991269841269 37.0
19 42.48015873015873 36.0
19 42.38710952380953 35.0
19 43.049481746031745 36.0
19 42.22294603174604 34.0
19 42.4883873015873 34.0
19 43.70973492063492 35.0
19 43.01214206349206 34.0
19 43.447683333333345 34.0
19 42.900069841269854 33.0
20 41.53049285714285 38.0
20 42.04935158730159 37.0
20 42.40991269841269 37.0
20 42.20066666666666 35.0
20 42.22294603174604 34.0
20 42.4883873015873 34.0
20 43.2777619047619 35.0
20 43.01214206349206 34.0
20 43.447683333333345 34.0
20 42.900069841269854 33.0
20 43.86235476190476 32.0
21 41.53049285714285 38.0
21 41.89335 40.0
21 42.04935158730159 37.0
21 42.108365079365086 36.0
21 42.40991269841269 37.0
21 42.20066666666666 35.0
21 43.15345714285715 37.0
21 42.22294603174604 34.0
21 42.4883873015873 34.0
21 43.01214206349206 34.0
21 43.447683333333345 34.0
21 42.900069841269854 33.0
21 43.47822857142857 32.0
22 41.53049285714285 38.0
22 41.89335 40.0
22 42.04935158730159 37.0
22 42.108365079365086 36.0
22 42.40991269841269 37.0
22 42.20066666666666 35.0
22 42.86091428571429 36.0
22 42.22294603174604 34.0
22 42.4883873015873 34.0
22 43.01214206349206 34.0
22 43.447683333333345 34.0
22 42.900069841269854 33.0
22 43.47822857142857 32.0
23 41.53049285714285 38.0
23 41.88473095238095 37.0
23 41.8079 35.0
23 42.108365079365086 36.0
23 42.40991269841269 37.0
23 42.20066666666666 35.0
23 42.86091428571429 36.0
23 42.22294603174604 34.0
23 42.4883873015873 34.0
23 43.01214206349206 34.0
23 43.110034920634924 34.0
23 42.900069841269854 33.0
23 43.47822857142857 32.0
24 41.53049285714285 38.0
24 41.88473095238095 37.0
24 41.8079 35.0
24 42.108365079365086 36.0
24 42.40991269841269 37.0
24 42.20066666666666 35.0
24 42.86091428571429 36.0
24 42.22294603174604 34.0
24 42.4883873015873 34.0
24 43.01214206349206 34.0
24 43.052097619047615 34.0
24 42.900069841269854 33.0
24 43.55288492063492 33.0
24 43.47822857142857 32.0
25 41.53049285714285 38.0
25 41.88473095238095 37.0
25 41.8079 35.0
25 42.108365079365086 36.0
25 42.40991269841269 37.0
25 42.20066666666666 35.0
25 42.86091428571429 36.0
25 42.22294603174604 34.0
25 42.4883873015873 34.0
25 43.01214206349206 34.0
25 43.052097619047615 34.0
25 42.900069841269854 33.0
25 43.55288492063492 33.0
25 42.60018650793651 32.0
26 41.53049285714285 38.0
26 41.88473095238095 37.0
26 41.8079 35.0
26 42.108365079365086 36.0
26 42.40991269841269 37.0
26 42.20066666666666 35.0
26 42.86091428571429 36.0
26 41.90337936507936 33.0
26 42.4883873015873 34.0
26 43.01214206349206 34.0
26 43.050193650793645 34.0
26 42.900069841269854 33.0
26 43.55288492063492 33.0
26 42.47054285714287 32.0
27 41.53049285714285 38.0
27 41.88473095238095 37.0
27 41.8079 35.0
27 42.108365079365086 36.0
27 42.40991269841269 37.0
27 42.20066666666666 35.0
27 42.86091428571429 36.0
27 41.90337936507936 33.0
27 42.4883873015873 34.0
27 42.697285714285705 34.0
27 43.050193650793645 34.0
27 42.900069841269854 33.0
27 43.55288492063492 33.0
27 42.47054285714287 32.0
28 41.53049285714285 38.0
28 41.88473095238095 37.0
28 41.8079 35.0
28 42.108365079365086 36.0
28 42.40991269841269 37.0
28 42.20066666666666 35.0
28 42.86091428571429 36.0
28 41.90337936507936 33.0
28 42.4883873015873 34.0
28 42.697285714285705 34.0
28 43.050193650793645 34.0
28 42.900069841269854 33.0
28 43.55288492063492 33.0
28 42.47054285714287 32.0
29 41.53049285714285 38.0
29 41.88473095238095 37.0
29 41.8079 35.0
29 42.108365079365086 36.0
29 42.40991269841269 37.0
29 42.20066666666666 35.0
29 42.86091428571429 36.0
29 41.90337936507936 33.0
29 42.4883873015873 34.0
29 42.697285714285705 34.0
29 43.050193650793645 34.0
29 42.57624206349205 33.0
29 43.10622301587301 33.0
29 42.47054285714287 32.0
30 41.53049285714285 38.0
30 41.8079 35.0
30 42.108365079365086 36.0
30 41.90337936507936 33.0
30 42.70633492063491 36.0
30 42.4883873015873 34.0
30 42.697285714285705 34.0
30 42.57624206349205 33.0
30 45.04825793650792 36.0
30 42.47054285714287 32.0
30 42.88990873015872 31.0
31 40.877250793650795 34.0
31 41.53049285714285 38.0
31 41.57530634920635 37.0
31 41.719227777777775 36.0
31 41.8079 35.0
31 43.13945238095239 38.0
31 42.502803968253964 35.0
31 41.90337936507936 33.0
31 42.697285714285705 34.0
31 42.57624206349205 33.0
31 42.47054285714287 32.0
31 42.88990873015872 31.0
32 40.877250793650795 34.0
32 41.53049285714285 38.0
32 41.57530634920635 37.0
32 41.719227777777775 36.0
32 41.8079 35.0
32 42.45134761904762 36.0
32 42.09807698412698 34.0
32 41.90337936507936 33.0
32 42.697285714285705 34.0
32 42.57624206349205 33.0
32 42.47054285714287 32.0
32 42.88990873015872 31.0
33 40.877250793650795 34.0
33 41.53049285714285 38.0
33 41.57530634920635 37.0
33 41.719227777777775 36.0
33 41.8079 35.0
33 42.45134761904762 36.0
33 42.09807698412698 34.0
33 41.90337936507936 33.0
33 42.697285714285705 34.0
33 42.57624206349205 33.0
33 42.47054285714287 32.0
33 42.88990873015872 31.0
34 40.877250793650795 34.0
34 41.53049285714285 38.0
34 41.53435634920635 36.0
34 41.719227777777775 36.0
34 41.8079 35.0
34 42.45134761904762 36.0
34 42.09807698412698 34.0
34 41.90337936507936 33.0
34 42.697285714285705 34.0
34 42.57624206349205 33.0
34 42.47054285714287 32.0
34 42.88990873015872 31.0
35 40.877250793650795 34.0
35 41.53049285714285 38.0
35 41.53435634920635 36.0
35 41.719227777777775 36.0
35 41.8079 35.0
35 42.45134761904762 36.0
35 42.038203174603176 34.0
35 41.90337936507936 33.0
35 42.697285714285705 34.0
35 42.57624206349205 33.0
35 42.47054285714287 32.0
35 42.88990873015872 31.0
36 40.877250793650795 34.0
36 41.53049285714285 38.0
36 41.53435634920635 36.0
36 41.719227777777775 36.0
36 41.8079 35.0
36 42.45134761904762 36.0
36 42.038203174603176 34.0
36 41.90337936507936 33.0
36 42.697285714285705 34.0
36 42.57624206349205 33.0
36 42.47054285714287 32.0
36 42.88990873015872 31.0
37 40.877250793650795 34.0
37 41.53049285714285 38.0
37 41.53435634920635 36.0
37 41.719227777777775 36.0
37 41.8079 35.0
37 41.82169523809524 34.0
37 42.038203174603176 34.0
37 41.90337936507936 33.0
37 42.697285714285705 34.0
37 42.57624206349205 33.0
37 44.248216666666664 34.0
37 42.47054285714287 32.0
37 42.88990873015872 31.0
38 40.877250793650795 34.0
38 41.53049285714285 38.0
38 41.53435634920635 36.0
38 41.8079 35.0
38 41.82169523809524 34.0
38 41.90337936507936 33.0
38 43.40878571428571 36.0
38 42.57624206349205 33.0
38 42.843762698412704 33.0
38 42.47054285714287 32.0
38 42.88990873015872 31.0
38 41.89749761904762 30.0
39 40.877250793650795 34.0
39 41.53049285714285 38.0
39 41.53435634920635 36.0
39 41.8079 35.0
39 41.774426984126976 34.0
39 41.90337936507936 33.0
39 43.40878571428571 36.0
39 42.57624206349205 33.0
39 42.843762698412704 33.0
39 42.47054285714287 32.0
39 42.88990873015872 31.0
39 41.89749761904762 30.0
40 40.877250793650795 34.0
40 41.42976349206349 37.0
40 41.53435634920635 36.0
40 41.8079 35.0
40 41.774426984126976 34.0
40 41.90337936507936 33.0
40 42.855380158730156 35.0
40 42.57624206349205 33.0
40 42.843762698412704 33.0
40 42.549659523809524 32.0
40 42.88990873015872 31.0
40 41.89749761904762 30.0
41 40.877250793650795 34.0
41 41.42976349206349 37.0
41 41.53435634920635 36.0
41 41.79833571428571 38.0
41 41.8079 35.0
41 41.774426984126976 34.0
41 42.53383968253967 36.0
41 41.90337936507936 33.0
41 44.660155555555555 37.0
41 42.843762698412704 33.0
41 42.549659523809524 32.0
41 42.88990873015872 31.0
41 41.89749761904762 30.0
42 40.877250793650795 34.0
42 41.42976349206349 37.0
42 41.53435634920635 36.0
42 41.79833571428571 38.0
42 41.8079 35.0
42 41.774426984126976 34.0
42 42.53383968253967 36.0
42 41.90337936507936 33.0
42 42.98774603174603 34.0
42 42.843762698412704 33.0
42 42.549659523809524 32.0
42 42.88990873015872 31.0
42 41.89749761904762 30.0
43 40.877250793650795 34.0
43 41.42976349206349 37.0
43 41.53435634920635 36.0
43 41.79833571428571 38.0
43 41.8079 35.0
43 41.774426984126976 34.0
43 42.53383968253967 36.0
43 41.90337936507936 33.0
43 42.98774603174603 34.0
43 42.843762698412704 33.0
43 42.549659523809524 32.0
43 42.88990873015872 31.0
43 41.89749761904762 30.0
44 40.877250793650795 34.0
44 41.42976349206349 37.0
44 41.387386507936505 35.0
44 41.79833571428571 38.0
44 41.8079 35.0
44 41.774426984126976 34.0
44 42.53383968253967 36.0
44 41.90337936507936 33.0
44 42.98774603174603 34.0
44 42.843762698412704 33.0
44 42.549659523809524 32.0
44 44.380760317460314 33.0
44 42.88990873015872 31.0
44 41.89749761904762 30.0
45 40.877250793650795 34.0
45 41.42976349206349 37.0
45 41.387386507936505 35.0
45 41.79833571428571 38.0
45 41.8079 35.0
45 41.774426984126976 34.0
45 42.53383968253967 36.0
45 41.90337936507936 33.0
45 42.91707301587301 34.0
45 42.843762698412704 33.0
45 42.549659523809524 32.0
45 44.380760317460314 33.0
45 42.88990873015872 31.0
45 41.89749761904762 30.0
46 40.877250793650795 34.0
46 41.42976349206349 37.0
46 41.387386507936505 35.0
46 41.79833571428571 38.0
46 41.8079 35.0
46 41.774426984126976 34.0
46 42.53383968253967 36.0
46 41.90337936507936 33.0
46 42.91707301587301 34.0
46 42.843762698412704 33.0
46 42.549659523809524 32.0
46 44.380760317460314 33.0
46 42.88990873015872 31.0
46 41.89749761904762 30.0
47 40.877250793650795 34.0
47 41.42976349206349 37.0
47 41.387386507936505 35.0
47 41.90141825396826 37.0
47 41.8079 35.0
47 41.774426984126976 34.0
47 42.53383968253967 36.0
47 41.90337936507936 33.0
47 42.91707301587301 34.0
47 42.843762698412704 33.0
47 42.549659523809524 32.0
47 44.380760317460314 33.0
47 42.88990873015872 31.0
47 44.05520158730159 31.0
47 41.89749761904762 30.0
48 40.877250793650795 34.0
48 41.42976349206349 37.0
48 41.387386507936505 35.0
48 41.90141825396826 37.0
48 41.8079 35.0
48 41.774426984126976 34.0
48 42.53383968253967 36.0
48 41.90337936507936 33.0
48 42.91707301587301 34.0
48 42.843762698412704 33.0
48 42.549659523809524 32.0
48 44.380760317460314 33.0
48 42.88990873015872 31.0
48 44.05520158730159 31.0
48 41.89749761904762 30.0
49 40.877250793650795 34.0
49 41.42976349206349 37.0
49 41.387386507936505 35.0
49 41.90141825396826 37.0
49 41.7588880952381 35.0
49 41.774426984126976 34.0
49 42.53383968253967 36.0
49 41.90337936507936 33.0
49 42.91707301587301 34.0
49 42.843762698412704 33.0
49 42.549659523809524 32.0
49 44.380760317460314 33.0
49 42.88990873015872 31.0
49 44.05520158730159 31.0
49 41.89749761904762 30.0
50 40.877250793650795 34.0
50 41.42976349206349 37.0
50 41.387386507936505 35.0
50 41.90141825396826 37.0
50 41.7588880952381 35.0
50 41.774426984126976 34.0
50 42.57968015873016 36.0
50 41.90337936507936 33.0
50 42.91707301587301 34.0
50 42.843762698412704 33.0
50 42.549659523809524 32.0
50 44.380760317460314 33.0
50 42.88990873015872 31.0
50 44.05520158730159 31.0
50 41.89749761904762 30.0
51 40.877250793650795 34.0
51 41.42976349206349 37.0
51 41.387386507936505 35.0
51 41.7588880952381 35.0
51 41.774426984126976 34.0
51 41.90337936507936 33.0
51 42.65484285714286 35.0
51 42.871530952380944 34.0
51 42.843762698412704 33.0
51 42.549659523809524 32.0
51 44.380760317460314 33.0
51 42.88990873015872 31.0
51 44.05520158730159 31.0
51 41.89749761904762 30.0
52 40.877250793650795 34.0
52 41.42976349206349 37.0
52 41.387386507936505 35.0
52 41.7588880952381 35.0
52 41.774426984126976 34.0
52 41.90337936507936 33.0
52 42.65484285714286 35.0
52 42.871530952380944 34.0
52 42.843762698412704 33.0
52 42.549659523809524 32.0
52 44.380760317460314 33.0
52 42.88990873015872 31.0
52 44.05520158730159 31.0
52 41.89749761904762 30.0
53 40.877250793650795 34.0
53 41.42976349206349 37.0
53 41.387386507936505 35.0
53 41.7588880952381 35.0
53 41.774426984126976 34.0
53 41.90337936507936 33.0
53 42.65484285714286 35.0
53 42.871530952380944 34.0
53 42.843762698412704 33.0
53 42.549659523809524 32.0
53 44.380760317460314 33.0
53 42.88990873015872 31.0
53 44.05520158730159 31.0
53 41.89749761904762 30.0
54 40.877250793650795 34.0
54 41.42976349206349 37.0
54 41.387386507936505 35.0
54 41.7588880952381 35.0
54 41.774426984126976 34.0
54 41.90337936507936 33.0
54 42.65484285714286 35.0
54 42.871530952380944 34.0
54 42.843762698412704 33.0
54 42.549659523809524 32.0
54 44.380760317460314 33.0
54 42.88990873015872 31.0
54 44.05520158730159 31.0
54 41.89749761904762 30.0
55 40.877250793650795 34.0
55 41.42976349206349 37.0
55 41.387386507936505 35.0
55 41.7588880952381 35.0
55 41.774426984126976 34.0
55 41.90337936507936 33.0
55 42.95484761904761 35.0
55 42.871530952380944 34.0
55 42.25769206349206 32.0
55 42.549659523809524 32.0
55 44.380760317460314 33.0
55 42.88990873015872 31.0
55 44.05520158730159 31.0
55 41.89749761904762 30.0
56 40.877250793650795 34.0
56 41.42976349206349 37.0
56 41.387386507936505 35.0
56 41.7588880952381 35.0
56 41.774426984126976 34.0
56 41.90337936507936 33.0
56 42.95484761904761 35.0
56 42.871530952380944 34.0
56 42.25769206349206 32.0
56 42.549659523809524 32.0
56 44.380760317460314 33.0
56 42.88990873015872 31.0
56 44.05520158730159 31.0
56 41.89749761904762 30.0
57 40.877250793650795 34.0
57 41.42976349206349 37.0
57 41.387386507936505 35.0
57 41.7588880952381 35.0
57 41.774426984126976 34.0
57 41.90337936507936 33.0
57 42.95484761904761 35.0
57 42.871530952380944 34.0
57 42.25769206349206 32.0
57 42.549659523809524 32.0
57 44.380760317460314 33.0
57 42.88990873015872 31.0
57 44.05520158730159 31.0
57 41.89749761904762 30.0
58 40.877250793650795 34.0
58 41.42976349206349 37.0
58 41.387386507936505 35.0
58 41.7588880952381 35.0
58 41.774426984126976 34.0
58 41.90337936507936 33.0
58 42.95484761904761 35.0
58 42.871530952380944 34.0
58 42.25769206349206 32.0
58 42.549659523809524 32.0
58 44.380760317460314 33.0
58 42.88990873015872 31.0
58 44.05520158730159 31.0
58 41.89749761904762 30.0
59 40.877250793650795 34.0
59 41.42976349206349 37.0
59 41.387386507936505 35.0
59 41.7588880952381 35.0
59 41.774426984126976 34.0
59 41.90337936507936 33.0
59 42.95484761904761 35.0
59 42.871530952380944 34.0
59 42.25769206349206 32.0
59 42.549659523809524 32.0
59 44.380760317460314 33.0
59 42.88990873015872 31.0
59 44.05520158730159 31.0
59 41.89749761904762 30.0
60 40.877250793650795 34.0
60 41.42976349206349 37.0
60 41.387386507936505 35.0
60 41.7588880952381 35.0
60 41.774426984126976 34.0
60 41.90337936507936 33.0
60 42.95484761904761 35.0
60 42.871530952380944 34.0
60 42.25769206349206 32.0
60 42.549659523809524 32.0
60 44.380760317460314 33.0
60 42.88990873015872 31.0
60 44.05520158730159 31.0
60 41.89749761904762 30.0
61 40.877250793650795 34.0
61 41.42976349206349 37.0
61 41.387386507936505 35.0
61 41.7588880952381 35.0
61 41.774426984126976 34.0
61 41.90337936507936 33.0
61 42.95484761904761 35.0
61 42.871530952380944 34.0
61 42.25769206349206 32.0
61 42.549659523809524 32.0
61 44.380760317460314 33.0
61 42.88990873015872 31.0
61 44.05520158730159 31.0
61 41.89749761904762 30.0
62 40.877250793650795 34.0
62 41.42976349206349 37.0
62 41.387386507936505 35.0
62 41.7588880952381 35.0
62 41.774426984126976 34.0
62 41.90337936507936 33.0
62 42.95484761904761 35.0
62 42.871530952380944 34.0
62 42.25769206349206 32.0
62 42.549659523809524 32.0
62 44.380760317460314 33.0
62 42.88990873015872 31.0
62 44.05520158730159 31.0
62 41.89749761904762 30.0
63 40.877250793650795 34.0
63 41.42976349206349 37.0
63 41.387386507936505 35.0
63 41.7588880952381 35.0
63 41.774426984126976 34.0
63 41.90337936507936 33.0
63 42.95484761904761 35.0
63 42.871530952380944 34.0
63 42.25769206349206 32.0
63 42.549659523809524 32.0
63 44.380760317460314 33.0
63 42.88990873015872 31.0
63 44.05520158730159 31.0
63 41.89749761904762 30.0
64 40.877250793650795 34.0
64 41.42976349206349 37.0
64 41.387386507936505 35.0
64 41.7588880952381 35.0
64 41.774426984126976 34.0
64 41.90337936507936 33.0
64 42.95484761904761 35.0
64 42.871530952380944 34.0
64 42.25769206349206 32.0
64 42.549659523809524 32.0
64 44.380760317460314 33.0
64 42.88990873015872 31.0
64 44.05520158730159 31.0
64 41.89749761904762 30.0
65 40.877250793650795 34.0
65 41.42976349206349 37.0
65 41.387386507936505 35.0
65 41.7588880952381 35.0
65 41.774426984126976 34.0
65 41.90337936507936 33.0
65 42.95484761904761 35.0
65 42.871530952380944 34.0
65 42.25769206349206 32.0
65 42.549659523809524 32.0
65 44.380760317460314 33.0
65 42.88990873015872 31.0
65 44.05520158730159 31.0
65 41.89749761904762 30.0
66 40.877250793650795 34.0
66 41.42976349206349 37.0
66 41.387386507936505 35.0
66 41.7588880952381 35.0
66 41.774426984126976 34.0
66 41.90337936507936 33.0
66 42.95484761904761 35.0
66 42.871530952380944 34.0
66 42.25769206349206 32.0
66 42.549659523809524 32.0
66 44.380760317460314 33.0
66 42.88990873015872 31.0
66 44.05520158730159 31.0
66 41.89749761904762 30.0
67 40.877250793650795 34.0
67 41.42976349206349 37.0
67 41.387386507936505 35.0
67 41.7588880952381 35.0
67 41.774426984126976 34.0
67 41.90337936507936 33.0
67 42.627199999999995 34.0
67 42.871530952380944 34.0
67 42.25769206349206 32.0
67 42.549659523809524 32.0
67 44.380760317460314 33.0
67 42.88990873015872 31.0
67 44.05520158730159 31.0
67 41.89749761904762 30.0
68 40.877250793650795 34.0
68 41.42976349206349 37.0
68 41.387386507936505 35.0
68 41.7588880952381 35.0
68 41.774426984126976 34.0
68 41.90337936507936 33.0
68 42.627199999999995 34.0
68 42.871530952380944 34.0
68 42.25769206349206 32.0
68 42.549659523809524 32.0
68 42.989064285714285 32.0
68 42.88990873015872 31.0
68 44.05520158730159 31.0
68 41.89749761904762 30.0
69 40.877250793650795 34.0
69 41.42976349206349 37.0
69 41.387386507936505 35.0
69 41.7588880952381 35.0
69 41.774426984126976 34.0
69 41.90337936507936 33.0
69 42.627199999999995 34.0
69 42.871530952380944 34.0
69 42.25769206349206 32.0
69 42.549659523809524 32.0
69 42.989064285714285 32.0
69 42.88990873015872 31.0
69 44.05520158730159 31.0
69 41.89749761904762 30.0
70 40.877250793650795 34.0
70 41.42976349206349 37.0
70 41.387386507936505 35.0
70 41.7588880952381 35.0
70 41.774426984126976 34.0
70 41.90337936507936 33.0
70 42.627199999999995 34.0
70 42.871530952380944 34.0
70 42.25769206349206 32.0
70 42.549659523809524 32.0
70 42.989064285714285 32.0
70 42.88990873015872 31.0
70 44.05520158730159 31.0
70 41.89749761904762 30.0
71 40.877250793650795 34.0
71 41.42976349206349 37.0
71 41.387386507936505 35.0
71 41.75774047619048 36.0
71 41.774426984126976 34.0
71 43.32322301587302 39.0
71 41.90337936507936 33.0
71 42.627199999999995 34.0
71 42.25769206349206 32.0
71 42.989064285714285 32.0
71 43.468798412698405 32.0
71 42.88990873015872 31.0
71 44.05520158730159 31.0
71 41.89749761904762 30.0
72 40.877250793650795 34.0
72 41.42976349206349 37.0
72 41.387386507936505 35.0
72 41.75774047619048 36.0
72 41.774426984126976 34.0
72 42.85903571428571 37.0
72 41.90337936507936 33.0
72 42.627199999999995 34.0
72 43.780637301587305 35.0
72 42.25769206349206 32.0
72 42.989064285714285 32.0
72 43.468798412698405 32.0
72 42.88990873015872 31.0
72 44.05520158730159 31.0
72 41.89749761904762 30.0
73 40.877250793650795 34.0
73 41.42976349206349 37.0
73 41.387386507936505 35.0
73 41.75774047619048 36.0
73 41.774426984126976 34.0
73 42.85903571428571 37.0
73 41.90337936507936 33.0
73 42.627199999999995 34.0
73 43.780637301587305 35.0
73 42.25769206349206 32.0
73 42.989064285714285 32.0
73 43.468798412698405 32.0
73 42.88990873015872 31.0
73 44.05520158730159 31.0
73 41.89749761904762 30.0
74 40.877250793650795 34.0
74 41.42976349206349 37.0
74 41.387386507936505 35.0
74 41.75774047619048 36.0
74 41.774426984126976 34.0
74 42.85903571428571 37.0
74 41.90337936507936 33.0
74 42.627199999999995 34.0
74 42.87283333333334 33.0
74 42.25769206349206 32.0
74 42.989064285714285 32.0
74 43.468798412698405 32.0
74 42.88990873015872 31.0
74 44.05520158730159 31.0
74 41.89749761904762 30.0
75 40.877250793650795 34.0
75 41.42976349206349 37.0
75 41.387386507936505 35.0
75 41.75774047619048 36.0
75 41.774426984126976 34.0
75 42.75338412698413 37.0
75 41.90337936507936 33.0
75 42.627199999999995 34.0
75 42.87283333333334 33.0
75 42.25769206349206 32.0
75 42.989064285714285 32.0
75 43.468798412698405 32.0
75 42.88990873015872 31.0
75 44.05520158730159 31.0
75 41.89749761904762 30.0
76 40.877250793650795 34.0
76 41.42976349206349 37.0
76 41.387386507936505 35.0
76 41.75774047619048 36.0
76 41.774426984126976 34.0
76 42.75338412698413 37.0
76 41.90337936507936 33.0
76 42.627199999999995 34.0
76 42.87283333333334 33.0
76 42.25769206349206 32.0
76 42.989064285714285 32.0
76 43.468798412698405 32.0
76 42.88990873015872 31.0
76 44.05520158730159 31.0
76 41.89749761904762 30.0
77 40.877250793650795 34.0
77 41.42976349206349 37.0
77 41.387386507936505 35.0
77 41.75774047619048 36.0
77 41.774426984126976 34.0
77 42.3471373015873 35.0
77 41.90337936507936 33.0
77 42.627199999999995 34.0
77 42.87283333333334 33.0
77 42.25769206349206 32.0
77 42.989064285714285 32.0
77 43.468798412698405 32.0
77 42.88990873015872 31.0
77 44.05520158730159 31.0
77 41.89749761904762 30.0
78 40.877250793650795 34.0
78 41.42976349206349 37.0
78 41.387386507936505 35.0
78 41.75774047619048 36.0
78 41.774426984126976 34.0
78 42.3471373015873 35.0
78 41.90337936507936 33.0
78 42.627199999999995 34.0
78 42.87283333333334 33.0
78 42.25769206349206 32.0
78 42.989064285714285 32.0
78 43.468798412698405 32.0
78 42.88990873015872 31.0
78 44.05520158730159 31.0
78 41.89749761904762 30.0
79 40.877250793650795 34.0
79 41.42976349206349 37.0
79 41.387386507936505 35.0
79 41.75774047619048 36.0
79 41.774426984126976 34.0
79 42.3471373015873 35.0
79 41.90337936507936 33.0
79 42.627199999999995 34.0
79 42.87283333333334 33.0
79 42.25769206349206 32.0
79 42.989064285714285 32.0
79 43.468798412698405 32.0
79 42.88990873015872 31.0
79 44.05520158730159 31.0
79 41.89749761904762 30.0
80 40.877250793650795 34.0
80 41.42976349206349 37.0
80 41.387386507936505 35.0
80 41.75774047619048 36.0
80 41.774426984126976 34.0
80 42.3471373015873 35.0
80 41.90337936507936 33.0
80 42.627199999999995 34.0
80 42.87283333333334 33.0
80 42.25769206349206 32.0
80 42.989064285714285 32.0
80 43.468798412698405 32.0
80 42.88990873015872 31.0
80 44.05520158730159 31.0
80 41.89749761904762 30.0
81 40.877250793650795 34.0
81 41.42976349206349 37.0
81 41.387386507936505 35.0
81 41.75774047619048 36.0
81 41.774426984126976 34.0
81 42.3471373015873 35.0
81 41.90337936507936 33.0
81 42.627199999999995 34.0
81 42.87283333333334 33.0
81 42.25769206349206 32.0
81 42.989064285714285 32.0
81 43.468798412698405 32.0
81 42.88990873015872 31.0
81 44.05520158730159 31.0
81 41.89749761904762 30.0
82 40.877250793650795 34.0
82 41.42976349206349 37.0
82 41.387386507936505 35.0
82 41.75774047619048 36.0
82 41.774426984126976 34.0
82 42.3471373015873 35.0
82 41.90337936507936 33.0
82 42.627199999999995 34.0
82 42.87283333333334 33.0
82 42.25769206349206 32.0
82 42.989064285714285 32.0
82 43.468798412698405 32.0
82 42.88990873015872 31.0
82 44.05520158730159 31.0
82 41.89749761904762 30.0
83 40.877250793650795 34.0
83 41.42976349206349 37.0
83 41.387386507936505 35.0
83 41.75774047619048 36.0
83 41.774426984126976 34.0
83 42.3471373015873 35.0
83 41.90337936507936 33.0
83 42.627199999999995 34.0
83 42.87283333333334 33.0
83 42.25769206349206 32.0
83 42.989064285714285 32.0
83 43.468798412698405 32.0
83 42.88990873015872 31.0
83 44.05520158730159 31.0
83 41.89749761904762 30.0
84 40.877250793650795 34.0
84 41.42976349206349 37.0
84 41.387386507936505 35.0
84 41.75774047619048 36.0
84 41.774426984126976 34.0
84 42.3471373015873 35.0
84 41.90337936507936 33.0
84 42.627199999999995 34.0
84 42.87283333333334 33.0
84 42.25769206349206 32.0
84 42.989064285714285 32.0
84 43.468798412698405 32.0
84 42.88990873015872 31.0
84 44.05520158730159 31.0
84 41.89749761904762 30.0
85 40.877250793650795 34.0
85 41.42976349206349 37.0
85 41.387386507936505 35.0
85 41.75774047619048 36.0
85 41.774426984126976 34.0
85 42.3471373015873 35.0
85 41.90337936507936 33.0
85 42.627199999999995 34.0
85 42.87283333333334 33.0
85 42.25769206349206 32.0
85 42.989064285714285 32.0
85 43.468798412698405 32.0
85 42.88990873015872 31.0
85 44.05520158730159 31.0
85 41.89749761904762 30.0
86 40.877250793650795 34.0
86 41.42976349206349 37.0
86 41.387386507936505 35.0
86 41.75774047619048 36.0
86 41.774426984126976 34.0
86 42.3471373015873 35.0
86 41.90337936507936 33.0
86 42.627199999999995 34.0
86 42.87283333333334 33.0
86 42.25769206349206 32.0
86 42.989064285714285 32.0
86 43.468798412698405 32.0
86 42.88990873015872 31.0
86 44.05520158730159 31.0
86 41.89749761904762 30.0
87 40.877250793650795 34.0
87 41.42976349206349 37.0
87 41.387386507936505 35.0
87 41.75774047619048 36.0
87 41.774426984126976 34.0
87 42.3471373015873 35.0
87 41.90337936507936 33.0
87 42.627199999999995 34.0
87 42.87283333333334 33.0
87 42.25769206349206 32.0
87 42.989064285714285 32.0
87 43.468798412698405 32.0
87 42.88990873015872 31.0
87 44.05520158730159 31.0
87 41.89749761904762 30.0
88 40.877250793650795 34.0
88 41.42976349206349 37.0
88 41.387386507936505 35.0
88 41.75774047619048 36.0
88 41.774426984126976 34.0
88 42.3471373015873 35.0
88 41.90337936507936 33.0
88 42.627199999999995 34.0
88 42.87283333333334 33.0
88 42.25769206349206 32.0
88 42.989064285714285 32.0
88 43.468798412698405 32.0
88 42.88990873015872 31.0
88 44.05520158730159 31.0
88 41.89749761904762 30.0
89 40.877250793650795 34.0
89 41.42976349206349 37.0
89 41.387386507936505 35.0
89 41.75774047619048 36.0
89 41.774426984126976 34.0
89 42.3471373015873 35.0
89 41.90337936507936 33.0
89 42.627199999999995 34.0
89 42.87283333333334 33.0
89 42.25769206349206 32.0
89 42.989064285714285 32.0
89 43.468798412698405 32.0
89 42.88990873015872 31.0
89 44.05520158730159 31.0
89 41.89749761904762 30.0
90 40.877250793650795 34.0
90 41.42976349206349 37.0
90 41.387386507936505 35.0
90 41.75774047619048 36.0
90 41.774426984126976 34.0
90 42.3471373015873 35.0
90 41.90337936507936 33.0
90 42.627199999999995 34.0
90 42.87283333333334 33.0
90 42.25769206349206 32.0
90 42.989064285714285 32.0
90 43.468798412698405 32.0
90 42.88990873015872 31.0
90 44.05520158730159 31.0
90 41.89749761904762 30.0
91 40.877250793650795 34.0
91 41.42976349206349 37.0
91 41.387386507936505 35.0
91 41.75774047619048 36.0
91 41.774426984126976 34.0
91 42.3471373015873 35.0
91 41.90337936507936 33.0
91 42.627199999999995 34.0
91 42.87283333333334 33.0
91 42.25769206349206 32.0
91 42.989064285714285 32.0
91 43.468798412698405 32.0
91 42.88990873015872 31.0
91 44.05520158730159 31.0
91 41.89749761904762 30.0
92 40.877250793650795 34.0
92 41.42976349206349 37.0
92 41.387386507936505 35.0
92 41.75774047619048 36.0
92 41.774426984126976 34.0
92 42.3471373015873 35.0
92 41.90337936507936 33.0
92 42.627199999999995 34.0
92 42.87283333333334 33.0
92 42.25769206349206 32.0
92 42.989064285714285 32.0
92 43.468798412698405 32.0
92 42.88990873015872 31.0
92 44.05520158730159 31.0
92 41.89749761904762 30.0
93 40.877250793650795 34.0
93 41.42976349206349 37.0
93 41.387386507936505 35.0
93 41.75774047619048 36.0
93 41.774426984126976 34.0
93 42.3471373015873 35.0
93 41.90337936507936 33.0
93 42.627199999999995 34.0
93 42.87283333333334 33.0
93 42.25769206349206 32.0
93 42.989064285714285 32.0
93 43.468798412698405 32.0
93 42.88990873015872 31.0
93 44.05520158730159 31.0
93 41.89749761904762 30.0
94 40.877250793650795 34.0
94 41.42976349206349 37.0
94 41.387386507936505 35.0
94 41.75774047619048 36.0
94 41.774426984126976 34.0
94 42.3471373015873 35.0
94 41.90337936507936 33.0
94 42.627199999999995 34.0
94 42.87283333333334 33.0
94 42.25769206349206 32.0
94 42.989064285714285 32.0
94 43.468798412698405 32.0
94 42.88990873015872 31.0
94 44.05520158730159 31.0
94 41.89749761904762 30.0
95 40.877250793650795 34.0
95 41.42976349206349 37.0
95 41.387386507936505 35.0
95 41.75774047619048 36.0
95 41.774426984126976 34.0
95 42.3471373015873 35.0
95 41.90337936507936 33.0
95 42.627199999999995 34.0
95 42.87283333333334 33.0
95 42.25769206349206 32.0
95 42.989064285714285 32.0
95 43.468798412698405 32.0
95 42.88990873015872 31.0
95 44.05520158730159 31.0
95 41.89749761904762 30.0
96 40.877250793650795 34.0
96 41.42976349206349 37.0
96 41.387386507936505 35.0
96 41.75774047619048 36.0
96 41.774426984126976 34.0
96 42.3471373015873 35.0
96 41.90337936507936 33.0
96 42.627199999999995 34.0
96 42.87283333333334 33.0
96 42.25769206349206 32.0
96 42.989064285714285 32.0
96 43.468798412698405 32.0
96 42.88990873015872 31.0
96 44.05520158730159 31.0
96 41.89749761904762 30.0
97 40.877250793650795 34.0
97 41.42976349206349 37.0
97 41.387386507936505 35.0
97 41.75774047619048 36.0
97 41.774426984126976 34.0
97 42.3471373015873 35.0
97 41.90337936507936 33.0
97 42.627199999999995 34.0
97 42.87283333333334 33.0
97 42.25769206349206 32.0
97 42.989064285714285 32.0
97 43.468798412698405 32.0
97 42.88990873015872 31.0
97 44.05520158730159 31.0
97 41.89749761904762 30.0
98 40.877250793650795 34.0
98 41.42976349206349 37.0
98 41.387386507936505 35.0
98 41.75774047619048 36.0
98 41.774426984126976 34.0
98 42.3471373015873 35.0
98 41.90337936507936 33.0
98 42.627199999999995 34.0
98 42.87283333333334 33.0
98 42.25769206349206 32.0
98 42.989064285714285 32.0
98 43.468798412698405 32.0
98 42.88990873015872 31.0
98 44.05520158730159 31.0
98 41.89749761904762 30.0
99 40.877250793650795 34.0
99 41.42976349206349 37.0
99 41.387386507936505 35.0
99 41.75774047619048 36.0
99 41.774426984126976 34.0
99 42.3471373015873 35.0
99 41.90337936507936 33.0
99 42.627199999999995 34.0
99 42.87283333333334 33.0
99 42.25769206349206 32.0
99 42.989064285714285 32.0
99 43.468798412698405 32.0
99 42.88990873015872 31.0
99 44.05520158730159 31.0
99 41.89749761904762 30.0
100 40.877250793650795 34.0
100 41.42976349206349 37.0
100 41.387386507936505 35.0
100 41.75774047619048 36.0
100 41.774426984126976 34.0
100 42.3471373015873 35.0
100 41.90337936507936 33.0
100 42.627199999999995 34.0
100 42.87283333333334 33.0
100 42.25769206349206 32.0
100 42.989064285714285 32.0
100 43.468798412698405 32.0
100 42.88990873015872 31.0
100 44.05520158730159 31.0
100 41.89749761904762 30.0
