1 46.2461253968254 39.0
1 45.104333333333344 44.0
1 45.50935952380953 38.0
1 44.61621984126984 38.0
1 45.191928571428576 36.0
1 44.51158015873015 38.0
1 43.270108730158725 40.0
1 46.38775 38.0
1 44.83618333333333 39.0
1 44.5408 38.0
1 44.65385634920634 40.0
1 44.63053174603175 40.0
1 44.50099365079365 37.0
1 46.04147142857142 37.0
1 45.03524365079365 43.0
1 47.06161111111111 38.0
1 44.232172222222225 40.0
2 42.932586507936506 41.0
2 43.270108730158725 40.0
2 43.82548333333333 42.0
2 43.5791119047619 39.0
2 44.232172222222225 40.0
2 44.63053174603175 40.0
2 44.514158730158734 39.0
2 44.51158015873015 38.0
2 44.882330158730156 38.0
2 45.50935952380953 38.0
2 44.50099365079365 37.0
2 47.06161111111111 38.0
2 46.04147142857142 37.0
2 45.191928571428576 36.0
3 42.99303095238095 39.0
3 43.270108730158725 40.0
3 43.5791119047619 39.0
3 43.86918015873016 40.0
3 44.09030634920635 39.0
3 43.777491269841256 37.0
3 44.51158015873015 38.0
3 44.50099365079365 37.0
3 46.876859523809514 38.0
3 46.04147142857142 37.0
3 45.191928571428576 36.0
3 44.36714682539683 35.0
4 42.99303095238095 39.0
4 43.270108730158725 40.0
4 43.5791119047619 39.0
4 43.96819126984126 39.0
4 44.09030634920635 39.0
4 43.777491269841256 37.0
4 44.51158015873015 38.0
4 44.50099365079365 37.0
4 46.876859523809514 38.0
4 46.04147142857142 37.0
4 45.191928571428576 36.0
4 44.36714682539683 35.0
5 42.70775634920635 37.0
5 42.99303095238095 39.0
5 43.270108730158725 40.0
5 43.09564920634921 37.0
5 43.395418253968245 37.0
5 43.896421428571436 38.0
5 43.25348253968254 36.0
5 45.78078095238096 39.0
5 44.50099365079365 37.0
5 46.876859523809514 38.0
5 44.351906349206345 36.0
5 44.6995380952381 36.0
5 44.36714682539683 35.0
6 42.70775634920635 37.0
6 42.99303095238095 39.0
6 43.41350158730158 39.0
6 43.09564920634921 37.0
6 43.395418253968245 37.0
6 43.896421428571436 38.0
6 43.25348253968254 36.0
6 43.586278571428565 36.0
6 44.50099365079365 37.0
6 46.26120634920635 38.0
6 44.351624603174606 36.0
6 44.6995380952381 36.0
6 44.36714682539683 35.0
7 42.51259841269841 37.0
7 42.70775634920635 37.0
7 42.961222222222226 37.0
7 43.25348253968254 36.0
7 43.586278571428565 36.0
7 44.50099365079365 37.0
7 44.351624603174606 36.0
7 44.6995380952381 36.0
7 44.36714682539683 35.0
7 43.24020793650794 33.0
8 42.34565158730159 36.0
8 42.51259841269841 37.0
8 42.961222222222226 37.0
8 44.08315 41.0
8 43.25348253968254 36.0
8 43.586278571428565 36.0
8 44.351624603174606 36.0
8 44.6995380952381 36.0
8 44.36714682539683 35.0
8 44.757238888888885 34.0
8 43.24020793650794 33.0
9 42.34565158730159 36.0
9 42.51259841269841 37.0
9 42.961222222222226 37.0
9 43.84587063492063 40.0
9 43.25348253968254 36.0
9 43.586278571428565 36.0
9 44.351624603174606 36.0
9 44.6995380952381 36.0
9 44.36714682539683 35.0
9 45.12133095238095 35.0
9 44.757238888888885 34.0
9 43.24020793650794 33.0
10 42.34565158730159 36.0
10 42.51259841269841 37.0
10 42.961222222222226 37.0
10 43.414946825396825 38.0
10 43.25348253968254 36.0
10 43.586278571428565 36.0
10 44.351624603174606 36.0
10 44.6995380952381 36.0
10 44.36714682539683 35.0
10 45.12133095238095 35.0
10 44.757238888888885 34.0
10 43.24020793650794 33.0
11 42.34565158730159 36.0
11 42.51259841269841 37.0
11 42.961222222222226 37.0
11 43.027773809523815 37.0
11 43.97879444444444 39.0
11 43.25348253968254 36.0
11 43.586278571428565 36.0
11 43.9303634920635 36.0
11 44.351624603174606 36.0
11 44.06536349206349 35.0
11 45.12133095238095 35.0
11 44.757238888888885 34.0
11 43.24020793650794 33.0
12 42.34565158730159 36.0
12 42.51259841269841 37.0
12 42.961222222222226 37.0
12 43.027773809523815 37.0
12 43.25087063492063 37.0
12 43.25348253968254 36.0
12 43.586278571428565 36.0
12 43.9303634920635 36.0
12 44.351624603174606 36.0
12 44.06536349206349 35.0
12 45.12133095238095 35.0
12 44.50324603174603 34.0
12 43.24020793650794 33.0
13 41.798831746031745 37.0
13 42.09287301587301 40.0
13 42.139682539682546 35.0
13 42.961222222222226 37.0
13 43.027773809523815 37.0
13 43.08671904761904 36.0
13 43.586278571428565 36.0
13 43.9303634920635 36.0
13 44.351624603174606 36.0
13 44.06536349206349 35.0
13 45.12133095238095 35.0
13 44.50324603174603 34.0
13 43.24020793650794 33.0
14 41.798831746031745 37.0
14 42.09287301587301 40.0
14 42.29265793650793 38.0
14 42.139682539682546 35.0
14 42.961222222222226 37.0
14 43.027773809523815 37.0
14 43.08671904761904 36.0
14 43.586278571428565 36.0
14 43.9303634920635 36.0
14 44.33130238095237 36.0
14 44.06536349206349 35.0
14 45.12133095238095 35.0
14 44.50324603174603 34.0
14 43.24020793650794 33.0
15 41.798831746031745 37.0
15 42.09287301587301 40.0
15 42.29265793650793 38.0
15 42.58184365079365 40.0
15 42.139682539682546 35.0
15 42.961222222222226 37.0
15 43.027773809523815 37.0
15 43.08671904761904 36.0
15 43.586278571428565 36.0
15 43.9303634920635 36.0
15 44.33130238095237 36.0
15 44.06536349206349 35.0
15 45.12133095238095 35.0
15 44.50324603174603 34.0
15 43.24020793650794 33.0
16 41.798831746031745 37.0
16 42.09287301587301 40.0
16 42.1806992063492 37.0
16 42.58184365079365 40.0
16 42.139682539682546 35.0
16 42.961222222222226 37.0
16 43.027773809523815 37.0
16 43.08671904761904 36.0
16 43.586278571428565 36.0
16 43.9303634920635 36.0
16 44.33130238095237 36.0
16 44.06536349206349 35.0
16 45.12133095238095 35.0
16 44.50324603174603 34.0
16 43.24020793650794 33.0
17 41.798831746031745 37.0
17 41.826060317460325 34.0
17 42.1806992063492 37.0
17 42.58184365079365 40.0
17 42.139682539682546 35.0
17 42.961222222222226 37.0
17 43.027773809523815 37.0
17 43.08671904761904 36.0
17 43.586278571428565 36.0
17 43.9303634920635 36.0
17 44.33130238095237 36.0
17 44.06536349206349 35.0
17 45.12133095238095 35.0
17 44.50324603174603 34.0
17 43.24020793650794 33.0
18 41.798831746031745 37.0
18 41.826060317460325 34.0
18 42.1806992063492 37.0
18 42.732169047619045 39.0
18 42.139682539682546 35.0
18 42.961222222222226 37.0
18 43.027773809523815 37.0
18 43.08671904761904 36.0
18 43.586278571428565 36.0
18 43.31490952380952 35.0
18 44.33130238095237 36.0
18 44.06536349206349 35.0
18 45.12133095238095 35.0
18 44.50324603174603 34.0
18 43.24020793650794 33.0
19 41.826060317460325 34.0
19 42.1017865079365 36.0
19 42.139682539682546 35.0
19 43.50170555555555 41.0
19 43.027773809523815 37.0
19 43.08671904761904 36.0
19 43.586278571428565 36.0
19 43.31490952380952 35.0
19 44.06536349206349 35.0
19 44.50324603174603 34.0
19 43.24020793650794 33.0
19 42.76920396825397 32.0
20 41.826060317460325 34.0
20 42.1017865079365 36.0
20 42.139682539682546 35.0
20 42.92772777777778 38.0
20 43.027773809523815 37.0
20 43.08671904761904 36.0
20 43.08258412698412 35.0
20 43.31490952380952 35.0
20 44.06536349206349 35.0
20 44.50324603174603 34.0
20 43.24020793650794 33.0
20 42.76920396825397 32.0
21 41.78077936507936 33.0
21 41.826060317460325 34.0
21 42.1017865079365 36.0
21 42.139682539682546 35.0
21 42.95181111111111 40.0
21 42.92772777777778 38.0
21 42.35196825396825 34.0
21 43.08671904761904 36.0
21 43.08258412698412 35.0
21 44.53635714285715 37.0
21 44.06536349206349 35.0
21 43.033496825396824 33.0
21 42.76920396825397 32.0
22 41.03849126984127 37.0
22 41.754282539682535 38.0
22 42.011049206349206 37.0
22 42.1017865079365 36.0
22 41.826060317460325 34.0
22 43.08671904761904 36.0
22 42.35196825396825 34.0
22 41.78077936507936 33.0
22 44.06536349206349 35.0
22 43.033496825396824 33.0
22 41.15258095238095 32.0
23 41.03849126984127 37.0
23 41.58074523809524 38.0
23 42.011049206349206 37.0
23 42.1017865079365 36.0
23 41.826060317460325 34.0
23 42.50393968253969 35.0
23 42.35196825396825 34.0
23 41.78077936507936 33.0
23 44.06536349206349 35.0
23 43.033496825396824 33.0
23 41.15258095238095 32.0
24 41.03849126984127 37.0
24 41.809243650793654 42.0
24 41.58074523809524 38.0
24 41.989226190476195 38.0
24 42.011049206349206 37.0
24 42.1017865079365 36.0
24 41.826060317460325 34.0
24 42.50393968253969 35.0
24 42.35196825396825 34.0
24 41.78077936507936 33.0
24 42.04740238095239 33.0
24 43.033496825396824 33.0
24 41.15258095238095 32.0
25 41.03849126984127 37.0
25 41.809243650793654 42.0
25 41.61782301587302 38.0
25 41.64682222222222 36.0
25 42.011049206349206 37.0
25 42.1017865079365 36.0
25 41.826060317460325 34.0
25 42.50393968253969 35.0
25 42.068219841269844 34.0
25 41.78077936507936 33.0
25 42.04740238095239 33.0
25 43.033496825396824 33.0
25 41.15258095238095 32.0
26 41.03849126984127 37.0
26 41.809243650793654 42.0
26 41.61782301587302 38.0
26 41.64682222222222 36.0
26 41.84665873015872 36.0
26 42.1017865079365 36.0
26 41.826060317460325 34.0
26 42.244528571428575 35.0
26 42.068219841269844 34.0
26 41.78077936507936 33.0
26 42.04740238095239 33.0
26 43.033496825396824 33.0
26 41.15258095238095 32.0
27 40.90942698412699 39.0
27 41.03849126984127 37.0
27 41.61782301587302 38.0
27 41.64682222222222 36.0
27 42.1017865079365 36.0
27 42.58736825396825 37.0
27 41.826060317460325 34.0
27 42.068219841269844 34.0
27 42.933506349206354 35.0
27 41.78077936507936 33.0
27 43.033496825396824 33.0
27 41.15258095238095 32.0
28 40.90942698412699 39.0
28 41.03849126984127 37.0
28 41.61782301587302 38.0
28 42.32698492063492 40.0
28 41.64682222222222 36.0
28 42.1017865079365 36.0
28 42.58736825396825 37.0
28 41.826060317460325 34.0
28 42.068219841269844 34.0
28 42.933506349206354 35.0
28 41.78077936507936 33.0
28 43.396140476190475 34.0
28 43.033496825396824 33.0
28 41.15258095238095 32.0
29 40.90942698412699 39.0
29 41.03849126984127 37.0
29 41.61782301587302 38.0
29 42.09111746031746 39.0
29 41.64682222222222 36.0
29 42.1017865079365 36.0
29 42.18624841269841 36.0
29 41.826060317460325 34.0
29 42.068219841269844 34.0
29 42.933506349206354 35.0
29 41.78077936507936 33.0
29 43.396140476190475 34.0
29 43.033496825396824 33.0
29 41.15258095238095 32.0
30 40.90942698412699 39.0
30 41.03849126984127 37.0
30 41.61782301587302 38.0
30 41.65009047619047 37.0
30 41.64682222222222 36.0
30 42.1017865079365 36.0
30 42.18624841269841 36.0
30 41.826060317460325 34.0
30 42.068219841269844 34.0
30 42.933506349206354 35.0
30 41.78077936507936 33.0
30 43.396140476190475 34.0
30 43.033496825396824 33.0
30 41.15258095238095 32.0
31 40.90942698412699 39.0
31 41.03849126984127 37.0
31 41.425598412698406 36.0
31 41.64682222222222 36.0
31 42.65582936507936 40.0
31 42.1017865079365 36.0
31 42.18624841269841 36.0
31 41.826060317460325 34.0
31 42.068219841269844 34.0
31 41.78077936507936 33.0
31 43.396140476190475 34.0
31 43.033496825396824 33.0
31 41.15258095238095 32.0
32 40.90942698412699 39.0
32 41.03849126984127 37.0
32 41.425598412698406 36.0
32 41.64682222222222 36.0
32 42.65582936507936 40.0
32 41.73699920634921 35.0
32 42.18624841269841 36.0
32 41.826060317460325 34.0
32 42.068219841269844 34.0
32 41.78077936507936 33.0
32 43.396140476190475 34.0
32 43.033496825396824 33.0
32 41.15258095238095 32.0
33 40.90942698412699 39.0
33 41.03849126984127 37.0
33 41.425598412698406 36.0
33 41.64682222222222 36.0
33 42.128522222222216 38.0
33 41.73699920634921 35.0
33 42.18624841269841 36.0
33 41.826060317460325 34.0
33 42.068219841269844 34.0
33 41.78077936507936 33.0
33 43.396140476190475 34.0
33 43.033496825396824 33.0
33 41.15258095238095 32.0
34 40.90942698412699 39.0
34 41.03849126984127 37.0
34 41.425598412698406 36.0
34 41.64682222222222 36.0
34 41.90376349206349 37.0
34 41.73699920634921 35.0
34 42.18624841269841 36.0
34 41.826060317460325 34.0
34 42.068219841269844 34.0
34 41.78077936507936 33.0
34 43.396140476190475 34.0
34 43.033496825396824 33.0
34 41.15258095238095 32.0
35 40.90942698412699 39.0
35 41.03849126984127 37.0
35 41.425598412698406 36.0
35 41.64682222222222 36.0
35 41.90376349206349 37.0
35 41.73699920634921 35.0
35 42.18624841269841 36.0
35 41.826060317460325 34.0
35 42.068219841269844 34.0
35 41.78077936507936 33.0
35 43.396140476190475 34.0
35 43.033496825396824 33.0
35 41.15258095238095 32.0
36 40.90942698412699 39.0
36 41.03849126984127 37.0
36 41.425598412698406 36.0
36 41.64682222222222 36.0
36 41.90376349206349 37.0
36 41.73699920634921 35.0
36 42.18624841269841 36.0
36 41.826060317460325 34.0
36 42.068219841269844 34.0
36 41.78077936507936 33.0
36 43.396140476190475 34.0
36 43.033496825396824 33.0
36 41.15258095238095 32.0
37 40.90942698412699 39.0
37 41.03849126984127 37.0
37 41.425598412698406 36.0
37 41.64682222222222 36.0
37 41.90376349206349 37.0
37 41.73699920634921 35.0
37 42.18624841269841 36.0
37 41.826060317460325 34.0
37 42.068219841269844 34.0
37 41.78077936507936 33.0
37 42.78601031746032 34.0
37 43.033496825396824 33.0
37 41.15258095238095 32.0
38 40.90942698412699 39.0
38 41.03849126984127 37.0
38 41.425598412698406 36.0
38 41.64682222222222 36.0
38 41.90376349206349 37.0
38 41.73699920634921 35.0
38 42.18624841269841 36.0
38 41.826060317460325 34.0
38 42.068219841269844 34.0
38 41.78077936507936 33.0
38 42.78601031746032 34.0
38 43.033496825396824 33.0
38 41.15258095238095 32.0
39 40.90942698412699 39.0
39 41.03849126984127 37.0
39 41.425598412698406 36.0
39 41.64682222222222 36.0
39 41.90376349206349 37.0
39 41.73699920634921 35.0
39 42.18624841269841 36.0
39 41.826060317460325 34.0
39 42.068219841269844 34.0
39 41.78077936507936 33.0
39 42.78601031746032 34.0
39 43.033496825396824 33.0
39 41.15258095238095 32.0
40 40.90942698412699 39.0
40 41.03849126984127 37.0
40 41.425598412698406 36.0
40 41.64682222222222 36.0
40 41.90376349206349 37.0
40 41.73699920634921 35.0
40 42.18624841269841 36.0
40 41.826060317460325 34.0
40 42.068219841269844 34.0
40 41.78077936507936 33.0
40 42.78601031746032 34.0
40 43.033496825396824 33.0
40 44.68322777777777 33.0
40 41.15258095238095 32.0
41 40.90942698412699 39.0
41 41.03849126984127 37.0
41 41.425598412698406 36.0
41 41.64682222222222 36.0
41 41.73699920634921 35.0
41 42.18624841269841 36.0
41 41.826060317460325 34.0
41 42.068219841269844 34.0
41 41.78077936507936 33.0
41 43.486188095238106 34.0
41 43.033496825396824 33.0
41 44.68322777777777 33.0
41 41.15258095238095 32.0
42 40.90942698412699 39.0
42 41.03849126984127 37.0
42 41.425598412698406 36.0
42 41.64682222222222 36.0
42 41.73699920634921 35.0
42 42.18624841269841 36.0
42 41.826060317460325 34.0
42 42.068219841269844 34.0
42 43.02771587301588 35.0
42 41.78077936507936 33.0
42 43.486188095238106 34.0
42 43.033496825396824 33.0
42 44.68322777777777 33.0
42 41.15258095238095 32.0
43 40.90942698412699 39.0
43 41.03849126984127 37.0
43 41.425598412698406 36.0
43 41.64682222222222 36.0
43 41.73699920634921 35.0
43 42.18624841269841 36.0
43 41.826060317460325 34.0
43 42.068219841269844 34.0
43 43.02771587301588 35.0
43 41.78077936507936 33.0
43 43.486188095238106 34.0
43 43.033496825396824 33.0
43 44.68322777777777 33.0
43 41.15258095238095 32.0
44 40.90942698412699 39.0
44 41.03849126984127 37.0
44 41.425598412698406 36.0
44 41.64682222222222 36.0
44 41.73699920634921 35.0
44 42.18624841269841 36.0
44 41.826060317460325 34.0
44 42.068219841269844 34.0
44 43.02771587301588 35.0
44 41.78077936507936 33.0
44 43.486188095238106 34.0
44 43.033496825396824 33.0
44 44.68322777777777 33.0
44 41.15258095238095 32.0
45 40.90942698412699 39.0
45 41.03849126984127 37.0
45 41.425598412698406 36.0
45 41.64682222222222 36.0
45 41.73699920634921 35.0
45 42.18624841269841 36.0
45 41.826060317460325 34.0
45 42.068219841269844 34.0
45 43.02771587301588 35.0
45 41.78077936507936 33.0
45 43.486188095238106 34.0
45 43.033496825396824 33.0
45 44.68322777777777 33.0
45 41.15258095238095 32.0
46 40.90942698412699 39.0
46 41.03849126984127 37.0
46 41.425598412698406 36.0
46 41.64682222222222 36.0
46 41.73699920634921 35.0
46 42.18624841269841 36.0
46 41.826060317460325 34.0
46 42.068219841269844 34.0
46 43.02771587301588 35.0
46 41.78077936507936 33.0
46 43.486188095238106 34.0
46 43.033496825396824 33.0
46 44.68322777777777 33.0
46 41.15258095238095 32.0
47 40.90942698412699 39.0
47 41.03849126984127 37.0
47 41.425598412698406 36.0
47 41.64682222222222 36.0
47 41.73699920634921 35.0
47 42.18624841269841 36.0
47 41.826060317460325 34.0
47 42.068219841269844 34.0
47 43.02771587301588 35.0
47 41.78077936507936 33.0
47 43.486188095238106 34.0
47 43.033496825396824 33.0
47 44.68322777777777 33.0
47 41.15258095238095 32.0
48 40.90942698412699 39.0
48 41.03849126984127 37.0
48 41.425598412698406 36.0
48 41.64682222222222 36.0
48 41.73699920634921 35.0
48 42.18624841269841 36.0
48 41.826060317460325 34.0
48 42.068219841269844 34.0
48 43.02771587301588 35.0
48 41.78077936507936 33.0
48 43.486188095238106 34.0
48 43.033496825396824 33.0
48 44.68322777777777 33.0
48 41.15258095238095 32.0
49 40.90942698412699 39.0
49 41.03849126984127 37.0
49 41.425598412698406 36.0
49 41.64682222222222 36.0
49 41.73699920634921 35.0
49 42.18624841269841 36.0
49 41.826060317460325 34.0
49 42.068219841269844 34.0
49 43.02771587301588 35.0
49 41.78077936507936 33.0
49 43.486188095238106 34.0
49 43.033496825396824 33.0
49 44.68322777777777 33.0
49 41.15258095238095 32.0
50 40.90942698412699 39.0
50 41.03849126984127 37.0
50 41.425598412698406 36.0
50 41.64682222222222 36.0
50 41.73699920634921 35.0
50 42.18624841269841 36.0
50 41.826060317460325 34.0
50 42.068219841269844 34.0
50 43.02771587301588 35.0
50 41.78077936507936 33.0
50 43.486188095238106 34.0
50 43.033496825396824 33.0
50 44.68322777777777 33.0
50 41.15258095238095 32.0
51 40.90942698412699 39.0
51 41.03849126984127 37.0
51 41.425598412698406 36.0
51 41.64682222222222 36.0
51 41.73699920634921 35.0
51 42.18624841269841 36.0
51 41.826060317460325 34.0
51 42.068219841269844 34.0
51 43.02771587301588 35.0
51 41.78077936507936 33.0
51 43.486188095238106 34.0
51 43.033496825396824 33.0
51 44.68322777777777 33.0
51 41.15258095238095 32.0
52 40.90942698412699 39.0
52 41.03849126984127 37.0
52 41.425598412698406 36.0
52 41.64682222222222 36.0
52 41.73699920634921 35.0
52 42.18624841269841 36.0
52 41.826060317460325 34.0
52 42.068219841269844 34.0
52 43.02771587301588 35.0
52 41.78077936507936 33.0
52 43.486188095238106 34.0
52 43.033496825396824 33.0
52 44.68322777777777 33.0
52 41.15258095238095 32.0
53 40.90942698412699 39.0
53 41.03849126984127 37.0
53 41.425598412698406 36.0
53 41.64682222222222 36.0
53 41.73699920634921 35.0
53 42.18624841269841 36.0
53 41.826060317460325 34.0
53 42.068219841269844 34.0
53 43.02771587301588 35.0
53 41.78077936507936 33.0
53 43.486188095238106 34.0
53 43.033496825396824 33.0
53 44.68322777777777 33.0
53 41.15258095238095 32.0
54 40.90942698412699 39.0
54 41.03849126984127 37.0
54 41.425598412698406 36.0
54 41.64682222222222 36.0
54 41.73699920634921 35.0
54 42.18624841269841 36.0
54 41.826060317460325 34.0
54 42.068219841269844 34.0
54 43.02771587301588 35.0
54 41.78077936507936 33.0
54 43.486188095238106 34.0
54 43.033496825396824 33.0
54 44.68322777777777 33.0
54 41.15258095238095 32.0
55 40.90942698412699 39.0
55 41.03849126984127 37.0
55 41.425598412698406 36.0
55 41.64682222222222 36.0
55 41.73699920634921 35.0
55 42.18624841269841 36.0
55 41.826060317460325 34.0
55 42.068219841269844 34.0
55 43.02771587301588 35.0
55 41.78077936507936 33.0
55 43.486188095238106 34.0
55 43.033496825396824 33.0
55 44.68322777777777 33.0
55 41.15258095238095 32.0
56 40.90942698412699 39.0
56 41.03849126984127 37.0
56 41.425598412698406 36.0
56 41.64682222222222 36.0
56 41.73699920634921 35.0
56 42.18624841269841 36.0
56 41.826060317460325 34.0
56 42.068219841269844 34.0
56 43.02771587301588 35.0
56 41.78077936507936 33.0
56 43.486188095238106 34.0
56 43.033496825396824 33.0
56 44.68322777777777 33.0
56 41.15258095238095 32.0
57 40.90942698412699 39.0
57 41.03849126984127 37.0
57 41.425598412698406 36.0
57 41.64682222222222 36.0
57 41.73699920634921 35.0
57 42.18624841269841 36.0
57 41.826060317460325 34.0
57 42.068219841269844 34.0
57 43.02771587301588 35.0
57 41.78077936507936 33.0
57 43.486188095238106 34.0
57 43.033496825396824 33.0
57 44.68322777777777 33.0
57 41.15258095238095 32.0
58 40.90942698412699 39.0
58 41.03849126984127 37.0
58 41.425598412698406 36.0
58 41.64682222222222 36.0
58 41.73699920634921 35.0
58 42.18624841269841 36.0
58 41.826060317460325 34.0
58 42.068219841269844 34.0
58 43.02771587301588 35.0
58 41.78077936507936 33.0
58 43.486188095238106 34.0
58 43.033496825396824 33.0
58 44.68322777777777 33.0
58 41.15258095238095 32.0
59 40.90942698412699 39.0
59 41.03849126984127 37.0
59 41.425598412698406 36.0
59 41.64682222222222 36.0
59 41.73699920634921 35.0
59 42.18624841269841 36.0
59 41.826060317460325 34.0
59 42.068219841269844 34.0
59 43.02771587301588 35.0
59 41.78077936507936 33.0
59 43.486188095238106 34.0
59 44.69036507936508 34.0
59 43.033496825396824 33.0
59 44.68322777777777 33.0
59 41.15258095238095 32.0
60 40.90942698412699 39.0
60 41.03849126984127 37.0
60 41.425598412698406 36.0
60 41.64682222222222 36.0
60 41.73699920634921 35.0
60 42.18624841269841 36.0
60 41.826060317460325 34.0
60 42.068219841269844 34.0
60 43.02771587301588 35.0
60 41.78077936507936 33.0
60 43.486188095238106 34.0
60 44.69036507936508 34.0
60 43.033496825396824 33.0
60 44.68322777777777 33.0
60 41.15258095238095 32.0
61 40.90942698412699 39.0
61 41.03849126984127 37.0
61 41.425598412698406 36.0
61 41.64682222222222 36.0
61 41.73699920634921 35.0
61 42.18624841269841 36.0
61 41.826060317460325 34.0
61 42.068219841269844 34.0
61 43.02771587301588 35.0
61 41.78077936507936 33.0
61 43.486188095238106 34.0
61 44.69036507936508 34.0
61 43.033496825396824 33.0
61 44.68322777777777 33.0
61 41.15258095238095 32.0
62 40.90942698412699 39.0
62 41.03849126984127 37.0
62 41.425598412698406 36.0
62 41.64682222222222 36.0
62 41.73699920634921 35.0
62 42.18624841269841 36.0
62 41.826060317460325 34.0
62 42.068219841269844 34.0
62 43.02771587301588 35.0
62 41.78077936507936 33.0
62 43.486188095238106 34.0
62 44.69036507936508 34.0
62 43.033496825396824 33.0
62 44.063203174603174 33.0
62 41.15258095238095 32.0
63 40.90942698412699 39.0
63 41.03849126984127 37.0
63 41.425598412698406 36.0
63 41.64682222222222 36.0
63 41.73699920634921 35.0
63 42.18624841269841 36.0
63 41.826060317460325 34.0
63 42.068219841269844 34.0
63 43.02771587301588 35.0
63 41.78077936507936 33.0
63 43.486188095238106 34.0
63 44.69036507936508 34.0
63 43.033496825396824 33.0
63 44.063203174603174 33.0
63 41.15258095238095 32.0
64 40.90942698412699 39.0
64 41.03849126984127 37.0
64 41.425598412698406 36.0
64 41.64682222222222 36.0
64 41.73699920634921 35.0
64 42.18624841269841 36.0
64 41.826060317460325 34.0
64 42.068219841269844 34.0
64 43.02771587301588 35.0
64 41.78077936507936 33.0
64 43.486188095238106 34.0
64 42.83740158730159 33.0
64 43.033496825396824 33.0
64 44.063203174603174 33.0
64 41.15258095238095 32.0
65 40.90942698412699 39.0
65 41.03849126984127 37.0
65 41.425598412698406 36.0
65 41.64682222222222 36.0
65 41.73699920634921 35.0
65 42.18624841269841 36.0
65 41.826060317460325 34.0
65 42.068219841269844 34.0
65 43.02771587301588 35.0
65 41.78077936507936 33.0
65 43.486188095238106 34.0
65 42.83740158730159 33.0
65 43.033496825396824 33.0
65 44.063203174603174 33.0
65 41.15258095238095 32.0
66 40.90942698412699 39.0
66 41.03849126984127 37.0
66 41.425598412698406 36.0
66 41.64682222222222 36.0
66 41.73699920634921 35.0
66 42.18624841269841 36.0
66 41.826060317460325 34.0
66 42.068219841269844 34.0
66 43.02771587301588 35.0
66 41.78077936507936 33.0
66 43.486188095238106 34.0
66 42.83740158730159 33.0
66 43.033496825396824 33.0
66 44.063203174603174 33.0
66 41.15258095238095 32.0
67 40.90942698412699 39.0
67 41.03849126984127 37.0
67 41.425598412698406 36.0
67 41.64682222222222 36.0
67 41.73699920634921 35.0
67 42.18624841269841 36.0
67 41.826060317460325 34.0
67 42.068219841269844 34.0
67 43.02771587301588 35.0
67 41.78077936507936 33.0
67 43.486188095238106 34.0
67 42.83740158730159 33.0
67 43.033496825396824 33.0
67 44.063203174603174 33.0
67 41.15258095238095 32.0
68 40.90942698412699 39.0
68 41.03849126984127 37.0
68 41.425598412698406 36.0
68 41.64682222222222 36.0
68 41.73699920634921 35.0
68 42.18624841269841 36.0
68 41.826060317460325 34.0
68 42.068219841269844 34.0
68 43.02771587301588 35.0
68 41.78077936507936 33.0
68 43.486188095238106 34.0
68 42.83740158730159 33.0
68 43.033496825396824 33.0
68 44.063203174603174 33.0
68 41.15258095238095 32.0
69 40.90942698412699 39.0
69 41.03849126984127 37.0
69 41.425598412698406 36.0
69 41.64682222222222 36.0
69 41.73699920634921 35.0
69 42.18624841269841 36.0
69 41.826060317460325 34.0
69 42.068219841269844 34.0
69 43.02771587301588 35.0
69 41.78077936507936 33.0
69 43.486188095238106 34.0
69 42.83740158730159 33.0
69 43.033496825396824 33.0
69 44.063203174603174 33.0
69 41.15258095238095 32.0
70 40.90942698412699 39.0
70 41.03849126984127 37.0
70 41.425598412698406 36.0
70 41.64682222222222 36.0
70 41.73699920634921 35.0
70 42.18624841269841 36.0
70 41.826060317460325 34.0
70 42.068219841269844 34.0
70 43.02771587301588 35.0
70 41.786671428571424 33.0
70 43.486188095238106 34.0
70 42.83740158730159 33.0
70 43.033496825396824 33.0
70 44.063203174603174 33.0
70 41.15258095238095 32.0
71 40.90942698412699 39.0
71 41.03849126984127 37.0
71 42.06625555555556 42.0
71 41.425598412698406 36.0
71 41.64682222222222 36.0
71 41.73699920634921 35.0
71 42.18624841269841 36.0
71 41.826060317460325 34.0
71 42.068219841269844 34.0
71 43.02771587301588 35.0
71 41.786671428571424 33.0
71 43.486188095238106 34.0
71 42.83740158730159 33.0
71 44.063203174603174 33.0
71 41.15258095238095 32.0
72 40.90942698412699 39.0
72 41.03849126984127 37.0
72 42.06625555555556 42.0
72 41.425598412698406 36.0
72 41.64682222222222 36.0
72 41.73699920634921 35.0
72 42.18624841269841 36.0
72 41.826060317460325 34.0
72 42.068219841269844 34.0
72 43.02771587301588 35.0
72 41.786671428571424 33.0
72 43.57233571428573 34.0
72 42.83740158730159 33.0
72 44.063203174603174 33.0
72 41.15258095238095 32.0
73 40.90942698412699 39.0
73 41.03849126984127 37.0
73 42.06625555555556 42.0
73 41.425598412698406 36.0
73 41.64682222222222 36.0
73 41.73699920634921 35.0
73 42.18624841269841 36.0
73 41.826060317460325 34.0
73 42.068219841269844 34.0
73 43.02771587301588 35.0
73 41.786671428571424 33.0
73 43.57233571428573 34.0
73 42.83740158730159 33.0
73 44.063203174603174 33.0
73 41.15258095238095 32.0
74 40.90942698412699 39.0
74 41.03849126984127 37.0
74 42.06625555555556 42.0
74 41.425598412698406 36.0
74 41.64682222222222 36.0
74 41.73699920634921 35.0
74 42.18624841269841 36.0
74 41.826060317460325 34.0
74 42.068219841269844 34.0
74 43.02771587301588 35.0
74 41.786671428571424 33.0
74 43.57233571428573 34.0
74 42.83740158730159 33.0
74 44.063203174603174 33.0
74 41.15258095238095 32.0
75 40.90942698412699 39.0
75 41.03849126984127 37.0
75 42.06625555555556 42.0
75 41.425598412698406 36.0
75 41.64682222222222 36.0
75 41.73699920634921 35.0
75 42.18624841269841 36.0
75 41.826060317460325 34.0
75 42.068219841269844 34.0
75 43.02771587301588 35.0
75 41.786671428571424 33.0
75 43.57233571428573 34.0
75 42.83740158730159 33.0
75 44.063203174603174 33.0
75 41.15258095238095 32.0
76 40.90942698412699 39.0
76 41.03849126984127 37.0
76 42.06625555555556 42.0
76 41.425598412698406 36.0
76 41.64682222222222 36.0
76 41.73699920634921 35.0
76 42.33457777777779 36.0
76 41.826060317460325 34.0
76 42.068219841269844 34.0
76 43.02771587301588 35.0
76 41.786671428571424 33.0
76 43.57233571428573 34.0
76 42.83740158730159 33.0
76 44.063203174603174 33.0
76 41.15258095238095 32.0
77 40.90942698412699 39.0
77 41.03849126984127 37.0
77 42.06625555555556 42.0
77 41.425598412698406 36.0
77 41.64682222222222 36.0
77 41.73699920634921 35.0
77 42.33457777777779 36.0
77 41.826060317460325 34.0
77 42.068219841269844 34.0
77 43.02771587301588 35.0
77 41.786671428571424 33.0
77 43.57233571428573 34.0
77 42.83740158730159 33.0
77 44.063203174603174 33.0
77 41.15258095238095 32.0
78 40.90942698412699 39.0
78 41.03849126984127 37.0
78 42.06625555555556 42.0
78 41.425598412698406 36.0
78 41.64682222222222 36.0
78 41.73699920634921 35.0
78 42.33457777777779 36.0
78 41.826060317460325 34.0
78 42.068219841269844 34.0
78 43.02771587301588 35.0
78 41.786671428571424 33.0
78 43.57233571428573 34.0
78 42.83740158730159 33.0
78 44.063203174603174 33.0
78 41.15258095238095 32.0
79 40.90942698412699 39.0
79 41.03849126984127 37.0
79 42.06625555555556 42.0
79 41.425598412698406 36.0
79 41.64682222222222 36.0
79 41.73699920634921 35.0
79 42.33457777777779 36.0
79 41.826060317460325 34.0
79 42.068219841269844 34.0
79 43.02771587301588 35.0
79 41.786671428571424 33.0
79 43.57233571428573 34.0
79 42.83740158730159 33.0
79 44.063203174603174 33.0
79 41.15258095238095 32.0
80 40.90942698412699 39.0
80 41.03849126984127 37.0
80 42.06625555555556 42.0
80 41.425598412698406 36.0
80 41.64682222222222 36.0
80 41.73699920634921 35.0
80 42.33457777777779 36.0
80 41.826060317460325 34.0
80 42.068219841269844 34.0
80 43.02771587301588 35.0
80 41.786671428571424 33.0
80 43.57233571428573 34.0
80 42.83740158730159 33.0
80 44.063203174603174 33.0
80 41.15258095238095 32.0
81 40.90942698412699 39.0
81 41.03849126984127 37.0
81 42.06625555555556 42.0
81 41.425598412698406 36.0
81 41.64682222222222 36.0
81 41.73699920634921 35.0
81 42.19380793650794 36.0
81 41.826060317460325 34.0
81 42.068219841269844 34.0
81 43.02771587301588 35.0
81 41.786671428571424 33.0
81 43.57233571428573 34.0
81 42.83740158730159 33.0
81 44.063203174603174 33.0
81 41.15258095238095 32.0
82 40.90942698412699 39.0
82 41.03849126984127 37.0
82 42.06625555555556 42.0
82 41.425598412698406 36.0
82 41.64682222222222 36.0
82 41.73699920634921 35.0
82 42.19380793650794 36.0
82 41.826060317460325 34.0
82 42.068219841269844 34.0
82 43.02771587301588 35.0
82 41.786671428571424 33.0
82 43.57233571428573 34.0
82 42.83740158730159 33.0
82 44.063203174603174 33.0
82 41.15258095238095 32.0
83 40.90942698412699 39.0
83 41.03849126984127 37.0
83 42.06625555555556 42.0
83 41.425598412698406 36.0
83 41.64682222222222 36.0
83 41.73699920634921 35.0
83 42.19380793650794 36.0
83 41.826060317460325 34.0
83 42.068219841269844 34.0
83 43.02771587301588 35.0
83 41.786671428571424 33.0
83 43.57233571428573 34.0
83 42.83740158730159 33.0
83 44.063203174603174 33.0
83 41.15258095238095 32.0
84 40.90942698412699 39.0
84 41.03849126984127 37.0
84 42.06625555555556 42.0
84 41.425598412698406 36.0
84 41.64682222222222 36.0
84 41.73699920634921 35.0
84 42.19380793650794 36.0
84 41.826060317460325 34.0
84 42.068219841269844 34.0
84 43.02771587301588 35.0
84 41.786671428571424 33.0
84 43.57233571428573 34.0
84 42.83740158730159 33.0
84 44.063203174603174 33.0
84 41.15258095238095 32.0
85 40.90942698412699 39.0
85 41.03849126984127 37.0
85 42.06625555555556 42.0
85 41.425598412698406 36.0
85 41.64682222222222 36.0
85 41.73699920634921 35.0
85 42.19380793650794 36.0
85 41.826060317460325 34.0
85 42.068219841269844 34.0
85 43.02771587301588 35.0
85 41.786671428571424 33.0
85 43.57233571428573 34.0
85 42.83740158730159 33.0
85 44.063203174603174 33.0
85 41.15258095238095 32.0
86 40.90942698412699 39.0
86 41.03849126984127 37.0
86 42.06625555555556 42.0
86 41.425598412698406 36.0
86 41.64682222222222 36.0
86 41.73699920634921 35.0
86 42.19380793650794 36.0
86 41.826060317460325 34.0
86 42.068219841269844 34.0
86 43.02771587301588 35.0
86 41.786671428571424 33.0
86 43.57233571428573 34.0
86 42.83740158730159 33.0
86 44.063203174603174 33.0
86 41.15258095238095 32.0
87 40.90942698412699 39.0
87 41.03849126984127 37.0
87 42.06625555555556 42.0
87 41.425598412698406 36.0
87 41.64682222222222 36.0
87 41.73699920634921 35.0
87 42.19380793650794 36.0
87 41.826060317460325 34.0
87 42.068219841269844 34.0
87 43.02771587301588 35.0
87 41.786671428571424 33.0
87 43.57233571428573 34.0
87 42.83740158730159 33.0
87 44.063203174603174 33.0
87 41.15258095238095 32.0
88 40.90942698412699 39.0
88 41.03849126984127 37.0
88 42.06625555555556 42.0
88 41.425598412698406 36.0
88 41.64682222222222 36.0
88 41.73699920634921 35.0
88 42.19380793650794 36.0
88 41.826060317460325 34.0
88 42.068219841269844 34.0
88 43.02771587301588 35.0
88 41.786671428571424 33.0
88 43.57233571428573 34.0
88 42.83740158730159 33.0
88 44.063203174603174 33.0
88 41.15258095238095 32.0
89 40.90942698412699 39.0
89 41.03849126984127 37.0
89 42.06625555555556 42.0
89 41.425598412698406 36.0
89 41.64682222222222 36.0
89 41.73699920634921 35.0
89 42.19380793650794 36.0
89 41.826060317460325 34.0
89 42.068219841269844 34.0
89 43.02771587301588 35.0
89 41.786671428571424 33.0
89 43.57233571428573 34.0
89 42.83740158730159 33.0
89 44.063203174603174 33.0
89 41.15258095238095 32.0
90 40.90942698412699 39.0
90 41.03849126984127 37.0
90 41.58828015873016 39.0
90 41.425598412698406 36.0
90 41.64682222222222 36.0
90 41.73699920634921 35.0
90 42.19380793650794 36.0
90 41.826060317460325 34.0
90 42.068219841269844 34.0
90 43.02771587301588 35.0
90 41.786671428571424 33.0
90 43.57233571428573 34.0
90 42.83740158730159 33.0
90 44.063203174603174 33.0
90 41.15258095238095 32.0
91 40.90942698412699 39.0
91 41.03849126984127 37.0
91 41.27684761904762 36.0
91 41.425598412698406 36.0
91 41.64682222222222 36.0
91 41.73699920634921 35.0
91 42.19380793650794 36.0
91 41.826060317460325 34.0
91 42.068219841269844 34.0
91 43.02771587301588 35.0
91 41.786671428571424 33.0
91 43.57233571428573 34.0
91 42.83740158730159 33.0
91 44.063203174603174 33.0
91 41.15258095238095 32.0
92 40.90942698412699 39.0
92 41.03849126984127 37.0
92 41.27684761904762 36.0
92 41.425598412698406 36.0
92 41.64682222222222 36.0
92 41.73699920634921 35.0
92 42.19380793650794 36.0
92 41.826060317460325 34.0
92 42.068219841269844 34.0
92 43.02771587301588 35.0
92 41.786671428571424 33.0
92 43.57233571428573 34.0
92 42.83740158730159 33.0
92 44.063203174603174 33.0
92 41.15258095238095 32.0
93 40.90942698412699 39.0
93 41.03849126984127 37.0
93 41.27684761904762 36.0
93 41.425598412698406 36.0
93 41.64682222222222 36.0
93 41.73699920634921 35.0
93 42.19380793650794 36.0
93 41.826060317460325 34.0
93 42.068219841269844 34.0
93 43.22311666666666 35.0
93 41.786671428571424 33.0
93 43.57233571428573 34.0
93 42.83740158730159 33.0
93 44.063203174603174 33.0
93 41.15258095238095 32.0
94 40.90942698412699 39.0
94 41.03849126984127 37.0
94 41.27684761904762 36.0
94 41.425598412698406 36.0
94 41.64682222222222 36.0
94 41.73699920634921 35.0
94 42.19380793650794 36.0
94 41.826060317460325 34.0
94 42.068219841269844 34.0
94 43.22311666666666 35.0
94 41.786671428571424 33.0
94 43.57233571428573 34.0
94 42.83740158730159 33.0
94 44.063203174603174 33.0
94 41.15258095238095 32.0
95 40.90942698412699 39.0
95 41.03849126984127 37.0
95 41.27684761904762 36.0
95 41.425598412698406 36.0
95 41.64682222222222 36.0
95 41.73699920634921 35.0
95 42.19380793650794 36.0
95 41.826060317460325 34.0
95 42.068219841269844 34.0
95 43.22311666666666 35.0
95 41.786671428571424 33.0
95 43.57233571428573 34.0
95 42.83740158730159 33.0
95 44.063203174603174 33.0
95 41.15258095238095 32.0
96 40.90942698412699 39.0
96 41.03849126984127 37.0
96 41.27684761904762 36.0
96 41.425598412698406 36.0
96 41.64682222222222 36.0
96 41.73699920634921 35.0
96 42.19380793650794 36.0
96 41.826060317460325 34.0
96 42.068219841269844 34.0
96 43.22311666666666 35.0
96 41.786671428571424 33.0
96 43.57233571428573 34.0
96 42.83740158730159 33.0
96 44.063203174603174 33.0
96 41.15258095238095 32.0
97 40.90942698412699 39.0
97 41.03849126984127 37.0
97 41.27684761904762 36.0
97 41.425598412698406 36.0
97 41.64682222222222 36.0
97 41.73699920634921 35.0
97 42.19380793650794 36.0
97 41.826060317460325 34.0
97 42.068219841269844 34.0
97 43.22311666666666 35.0
97 41.786671428571424 33.0
97 43.57233571428573 34.0
97 42.83740158730159 33.0
97 44.063203174603174 33.0
97 41.15258095238095 32.0
98 40.90942698412699 39.0
98 41.03849126984127 37.0
98 41.27684761904762 36.0
98 41.425598412698406 36.0
98 41.64682222222222 36.0
98 41.73699920634921 35.0
98 42.19380793650794 36.0
98 41.826060317460325 34.0
98 42.068219841269844 34.0
98 43.22311666666666 35.0
98 41.786671428571424 33.0
98 43.57233571428573 34.0
98 42.83740158730159 33.0
98 44.063203174603174 33.0
98 41.15258095238095 32.0
99 40.90942698412699 39.0
99 41.03849126984127 37.0
99 41.27684761904762 36.0
99 41.425598412698406 36.0
99 41.64682222222222 36.0
99 41.73699920634921 35.0
99 42.19380793650794 36.0
99 41.826060317460325 34.0
99 42.068219841269844 34.0
99 43.22311666666666 35.0
99 41.786671428571424 33.0
99 43.57233571428573 34.0
99 42.83740158730159 33.0
99 44.063203174603174 33.0
99 41.15258095238095 32.0
100 40.90942698412699 39.0
100 41.03849126984127 37.0
100 41.27684761904762 36.0
100 41.425598412698406 36.0
100 41.64682222222222 36.0
100 41.73699920634921 35.0
100 42.19380793650794 36.0
100 41.826060317460325 34.0
100 42.068219841269844 34.0
100 43.22311666666666 35.0
100 41.786671428571424 33.0
100 43.57233571428573 34.0
100 42.83740158730159 33.0
100 44.063203174603174 33.0
100 41.15258095238095 32.0
