1 44.25030634920635 36.0
1 46.84198412698412 41.0
1 44.36928888888889 40.0
1 43.143946031746026 40.0
1 45.41621904761905 38.0
1 45.940397619047616 43.0
1 44.1401388888889 40.0
1 45.63411349206349 41.0
1 45.39668888888888 41.0
1 45.29045714285714 39.0
1 44.78397857142858 40.0
1 44.32665476190476 42.0
1 45.1428761904762 42.0
1 48.1793753968254 42.0
1 44.1645507936508 40.0
1 44.59854126984127 41.0
1 44.576524603174605 38.0
2 43.143946031746026 40.0
2 44.00370634920635 40.0
2 44.22450476190476 39.0
2 43.95697619047619 38.0
2 44.735774603174605 39.0
2 44.576524603174605 38.0
2 45.41621904761905 38.0
2 45.89626031746031 37.0
2 44.25030634920635 36.0
3 41.97457063492064 36.0
3 42.30245 38.0
3 43.143946031746026 40.0
3 44.00370634920635 40.0
3 43.95697619047619 38.0
3 44.23490634920635 38.0
3 45.41621904761905 38.0
3 45.13315476190476 37.0
3 44.25030634920635 36.0
3 42.99841746031746 34.0
4 41.97457063492064 36.0
4 42.30245 38.0
4 42.63059603174602 38.0
4 43.143946031746026 40.0
4 43.07547698412699 37.0
4 43.95697619047619 38.0
4 43.172276984126974 36.0
4 45.41621904761905 38.0
4 45.13315476190476 37.0
4 44.25030634920635 36.0
4 42.99841746031746 34.0
5 41.97457063492064 36.0
5 42.30245 38.0
5 42.63059603174602 38.0
5 43.119258730158734 39.0
5 43.07547698412699 37.0
5 43.61723333333333 38.0
5 43.172276984126974 36.0
5 45.41621904761905 38.0
5 45.13315476190476 37.0
5 44.25030634920635 36.0
5 42.63173095238095 34.0
6 41.97457063492064 36.0
6 42.30245 38.0
6 42.63059603174602 38.0
6 42.93439523809524 38.0
6 43.07547698412699 37.0
6 43.61723333333333 38.0
6 43.172276984126974 36.0
6 44.29318888888888 37.0
6 45.13315476190476 37.0
6 44.25030634920635 36.0
6 43.94655555555555 35.0
6 42.63173095238095 34.0
7 41.97457063492064 36.0
7 42.30245 38.0
7 42.63059603174602 38.0
7 42.93439523809524 38.0
7 43.07547698412699 37.0
7 43.17272142857142 37.0
7 43.172276984126974 36.0
7 44.29318888888888 37.0
7 44.08437301587303 36.0
7 44.25030634920635 36.0
7 43.94655555555555 35.0
7 45.41357222222222 35.0
7 42.63173095238095 34.0
8 41.69473095238095 37.0
8 41.97457063492064 36.0
8 42.30245 38.0
8 42.63059603174602 38.0
8 43.07547698412699 37.0
8 43.172276984126974 36.0
8 43.84560238095238 37.0
8 44.08437301587303 36.0
8 42.63173095238095 34.0
8 44.53527380952381 35.0
8 45.41357222222222 35.0
8 43.33203492063492 33.0
9 41.69473095238095 37.0
9 41.97457063492064 36.0
9 42.30245 38.0
9 42.556779365079365 37.0
9 43.07547698412699 37.0
9 43.172276984126974 36.0
9 43.84560238095238 37.0
9 44.08437301587303 36.0
9 42.63173095238095 34.0
9 44.53527380952381 35.0
9 45.41357222222222 35.0
9 43.33203492063492 33.0
10 41.69473095238095 37.0
10 41.97457063492064 36.0
10 42.30245 38.0
10 42.556779365079365 37.0
10 43.07547698412699 37.0
10 43.172276984126974 36.0
10 43.84560238095238 37.0
10 43.917834126984125 36.0
10 42.63173095238095 34.0
10 44.53527380952381 35.0
10 45.41357222222222 35.0
10 44.12300793650793 34.0
10 43.33203492063492 33.0
11 41.69473095238095 37.0
11 41.97457063492064 36.0
11 42.556779365079365 37.0
11 43.07547698412699 37.0
11 43.172276984126974 36.0
11 42.899792857142856 35.0
11 43.81693174603175 36.0
11 42.63173095238095 34.0
11 44.53527380952381 35.0
11 44.12300793650793 34.0
11 43.33203492063492 33.0
12 41.69473095238095 37.0
12 41.97457063492064 36.0
12 42.54743730158731 38.0
12 42.556779365079365 37.0
12 43.07547698412699 37.0
12 43.172276984126974 36.0
12 42.899792857142856 35.0
12 43.81693174603175 36.0
12 42.63173095238095 34.0
12 44.53527380952381 35.0
12 44.12300793650793 34.0
12 43.33203492063492 33.0
13 41.69473095238095 37.0
13 42.275550793650794 43.0
13 41.97457063492064 36.0
13 42.26254047619048 37.0
13 42.556779365079365 37.0
13 43.07547698412699 37.0
13 43.172276984126974 36.0
13 42.8081753968254 35.0
13 43.81693174603175 36.0
13 42.617574603174596 34.0
13 44.53527380952381 35.0
13 44.12300793650793 34.0
13 43.33203492063492 33.0
14 41.69473095238095 37.0
14 42.275550793650794 43.0
14 41.97457063492064 36.0
14 42.26254047619048 37.0
14 42.556779365079365 37.0
14 43.07547698412699 37.0
14 43.14999603174604 36.0
14 42.8081753968254 35.0
14 43.685069047619045 36.0
14 42.617574603174596 34.0
14 43.12614682539683 34.0
14 44.12300793650793 34.0
14 43.33203492063492 33.0
15 41.48820476190476 39.0
15 41.69473095238095 37.0
15 42.275550793650794 43.0
15 41.97457063492064 36.0
15 42.556779365079365 37.0
15 43.19212857142857 38.0
15 43.07547698412699 37.0
15 43.14999603174604 36.0
15 42.8081753968254 35.0
15 42.617574603174596 34.0
15 43.12614682539683 34.0
15 44.12300793650793 34.0
15 43.33203492063492 33.0
16 41.48820476190476 39.0
16 41.69473095238095 37.0
16 42.1972753968254 42.0
16 41.97457063492064 36.0
16 42.556779365079365 37.0
16 42.79469523809523 37.0
16 43.07547698412699 37.0
16 43.14999603174604 36.0
16 42.8081753968254 35.0
16 42.617574603174596 34.0
16 43.12614682539683 34.0
16 44.12300793650793 34.0
16 43.33203492063492 33.0
17 41.48820476190476 39.0
17 41.69473095238095 37.0
17 42.1972753968254 42.0
17 41.97457063492064 36.0
17 42.556779365079365 37.0
17 42.79469523809523 37.0
17 43.07547698412699 37.0
17 43.14999603174604 36.0
17 42.8081753968254 35.0
17 42.617574603174596 34.0
17 43.12614682539683 34.0
17 44.12300793650793 34.0
17 43.33203492063492 33.0
18 41.48820476190476 39.0
18 41.69473095238095 37.0
18 42.1972753968254 42.0
18 41.97457063492064 36.0
18 42.556779365079365 37.0
18 42.79469523809523 37.0
18 43.07547698412699 37.0
18 43.14999603174604 36.0
18 42.8081753968254 35.0
18 44.12915634920635 36.0
18 42.617574603174596 34.0
18 43.12614682539683 34.0
18 44.12300793650793 34.0
18 43.33203492063492 33.0
19 41.48820476190476 39.0
19 41.69473095238095 37.0
19 42.1972753968254 42.0
19 41.97457063492064 36.0
19 42.556779365079365 37.0
19 42.79469523809523 37.0
19 42.95860873015873 36.0
19 43.14999603174604 36.0
19 42.8081753968254 35.0
19 44.12915634920635 36.0
19 42.617574603174596 34.0
19 43.12614682539683 34.0
19 44.12300793650793 34.0
19 43.33203492063492 33.0
20 41.48820476190476 39.0
20 41.69473095238095 37.0
20 42.2898753968254 40.0
20 41.97457063492064 36.0
20 42.35900079365079 37.0
20 42.79469523809523 37.0
20 42.95860873015873 36.0
20 43.14999603174604 36.0
20 42.8081753968254 35.0
20 44.12915634920635 36.0
20 42.617574603174596 34.0
20 43.12614682539683 34.0
20 44.12300793650793 34.0
20 43.33203492063492 33.0
21 41.48820476190476 39.0
21 41.69473095238095 37.0
21 42.3247253968254 40.0
21 41.97457063492064 36.0
21 42.35900079365079 37.0
21 42.79469523809523 37.0
21 43.28821825396825 38.0
21 42.95860873015873 36.0
21 42.8081753968254 35.0
21 44.12915634920635 36.0
21 42.617574603174596 34.0
21 43.12614682539683 34.0
21 44.12300793650793 34.0
21 43.33203492063492 33.0
22 41.48820476190476 39.0
22 41.69473095238095 37.0
22 42.3247253968254 40.0
22 41.97457063492064 36.0
22 42.35900079365079 37.0
22 42.372326190476194 36.0
22 43.28821825396825 38.0
22 42.95860873015873 36.0
22 42.8081753968254 35.0
22 44.12915634920635 36.0
22 42.617574603174596 34.0
22 43.12614682539683 34.0
22 44.12300793650793 34.0
22 43.33203492063492 33.0
23 41.48820476190476 39.0
23 41.69473095238095 37.0
23 42.3247253968254 40.0
23 41.97457063492064 36.0
23 42.35900079365079 37.0
23 42.372326190476194 36.0
23 42.960918253968245 37.0
23 42.95860873015873 36.0
23 42.8081753968254 35.0
23 43.89341031746032 36.0
23 42.617574603174596 34.0
23 43.12614682539683 34.0
23 44.12300793650793 34.0
23 43.33203492063492 33.0
24 41.48820476190476 39.0
24 41.69473095238095 37.0
24 42.3247253968254 40.0
24 41.97457063492064 36.0
24 42.35900079365079 37.0
24 42.372326190476194 36.0
24 42.960918253968245 37.0
24 42.95860873015873 36.0
24 42.8081753968254 35.0
24 43.89341031746032 36.0
24 42.617574603174596 34.0
24 43.12614682539683 34.0
24 44.12300793650793 34.0
24 43.33203492063492 33.0
25 41.48820476190476 39.0
25 41.69473095238095 37.0
25 42.3247253968254 40.0
25 41.97457063492064 36.0
25 42.35900079365079 37.0
25 42.372326190476194 36.0
25 42.960918253968245 37.0
25 42.95860873015873 36.0
25 42.8081753968254 35.0
25 43.03175238095238 35.0
25 42.617574603174596 34.0
25 43.12614682539683 34.0
25 44.12300793650793 34.0
25 43.33203492063492 33.0
26 41.48820476190476 39.0
26 41.69473095238095 37.0
26 42.13903333333334 40.0
26 42.3247253968254 40.0
26 41.97457063492064 36.0
26 42.35900079365079 37.0
26 42.372326190476194 36.0
26 42.960918253968245 37.0
26 42.95860873015873 36.0
26 42.8081753968254 35.0
26 43.03175238095238 35.0
26 42.617574603174596 34.0
26 43.12614682539683 34.0
26 44.12300793650793 34.0
26 43.33203492063492 33.0
27 41.48820476190476 39.0
27 41.69473095238095 37.0
27 42.13903333333334 40.0
27 42.3247253968254 40.0
27 41.97457063492064 36.0
27 42.35900079365079 37.0
27 42.372326190476194 36.0
27 42.960918253968245 37.0
27 42.95860873015873 36.0
27 42.8081753968254 35.0
27 43.03175238095238 35.0
27 42.617574603174596 34.0
27 43.12614682539683 34.0
27 44.12300793650793 34.0
27 43.33203492063492 33.0
28 41.48820476190476 39.0
28 41.69473095238095 37.0
28 42.13903333333334 40.0
28 42.3247253968254 40.0
28 41.97457063492064 36.0
28 42.35900079365079 37.0
28 42.372326190476194 36.0
28 42.960918253968245 37.0
28 42.95860873015873 36.0
28 42.8081753968254 35.0
28 43.03175238095238 35.0
28 42.617574603174596 34.0
28 43.12614682539683 34.0
28 44.12300793650793 34.0
28 43.33203492063492 33.0
29 41.48820476190476 39.0
29 41.69473095238095 37.0
29 42.13903333333334 40.0
29 42.3247253968254 40.0
29 41.97457063492064 36.0
29 42.35900079365079 37.0
29 42.372326190476194 36.0
29 42.960918253968245 37.0
29 42.95860873015873 36.0
29 42.8081753968254 35.0
29 43.03175238095238 35.0
29 42.617574603174596 34.0
29 43.12614682539683 34.0
29 44.12300793650793 34.0
29 43.33203492063492 33.0
30 41.48820476190476 39.0
30 41.69473095238095 37.0
30 42.13903333333334 40.0
30 42.3247253968254 40.0
30 41.97457063492064 36.0
30 42.35900079365079 37.0
30 42.372326190476194 36.0
30 42.960918253968245 37.0
30 42.95860873015873 36.0
30 42.66128015873015 35.0
30 43.03175238095238 35.0
30 42.617574603174596 34.0
30 43.12614682539683 34.0
30 44.12300793650793 34.0
30 43.33203492063492 33.0
31 41.48820476190476 39.0
31 41.69473095238095 37.0
31 42.13903333333334 40.0
31 42.3247253968254 40.0
31 41.97457063492064 36.0
31 42.35900079365079 37.0
31 42.372326190476194 36.0
31 42.960918253968245 37.0
31 42.95860873015873 36.0
31 42.66128015873015 35.0
31 43.03175238095238 35.0
31 42.617574603174596 34.0
31 43.12614682539683 34.0
31 44.12300793650793 34.0
31 43.33203492063492 33.0
32 41.48820476190476 39.0
32 41.69473095238095 37.0
32 42.13903333333334 40.0
32 42.3247253968254 40.0
32 41.97457063492064 36.0
32 42.35900079365079 37.0
32 42.372326190476194 36.0
32 42.53290238095238 36.0
32 42.95860873015873 36.0
32 42.66128015873015 35.0
32 43.03175238095238 35.0
32 42.617574603174596 34.0
32 43.12614682539683 34.0
32 44.12300793650793 34.0
32 43.33203492063492 33.0
33 41.48820476190476 39.0
33 41.69473095238095 37.0
33 42.13903333333334 40.0
33 42.07899444444444 38.0
33 41.97457063492064 36.0
33 42.35900079365079 37.0
33 42.372326190476194 36.0
33 42.53290238095238 36.0
33 42.95860873015873 36.0
33 42.66128015873015 35.0
33 43.03175238095238 35.0
33 42.617574603174596 34.0
33 43.12614682539683 34.0
33 44.12300793650793 34.0
33 43.33203492063492 33.0
34 41.48820476190476 39.0
34 41.69473095238095 37.0
34 42.13903333333334 40.0
34 42.07899444444444 38.0
34 41.97457063492064 36.0
34 42.35900079365079 37.0
34 42.372326190476194 36.0
34 42.53290238095238 36.0
34 42.95860873015873 36.0
34 42.66128015873015 35.0
34 43.03175238095238 35.0
34 42.617574603174596 34.0
34 43.12614682539683 34.0
34 44.12300793650793 34.0
34 43.33203492063492 33.0
35 41.48820476190476 39.0
35 41.69473095238095 37.0
35 42.13903333333334 40.0
35 42.07899444444444 38.0
35 41.97457063492064 36.0
35 42.35900079365079 37.0
35 42.372326190476194 36.0
35 42.53290238095238 36.0
35 42.95860873015873 36.0
35 42.66128015873015 35.0
35 43.03175238095238 35.0
35 42.617574603174596 34.0
35 43.12614682539683 34.0
35 44.12300793650793 34.0
35 43.33203492063492 33.0
36 41.48820476190476 39.0
36 41.69473095238095 37.0
36 42.13903333333334 40.0
36 42.07899444444444 38.0
36 41.97457063492064 36.0
36 42.35900079365079 37.0
36 42.372326190476194 36.0
36 42.53290238095238 36.0
36 42.95860873015873 36.0
36 42.66128015873015 35.0
36 43.03175238095238 35.0
36 42.617574603174596 34.0
36 43.12614682539683 34.0
36 44.12300793650793 34.0
36 43.33203492063492 33.0
37 41.48820476190476 39.0
37 41.69473095238095 37.0
37 42.13903333333334 40.0
37 42.07899444444444 38.0
37 41.97457063492064 36.0
37 42.35900079365079 37.0
37 42.372326190476194 36.0
37 42.53290238095238 36.0
37 42.95860873015873 36.0
37 42.66128015873015 35.0
37 43.03175238095238 35.0
37 42.617574603174596 34.0
37 43.12614682539683 34.0
37 44.12300793650793 34.0
37 43.33203492063492 33.0
38 41.48820476190476 39.0
38 41.69473095238095 37.0
38 42.015331746031755 38.0
38 42.07899444444444 38.0
38 41.97457063492064 36.0
38 42.35900079365079 37.0
38 42.372326190476194 36.0
38 42.53290238095238 36.0
38 42.95860873015873 36.0
38 42.66128015873015 35.0
38 43.03175238095238 35.0
38 42.617574603174596 34.0
38 43.12614682539683 34.0
38 44.12300793650793 34.0
38 43.33203492063492 33.0
39 41.25261746031746 37.0
39 41.48820476190476 39.0
39 41.69473095238095 37.0
39 42.07899444444444 38.0
39 41.97457063492064 36.0
39 42.35900079365079 37.0
39 42.372326190476194 36.0
39 42.86355714285715 36.0
39 42.66128015873015 35.0
39 43.03175238095238 35.0
39 42.617574603174596 34.0
39 44.12300793650793 34.0
39 43.33203492063492 33.0
40 41.25261746031746 37.0
40 41.48820476190476 39.0
40 41.491460317460316 36.0
40 41.69473095238095 37.0
40 42.07899444444444 38.0
40 41.97457063492064 36.0
40 42.35900079365079 37.0
40 42.372326190476194 36.0
40 42.86355714285715 36.0
40 42.66128015873015 35.0
40 43.03175238095238 35.0
40 42.617574603174596 34.0
40 44.12300793650793 34.0
40 43.33203492063492 33.0
41 41.25261746031746 37.0
41 41.48820476190476 39.0
41 41.491460317460316 36.0
41 41.69473095238095 37.0
41 42.07899444444444 38.0
41 41.97457063492064 36.0
41 42.35900079365079 37.0
41 42.372326190476194 36.0
41 42.86355714285715 36.0
41 42.59783095238097 35.0
41 42.66128015873015 35.0
41 42.617574603174596 34.0
41 44.12300793650793 34.0
41 43.33203492063492 33.0
42 41.25261746031746 37.0
42 41.48820476190476 39.0
42 41.491460317460316 36.0
42 41.69473095238095 37.0
42 42.07899444444444 38.0
42 41.97457063492064 36.0
42 42.35900079365079 37.0
42 42.372326190476194 36.0
42 42.86355714285715 36.0
42 42.59783095238097 35.0
42 42.66128015873015 35.0
42 44.04275714285714 36.0
42 42.617574603174596 34.0
42 43.75423492063493 34.0
42 44.12300793650793 34.0
42 43.33203492063492 33.0
43 41.25261746031746 37.0
43 41.48820476190476 39.0
43 41.491460317460316 36.0
43 41.69473095238095 37.0
43 42.07899444444444 38.0
43 41.97457063492064 36.0
43 42.35900079365079 37.0
43 42.372326190476194 36.0
43 42.86355714285715 36.0
43 42.59783095238097 35.0
43 42.66128015873015 35.0
43 44.04275714285714 36.0
43 42.617574603174596 34.0
43 43.75423492063493 34.0
43 44.12300793650793 34.0
43 43.33203492063492 33.0
44 40.80810793650794 37.0
44 41.25261746031746 37.0
44 41.491460317460316 36.0
44 41.897999206349205 37.0
44 41.97457063492064 36.0
44 42.372326190476194 36.0
44 42.86355714285715 36.0
44 42.59783095238097 35.0
44 42.66128015873015 35.0
44 45.12869761904763 36.0
44 42.617574603174596 34.0
44 43.75423492063493 34.0
44 41.66318412698413 33.0
45 40.80810793650794 37.0
45 41.25261746031746 37.0
45 42.12514920634921 41.0
45 41.491460317460316 36.0
45 41.897999206349205 37.0
45 41.97457063492064 36.0
45 42.372326190476194 36.0
45 42.86355714285715 36.0
45 42.59783095238097 35.0
45 42.66128015873015 35.0
45 45.12869761904763 36.0
45 42.617574603174596 34.0
45 43.75423492063493 34.0
45 41.66318412698413 33.0
46 40.80810793650794 37.0
46 41.25261746031746 37.0
46 41.86004841269842 40.0
46 41.491460317460316 36.0
46 41.897999206349205 37.0
46 41.97457063492064 36.0
46 42.372326190476194 36.0
46 42.86355714285715 36.0
46 42.59783095238097 35.0
46 42.66128015873015 35.0
46 42.09620317460317 34.0
46 42.617574603174596 34.0
46 43.75423492063493 34.0
46 41.66318412698413 33.0
47 40.80810793650794 37.0
47 41.25261746031746 37.0
47 41.86004841269842 40.0
47 41.491460317460316 36.0
47 41.897999206349205 37.0
47 41.97457063492064 36.0
47 42.372326190476194 36.0
47 42.86355714285715 36.0
47 42.59783095238097 35.0
47 42.66128015873015 35.0
47 42.09620317460317 34.0
47 42.617574603174596 34.0
47 43.75423492063493 34.0
47 41.66318412698413 33.0
48 40.80810793650794 37.0
48 40.99639206349207 34.0
48 41.25261746031746 37.0
48 41.491460317460316 36.0
48 41.897999206349205 37.0
48 41.97457063492064 36.0
48 41.66318412698413 33.0
48 42.66128015873015 35.0
48 42.617574603174596 34.0
48 43.75423492063493 34.0
48 44.64373888888889 34.0
48 44.502656349206354 30.0
49 40.80810793650794 37.0
49 40.99639206349207 34.0
49 41.25261746031746 37.0
49 41.491460317460316 36.0
49 41.897999206349205 37.0
49 41.97457063492064 36.0
49 41.66318412698413 33.0
49 42.66128015873015 35.0
49 42.617574603174596 34.0
49 44.26130952380953 36.0
49 43.75423492063493 34.0
49 44.64373888888889 34.0
49 44.502656349206354 30.0
50 40.80810793650794 37.0
50 40.99639206349207 34.0
50 41.25261746031746 37.0
50 41.491460317460316 36.0
50 41.897999206349205 37.0
50 41.97457063492064 36.0
50 41.66318412698413 33.0
50 42.66128015873015 35.0
50 42.617574603174596 34.0
50 43.811557936507945 35.0
50 43.75423492063493 34.0
50 44.64373888888889 34.0
50 44.502656349206354 30.0
51 40.80810793650794 37.0
51 40.99639206349207 34.0
51 41.25261746031746 37.0
51 41.491460317460316 36.0
51 41.97457063492064 36.0
51 41.66318412698413 33.0
51 42.66128015873015 35.0
51 42.617574603174596 34.0
51 43.64434603174604 35.0
51 43.75423492063493 34.0
51 44.121916666666664 34.0
51 44.502656349206354 30.0
52 40.80810793650794 37.0
52 40.99639206349207 34.0
52 41.25261746031746 37.0
52 41.491460317460316 36.0
52 41.97457063492064 36.0
52 41.66318412698413 33.0
52 42.66128015873015 35.0
52 42.617574603174596 34.0
52 43.499524603174606 35.0
52 43.75423492063493 34.0
52 44.121916666666664 34.0
52 44.502656349206354 30.0
53 40.80810793650794 37.0
53 40.99639206349207 34.0
53 41.25261746031746 37.0
53 41.491460317460316 36.0
53 41.97457063492064 36.0
53 41.66318412698413 33.0
53 42.66128015873015 35.0
53 42.617574603174596 34.0
53 43.499524603174606 35.0
53 43.75423492063493 34.0
53 44.121916666666664 34.0
53 44.502656349206354 30.0
54 40.80810793650794 37.0
54 40.99639206349207 34.0
54 41.25261746031746 37.0
54 41.491460317460316 36.0
54 41.97457063492064 36.0
54 41.66318412698413 33.0
54 42.66128015873015 35.0
54 42.617574603174596 34.0
54 43.499524603174606 35.0
54 43.75423492063493 34.0
54 44.121916666666664 34.0
54 44.502656349206354 30.0
55 40.80810793650794 37.0
55 40.99639206349207 34.0
55 41.25261746031746 37.0
55 41.491460317460316 36.0
55 41.97457063492064 36.0
55 41.66318412698413 33.0
55 42.66128015873015 35.0
55 42.617574603174596 34.0
55 43.499524603174606 35.0
55 43.75423492063493 34.0
55 44.121916666666664 34.0
55 44.502656349206354 30.0
56 40.80810793650794 37.0
56 40.99639206349207 34.0
56 41.25261746031746 37.0
56 41.491460317460316 36.0
56 41.97457063492064 36.0
56 41.66318412698413 33.0
56 42.66128015873015 35.0
56 42.617574603174596 34.0
56 43.499524603174606 35.0
56 43.75423492063493 34.0
56 44.121916666666664 34.0
56 44.502656349206354 30.0
57 40.80810793650794 37.0
57 40.99639206349207 34.0
57 41.25261746031746 37.0
57 41.491460317460316 36.0
57 41.97457063492064 36.0
57 41.66318412698413 33.0
57 42.66128015873015 35.0
57 42.617574603174596 34.0
57 43.499524603174606 35.0
57 43.75423492063493 34.0
57 44.121916666666664 34.0
57 44.502656349206354 30.0
58 40.80810793650794 37.0
58 40.99639206349207 34.0
58 41.25261746031746 37.0
58 41.491460317460316 36.0
58 41.97457063492064 36.0
58 41.66318412698413 33.0
58 42.66128015873015 35.0
58 42.617574603174596 34.0
58 43.499524603174606 35.0
58 43.75423492063493 34.0
58 44.121916666666664 34.0
58 44.502656349206354 30.0
59 40.80810793650794 37.0
59 40.99639206349207 34.0
59 41.25261746031746 37.0
59 41.491460317460316 36.0
59 41.97457063492064 36.0
59 41.66318412698413 33.0
59 42.66128015873015 35.0
59 42.617574603174596 34.0
59 43.499524603174606 35.0
59 43.75423492063493 34.0
59 44.121916666666664 34.0
59 44.502656349206354 30.0
60 40.80810793650794 37.0
60 40.99639206349207 34.0
60 41.25261746031746 37.0
60 41.491460317460316 36.0
60 41.97457063492064 36.0
60 41.66318412698413 33.0
60 42.66128015873015 35.0
60 42.617574603174596 34.0
60 43.499524603174606 35.0
60 43.75423492063493 34.0
60 44.121916666666664 34.0
60 44.502656349206354 30.0
61 40.80810793650794 37.0
61 40.99639206349207 34.0
61 41.25261746031746 37.0
61 41.491460317460316 36.0
61 41.97457063492064 36.0
61 44.1367753968254 42.0
61 41.66318412698413 33.0
61 42.617574603174596 34.0
61 43.499524603174606 35.0
61 43.75423492063493 34.0
61 44.121916666666664 34.0
61 44.502656349206354 30.0
62 40.80810793650794 37.0
62 40.99639206349207 34.0
62 41.25261746031746 37.0
62 41.491460317460316 36.0
62 41.97457063492064 36.0
62 42.975242857142845 39.0
62 41.66318412698413 33.0
62 42.617574603174596 34.0
62 43.499524603174606 35.0
62 43.75423492063493 34.0
62 44.121916666666664 34.0
62 44.502656349206354 30.0
63 40.80810793650794 37.0
63 40.99639206349207 34.0
63 41.25261746031746 37.0
63 41.491460317460316 36.0
63 41.97457063492064 36.0
63 42.975242857142845 39.0
63 41.66318412698413 33.0
63 42.617574603174596 34.0
63 43.499524603174606 35.0
63 43.75423492063493 34.0
63 44.121916666666664 34.0
63 44.502656349206354 30.0
64 40.80810793650794 37.0
64 40.99639206349207 34.0
64 41.25261746031746 37.0
64 41.491460317460316 36.0
64 41.97457063492064 36.0
64 42.975242857142845 39.0
64 41.66318412698413 33.0
64 42.617574603174596 34.0
64 43.499524603174606 35.0
64 43.75423492063493 34.0
64 44.121916666666664 34.0
64 44.502656349206354 30.0
65 40.80810793650794 37.0
65 40.99639206349207 34.0
65 41.25261746031746 37.0
65 41.491460317460316 36.0
65 41.97457063492064 36.0
65 42.975242857142845 39.0
65 41.66318412698413 33.0
65 42.617574603174596 34.0
65 43.499524603174606 35.0
65 43.75423492063493 34.0
65 44.121916666666664 34.0
65 44.502656349206354 30.0
66 40.80810793650794 37.0
66 40.99639206349207 34.0
66 41.25261746031746 37.0
66 41.491460317460316 36.0
66 41.97457063492064 36.0
66 42.975242857142845 39.0
66 41.66318412698413 33.0
66 42.617574603174596 34.0
66 43.499524603174606 35.0
66 43.75423492063493 34.0
66 44.121916666666664 34.0
66 44.502656349206354 30.0
67 40.80810793650794 37.0
67 40.99639206349207 34.0
67 41.25261746031746 37.0
67 41.491460317460316 36.0
67 41.97457063492064 36.0
67 42.975242857142845 39.0
67 41.66318412698413 33.0
67 42.617574603174596 34.0
67 43.499524603174606 35.0
67 43.75423492063493 34.0
67 44.121916666666664 34.0
67 44.502656349206354 30.0
68 40.80810793650794 37.0
68 40.99639206349207 34.0
68 41.25261746031746 37.0
68 41.491460317460316 36.0
68 41.97457063492064 36.0
68 42.967330952380955 39.0
68 41.66318412698413 33.0
68 42.617574603174596 34.0
68 43.499524603174606 35.0
68 43.75423492063493 34.0
68 44.282417460317454 34.0
68 44.502656349206354 30.0
69 40.80810793650794 37.0
69 40.99639206349207 34.0
69 41.25261746031746 37.0
69 41.491460317460316 36.0
69 41.97457063492064 36.0
69 42.967330952380955 39.0
69 41.66318412698413 33.0
69 42.617574603174596 34.0
69 43.499524603174606 35.0
69 43.75423492063493 34.0
69 44.282417460317454 34.0
69 45.26472936507937 34.0
69 44.502656349206354 30.0
70 40.80810793650794 37.0
70 40.99639206349207 34.0
70 41.25261746031746 37.0
70 41.491460317460316 36.0
70 41.97457063492064 36.0
70 42.671303968253966 38.0
70 41.66318412698413 33.0
70 42.617574603174596 34.0
70 43.499524603174606 35.0
70 43.75423492063493 34.0
70 44.282417460317454 34.0
70 45.26472936507937 34.0
70 44.502656349206354 30.0
71 40.80810793650794 37.0
71 40.99639206349207 34.0
71 41.25261746031746 37.0
71 41.491460317460316 36.0
71 41.97457063492064 36.0
71 41.66318412698413 33.0
71 44.76708253968254 41.0
71 42.617574603174596 34.0
71 43.52331349206349 35.0
71 43.75423492063493 34.0
71 44.282417460317454 34.0
71 45.26472936507937 34.0
71 44.502656349206354 30.0
72 40.80810793650794 37.0
72 40.99639206349207 34.0
72 41.25261746031746 37.0
72 41.491460317460316 36.0
72 41.97457063492064 36.0
72 41.66318412698413 33.0
72 43.96666428571428 40.0
72 42.617574603174596 34.0
72 43.52331349206349 35.0
72 43.75423492063493 34.0
72 44.282417460317454 34.0
72 45.26472936507937 34.0
72 44.502656349206354 30.0
73 40.80810793650794 37.0
73 40.99639206349207 34.0
73 41.25261746031746 37.0
73 41.491460317460316 36.0
73 41.97457063492064 36.0
73 41.66318412698413 33.0
73 44.24903412698413 40.0
73 42.617574603174596 34.0
73 43.52331349206349 35.0
73 43.75423492063493 34.0
73 44.282417460317454 34.0
73 45.26472936507937 34.0
73 44.502656349206354 30.0
74 40.80810793650794 37.0
74 40.99639206349207 34.0
74 41.25261746031746 37.0
74 41.491460317460316 36.0
74 41.97457063492064 36.0
74 41.66318412698413 33.0
74 43.78690238095237 39.0
74 42.617574603174596 34.0
74 43.52331349206349 35.0
74 43.75423492063493 34.0
74 44.282417460317454 34.0
74 45.26472936507937 34.0
74 44.502656349206354 30.0
75 40.80810793650794 37.0
75 40.99639206349207 34.0
75 41.25261746031746 37.0
75 41.491460317460316 36.0
75 41.97457063492064 36.0
75 41.66318412698413 33.0
75 43.78690238095237 39.0
75 42.617574603174596 34.0
75 43.52331349206349 35.0
75 43.75423492063493 34.0
75 44.282417460317454 34.0
75 45.26472936507937 34.0
75 44.502656349206354 30.0
76 40.80810793650794 37.0
76 40.99639206349207 34.0
76 41.25261746031746 37.0
76 41.491460317460316 36.0
76 41.97457063492064 36.0
76 41.66318412698413 33.0
76 43.78690238095237 39.0
76 42.617574603174596 34.0
76 43.52331349206349 35.0
76 43.75423492063493 34.0
76 44.282417460317454 34.0
76 45.26472936507937 34.0
76 44.502656349206354 30.0
77 40.80810793650794 37.0
77 40.99639206349207 34.0
77 41.25261746031746 37.0
77 41.491460317460316 36.0
77 41.97457063492064 36.0
77 41.66318412698413 33.0
77 43.78690238095237 39.0
77 42.617574603174596 34.0
77 43.52331349206349 35.0
77 43.75423492063493 34.0
77 44.282417460317454 34.0
77 45.26472936507937 34.0
77 44.502656349206354 30.0
78 40.80810793650794 37.0
78 40.99639206349207 34.0
78 41.25261746031746 37.0
78 41.491460317460316 36.0
78 41.97457063492064 36.0
78 41.66318412698413 33.0
78 43.78690238095237 39.0
78 42.617574603174596 34.0
78 43.52331349206349 35.0
78 43.75423492063493 34.0
78 44.282417460317454 34.0
78 45.26472936507937 34.0
78 44.502656349206354 30.0
79 40.80810793650794 37.0
79 40.99639206349207 34.0
79 41.25261746031746 37.0
79 41.491460317460316 36.0
79 41.97457063492064 36.0
79 41.66318412698413 33.0
79 43.78690238095237 39.0
79 42.617574603174596 34.0
79 43.52331349206349 35.0
79 43.75423492063493 34.0
79 44.282417460317454 34.0
79 45.26472936507937 34.0
79 44.502656349206354 30.0
80 40.80810793650794 37.0
80 40.99639206349207 34.0
80 41.25261746031746 37.0
80 41.491460317460316 36.0
80 41.97457063492064 36.0
80 41.66318412698413 33.0
80 43.78690238095237 39.0
80 42.617574603174596 34.0
80 43.52331349206349 35.0
80 43.75423492063493 34.0
80 44.282417460317454 34.0
80 45.26472936507937 34.0
80 44.502656349206354 30.0
81 40.80810793650794 37.0
81 40.99639206349207 34.0
81 41.25261746031746 37.0
81 41.491460317460316 36.0
81 41.97457063492064 36.0
81 41.66318412698413 33.0
81 44.014087301587296 38.0
81 42.617574603174596 34.0
81 45.527030158730156 38.0
81 44.282417460317454 34.0
81 45.26472936507937 34.0
81 44.502656349206354 30.0
82 40.80810793650794 37.0
82 40.99639206349207 34.0
82 41.25261746031746 37.0
82 41.491460317460316 36.0
82 41.97457063492064 36.0
82 42.45257460317461 37.0
82 41.66318412698413 33.0
82 44.014087301587296 38.0
82 42.617574603174596 34.0
82 44.515546031746034 36.0
82 44.282417460317454 34.0
82 45.26472936507937 34.0
82 44.502656349206354 30.0
83 40.80810793650794 37.0
83 40.99639206349207 34.0
83 41.25261746031746 37.0
83 41.491460317460316 36.0
83 41.97457063492064 36.0
83 42.45257460317461 37.0
83 41.66318412698413 33.0
83 43.372226190476184 37.0
83 42.617574603174596 34.0
83 44.515546031746034 36.0
83 44.282417460317454 34.0
83 45.26472936507937 34.0
83 44.502656349206354 30.0
84 40.80810793650794 37.0
84 40.99639206349207 34.0
84 41.25261746031746 37.0
84 41.491460317460316 36.0
84 41.97457063492064 36.0
84 42.45257460317461 37.0
84 41.66318412698413 33.0
84 43.372226190476184 37.0
84 42.617574603174596 34.0
84 44.515546031746034 36.0
84 44.282417460317454 34.0
84 45.26472936507937 34.0
84 44.502656349206354 30.0
85 40.80810793650794 37.0
85 40.99639206349207 34.0
85 41.25261746031746 37.0
85 41.491460317460316 36.0
85 41.97457063492064 36.0
85 42.45257460317461 37.0
85 41.66318412698413 33.0
85 43.52588015873016 37.0
85 42.617574603174596 34.0
85 43.872108730158736 35.0
85 44.282417460317454 34.0
85 45.26472936507937 34.0
85 43.564773809523814 32.0
85 44.502656349206354 30.0
86 40.80810793650794 37.0
86 40.99639206349207 34.0
86 41.25261746031746 37.0
86 41.491460317460316 36.0
86 41.97457063492064 36.0
86 42.45257460317461 37.0
86 41.66318412698413 33.0
86 43.52588015873016 37.0
86 42.617574603174596 34.0
86 43.872108730158736 35.0
86 44.282417460317454 34.0
86 45.26472936507937 34.0
86 43.564773809523814 32.0
86 44.502656349206354 30.0
87 40.80810793650794 37.0
87 40.99639206349207 34.0
87 41.25261746031746 37.0
87 41.491460317460316 36.0
87 41.97457063492064 36.0
87 42.45257460317461 37.0
87 41.66318412698413 33.0
87 43.237878571428574 36.0
87 42.617574603174596 34.0
87 43.872108730158736 35.0
87 44.282417460317454 34.0
87 45.26472936507937 34.0
87 43.564773809523814 32.0
87 44.502656349206354 30.0
88 40.80810793650794 37.0
88 40.99639206349207 34.0
88 41.25261746031746 37.0
88 41.491460317460316 36.0
88 41.97457063492064 36.0
88 42.01223650793651 36.0
88 41.66318412698413 33.0
88 43.237878571428574 36.0
88 42.617574603174596 34.0
88 43.872108730158736 35.0
88 44.282417460317454 34.0
88 45.26472936507937 34.0
88 43.564773809523814 32.0
88 44.502656349206354 30.0
89 40.80810793650794 37.0
89 40.99639206349207 34.0
89 41.25261746031746 37.0
89 41.491460317460316 36.0
89 41.97457063492064 36.0
89 42.01223650793651 36.0
89 41.66318412698413 33.0
89 43.237878571428574 36.0
89 42.617574603174596 34.0
89 43.983284920634915 35.0
89 44.282417460317454 34.0
89 45.26472936507937 34.0
89 43.564773809523814 32.0
89 44.502656349206354 30.0
90 40.80810793650794 37.0
90 40.99639206349207 34.0
90 41.25261746031746 37.0
90 41.491460317460316 36.0
90 41.97457063492064 36.0
90 42.01223650793651 36.0
90 41.66318412698413 33.0
90 43.237878571428574 36.0
90 42.617574603174596 34.0
90 43.983284920634915 35.0
90 44.282417460317454 34.0
90 45.26472936507937 34.0
90 43.564773809523814 32.0
90 44.502656349206354 30.0
91 40.80810793650794 37.0
91 40.99639206349207 34.0
91 41.491460317460316 36.0
91 42.01223650793651 36.0
91 41.66318412698413 33.0
91 43.237878571428574 36.0
91 42.617574603174596 34.0
91 43.983284920634915 35.0
91 44.282417460317454 34.0
91 45.26472936507937 34.0
91 43.564773809523814 32.0
91 44.502656349206354 30.0
92 40.80810793650794 37.0
92 40.99639206349207 34.0
92 41.491460317460316 36.0
92 42.60199365079366 41.0
92 42.01223650793651 36.0
92 41.66318412698413 33.0
92 43.237878571428574 36.0
92 42.617574603174596 34.0
92 43.983284920634915 35.0
92 44.282417460317454 34.0
92 45.26472936507937 34.0
92 43.564773809523814 32.0
92 44.502656349206354 30.0
93 40.80810793650794 37.0
93 40.99639206349207 34.0
93 41.491460317460316 36.0
93 42.60199365079366 41.0
93 42.01223650793651 36.0
93 41.66318412698413 33.0
93 43.237878571428574 36.0
93 42.617574603174596 34.0
93 43.983284920634915 35.0
93 44.282417460317454 34.0
93 45.26472936507937 34.0
93 43.564773809523814 32.0
93 44.502656349206354 30.0
94 40.80810793650794 37.0
94 40.99639206349207 34.0
94 41.491460317460316 36.0
94 42.60199365079366 41.0
94 42.01223650793651 36.0
94 41.66318412698413 33.0
94 43.493018253968245 37.0
94 42.617574603174596 34.0
94 43.983284920634915 35.0
94 44.282417460317454 34.0
94 45.26472936507937 34.0
94 43.564773809523814 32.0
94 44.502656349206354 30.0
95 40.80810793650794 37.0
95 40.99639206349207 34.0
95 41.491460317460316 36.0
95 42.60199365079366 41.0
95 42.01223650793651 36.0
95 41.66318412698413 33.0
95 43.493018253968245 37.0
95 42.617574603174596 34.0
95 43.983284920634915 35.0
95 44.282417460317454 34.0
95 45.26472936507937 34.0
95 43.564773809523814 32.0
95 44.502656349206354 30.0
96 40.80810793650794 37.0
96 40.99639206349207 34.0
96 41.491460317460316 36.0
96 42.18064682539683 38.0
96 42.01223650793651 36.0
96 41.66318412698413 33.0
96 43.493018253968245 37.0
96 42.617574603174596 34.0
96 43.983284920634915 35.0
96 44.282417460317454 34.0
96 45.26472936507937 34.0
96 43.564773809523814 32.0
96 44.502656349206354 30.0
97 40.80810793650794 37.0
97 40.99639206349207 34.0
97 41.491460317460316 36.0
97 42.18064682539683 38.0
97 42.01223650793651 36.0
97 41.66318412698413 33.0
97 43.493018253968245 37.0
97 42.617574603174596 34.0
97 43.983284920634915 35.0
97 44.282417460317454 34.0
97 45.26472936507937 34.0
97 43.564773809523814 32.0
97 44.502656349206354 30.0
98 40.80810793650794 37.0
98 40.99639206349207 34.0
98 41.491460317460316 36.0
98 42.18064682539683 38.0
98 42.01223650793651 36.0
98 41.66318412698413 33.0
98 43.493018253968245 37.0
98 42.617574603174596 34.0
98 43.983284920634915 35.0
98 44.282417460317454 34.0
98 45.26472936507937 34.0
98 43.564773809523814 32.0
98 44.502656349206354 30.0
99 40.80810793650794 37.0
99 40.99639206349207 34.0
99 41.491460317460316 36.0
99 42.18064682539683 38.0
99 42.01223650793651 36.0
99 41.66318412698413 33.0
99 43.493018253968245 37.0
99 42.617574603174596 34.0
99 43.983284920634915 35.0
99 44.282417460317454 34.0
99 45.26472936507937 34.0
99 43.564773809523814 32.0
99 44.502656349206354 30.0
100 40.80810793650794 37.0
100 40.99639206349207 34.0
100 41.491460317460316 36.0
100 42.18064682539683 38.0
100 42.01223650793651 36.0
100 41.66318412698413 33.0
100 43.493018253968245 37.0
100 42.617574603174596 34.0
100 43.983284920634915 35.0
100 44.282417460317454 34.0
100 45.26472936507937 34.0
100 43.564773809523814 32.0
100 44.502656349206354 30.0
