1 43.45726031746031 42.0
1 45.673307936507946 42.0
1 45.55105396825397 37.0
1 44.62732460317459 44.0
1 45.285289682539684 36.0
1 46.307788095238095 42.0
1 45.109987301587296 41.0
1 44.98554761904762 35.0
1 45.12742936507936 36.0
1 44.70998174603175 37.0
1 45.1136746031746 42.0
1 45.26580634920635 38.0
1 46.13284603174603 45.0
1 46.15246111111111 39.0
1 44.70452142857143 44.0
1 46.50373968253968 44.0
1 45.34094126984127 43.0
2 43.200692857142855 40.0
2 43.45726031746031 42.0
2 44.62732460317459 44.0
2 44.429341269841274 41.0
2 44.23661587301587 38.0
2 44.93586984126984 39.0
2 43.79342142857142 36.0
2 44.70998174603175 37.0
2 45.55105396825397 37.0
2 45.12742936507936 36.0
2 44.36797619047619 35.0
3 43.200692857142855 40.0
3 43.45726031746031 42.0
3 44.14419603174602 40.0
3 44.4275753968254 39.0
3 43.79342142857142 36.0
3 45.28304603174603 39.0
3 44.70998174603175 37.0
3 44.76248888888888 36.0
3 44.92000238095238 36.0
3 44.36797619047619 35.0
3 44.765238888888895 35.0
3 44.185025396825395 34.0
4 43.200692857142855 40.0
4 43.09861666666668 35.0
4 43.97433730158729 40.0
4 43.67896507936507 37.0
4 43.79342142857142 36.0
4 44.38862380952381 37.0
4 44.70998174603175 37.0
4 44.76248888888888 36.0
4 44.90479603174604 36.0
4 44.36797619047619 35.0
4 44.765238888888895 35.0
4 45.58340476190476 35.0
4 44.185025396825395 34.0
5 43.035132539682536 39.0
5 43.09861666666668 35.0
5 43.72811190476191 38.0
5 43.67380952380953 37.0
5 43.79342142857142 36.0
5 44.38862380952381 37.0
5 44.70998174603175 37.0
5 44.76248888888888 36.0
5 43.99205714285715 35.0
5 44.36797619047619 35.0
5 44.765238888888895 35.0
5 45.58340476190476 35.0
5 44.185025396825395 34.0
6 42.9751761904762 34.0
6 43.09861666666668 35.0
6 43.40905000000001 36.0
6 43.70922857142857 36.0
6 43.79342142857142 36.0
6 44.70998174603175 37.0
6 44.363615079365076 36.0
6 43.99205714285715 35.0
6 44.34785793650794 35.0
6 44.765238888888895 35.0
6 45.58340476190476 35.0
6 44.185025396825395 34.0
7 42.9751761904762 34.0
7 43.376175396825396 36.0
7 43.70922857142857 36.0
7 43.99205714285715 35.0
7 44.185025396825395 34.0
7 44.58304999999999 34.0
7 44.596960317460315 33.0
7 44.80430079365079 30.0
8 42.9751761904762 34.0
8 43.376175396825396 36.0
8 43.36501587301587 33.0
8 43.99205714285715 35.0
8 44.185025396825395 34.0
8 44.58304999999999 34.0
8 44.596960317460315 33.0
8 44.80430079365079 30.0
9 42.9751761904762 34.0
9 43.376175396825396 36.0
9 43.36501587301587 33.0
9 43.77101666666667 33.0
9 44.185025396825395 34.0
9 44.49725158730159 33.0
9 44.596960317460315 33.0
9 44.80430079365079 30.0
10 42.9751761904762 34.0
10 43.25237936507937 35.0
10 43.36501587301587 33.0
10 43.77101666666667 33.0
10 44.185025396825395 34.0
10 44.49725158730159 33.0
10 44.596960317460315 33.0
10 44.80430079365079 30.0
11 42.9751761904762 34.0
11 43.25237936507937 35.0
11 43.309780952380954 34.0
11 43.36501587301587 33.0
11 43.92805238095239 36.0
11 44.57511507936507 38.0
11 43.77101666666667 33.0
11 45.0720111111111 36.0
11 44.49725158730159 33.0
11 44.596960317460315 33.0
11 44.80430079365079 30.0
12 42.81831507936508 39.0
12 42.92636666666667 35.0
12 42.9751761904762 34.0
12 43.25237936507937 35.0
12 43.309780952380954 34.0
12 43.36501587301587 33.0
12 43.50917698412698 33.0
12 43.77101666666667 33.0
12 44.79013730158731 36.0
12 44.49725158730159 33.0
12 44.80430079365079 30.0
13 42.42881746031747 34.0
13 42.767104761904754 39.0
13 42.81831507936508 39.0
13 42.92636666666667 35.0
13 42.9751761904762 34.0
13 43.25237936507937 35.0
13 43.309780952380954 34.0
13 43.36501587301587 33.0
13 43.50917698412698 33.0
13 43.77101666666667 33.0
13 44.49725158730159 33.0
13 44.80430079365079 30.0
14 42.42881746031747 34.0
14 42.767104761904754 39.0
14 42.96428253968254 38.0
14 42.92636666666667 35.0
14 42.9751761904762 34.0
14 43.25237936507937 35.0
14 43.309780952380954 34.0
14 43.36501587301587 33.0
14 43.50917698412698 33.0
14 43.77101666666667 33.0
14 44.49725158730159 33.0
14 44.80430079365079 30.0
15 42.42881746031747 34.0
15 42.767104761904754 39.0
15 42.96428253968254 38.0
15 42.92636666666667 35.0
15 42.9751761904762 34.0
15 43.25237936507937 35.0
15 43.309780952380954 34.0
15 43.36501587301587 33.0
15 43.50917698412698 33.0
15 43.77101666666667 33.0
15 44.49725158730159 33.0
15 44.80430079365079 30.0
16 42.42881746031747 34.0
16 42.767104761904754 39.0
16 42.82563412698412 36.0
16 42.77405079365079 34.0
16 42.9751761904762 34.0
16 43.25237936507937 35.0
16 43.309780952380954 34.0
16 43.36501587301587 33.0
16 43.50917698412698 33.0
16 43.77101666666667 33.0
16 44.49725158730159 33.0
16 44.80430079365079 30.0
17 42.42881746031747 34.0
17 42.767104761904754 39.0
17 42.72900317460318 35.0
17 42.77405079365079 34.0
17 42.9751761904762 34.0
17 43.25237936507937 35.0
17 43.309780952380954 34.0
17 43.36501587301587 33.0
17 43.50917698412698 33.0
17 43.77101666666667 33.0
17 44.49725158730159 33.0
17 44.80430079365079 30.0
18 42.42881746031747 34.0
18 42.59835 36.0
18 42.72900317460318 35.0
18 42.77405079365079 34.0
18 42.9751761904762 34.0
18 43.25237936507937 35.0
18 43.309780952380954 34.0
18 43.36501587301587 33.0
18 43.50917698412698 33.0
18 43.77101666666667 33.0
18 44.49725158730159 33.0
18 43.79499444444445 30.0
19 42.42881746031747 34.0
19 42.59835 36.0
19 42.72900317460318 35.0
19 42.77405079365079 34.0
19 42.9751761904762 34.0
19 43.25237936507937 35.0
19 43.309780952380954 34.0
19 43.36501587301587 33.0
19 43.50917698412698 33.0
19 43.77101666666667 33.0
19 44.49725158730159 33.0
19 43.79499444444445 30.0
20 42.42881746031747 34.0
20 42.59835 36.0
20 42.72900317460318 35.0
20 42.77405079365079 34.0
20 42.9751761904762 34.0
20 43.25237936507937 35.0
20 43.309780952380954 34.0
20 43.36501587301587 33.0
20 43.50917698412698 33.0
20 43.77101666666667 33.0
20 44.49725158730159 33.0
20 43.79499444444445 30.0
21 42.14028492063492 37.0
21 42.59519444444445 39.0
21 42.42881746031747 34.0
21 42.72900317460318 35.0
21 42.77405079365079 34.0
21 42.9751761904762 34.0
21 43.309780952380954 34.0
21 44.76452619047619 37.0
21 43.36501587301587 33.0
21 43.77101666666667 33.0
21 44.49725158730159 33.0
21 43.79499444444445 30.0
22 41.44977460317461 37.0
22 41.59771507936508 36.0
22 42.14028492063492 37.0
22 42.82201031746032 39.0
22 42.9010753968254 37.0
22 42.42881746031747 34.0
22 42.77405079365079 34.0
22 43.309780952380954 34.0
22 43.36501587301587 33.0
22 43.77101666666667 33.0
22 44.49725158730159 33.0
22 43.79499444444445 30.0
23 41.44977460317461 37.0
23 41.59771507936508 36.0
23 42.14028492063492 37.0
23 42.66339285714286 37.0
23 42.9010753968254 37.0
23 42.42881746031747 34.0
23 42.77405079365079 34.0
23 43.309780952380954 34.0
23 43.36501587301587 33.0
23 43.77101666666667 33.0
23 44.49725158730159 33.0
23 43.79499444444445 30.0
24 41.44977460317461 37.0
24 41.59771507936508 36.0
24 42.0996738095238 40.0
24 42.14028492063492 37.0
24 42.36259126984127 36.0
24 42.9010753968254 37.0
24 42.42881746031747 34.0
24 42.77405079365079 34.0
24 43.309780952380954 34.0
24 43.36501587301587 33.0
24 43.77101666666667 33.0
24 44.49725158730159 33.0
24 43.79499444444445 30.0
25 41.44977460317461 37.0
25 41.59771507936508 36.0
25 42.10948253968254 38.0
25 42.14028492063492 37.0
25 42.36259126984127 36.0
25 42.9010753968254 37.0
25 42.42881746031747 34.0
25 42.77405079365079 34.0
25 43.116460317460316 34.0
25 43.36501587301587 33.0
25 43.77101666666667 33.0
25 44.49725158730159 33.0
25 43.79499444444445 30.0
26 41.44977460317461 37.0
26 41.59771507936508 36.0
26 42.004080158730154 40.0
26 42.10948253968254 38.0
26 42.14028492063492 37.0
26 42.36259126984127 36.0
26 42.9010753968254 37.0
26 42.22688333333333 33.0
26 42.77405079365079 34.0
26 43.116460317460316 34.0
26 43.36501587301587 33.0
26 43.77101666666667 33.0
26 44.49725158730159 33.0
26 43.79499444444445 30.0
27 41.44977460317461 37.0
27 41.59771507936508 36.0
27 42.004080158730154 40.0
27 42.10948253968254 38.0
27 42.3171365079365 37.0
27 42.36259126984127 36.0
27 42.9010753968254 37.0
27 42.22688333333333 33.0
27 42.77405079365079 34.0
27 43.116460317460316 34.0
27 43.36501587301587 33.0
27 43.77101666666667 33.0
27 44.49725158730159 33.0
27 43.79499444444445 30.0
28 40.875774603174605 36.0
28 41.44977460317461 37.0
28 41.59771507936508 36.0
28 42.10948253968254 38.0
28 42.3171365079365 37.0
28 42.36259126984127 36.0
28 43.47257301587301 38.0
28 42.22688333333333 33.0
28 43.116460317460316 34.0
28 43.36501587301587 33.0
28 43.77101666666667 33.0
28 43.79499444444445 30.0
29 40.875774603174605 36.0
29 41.44977460317461 37.0
29 41.59771507936508 36.0
29 42.10948253968254 38.0
29 42.3171365079365 37.0
29 42.36259126984127 36.0
29 43.14038571428571 36.0
29 42.22688333333333 33.0
29 43.116460317460316 34.0
29 43.36501587301587 33.0
29 43.77101666666667 33.0
29 43.79499444444445 30.0
30 40.875774603174605 36.0
30 41.44977460317461 37.0
30 41.59771507936508 36.0
30 42.10948253968254 38.0
30 42.3171365079365 37.0
30 42.36984682539683 35.0
30 42.407558730158726 35.0
30 42.22688333333333 33.0
30 43.116460317460316 34.0
30 43.36501587301587 33.0
30 43.77101666666667 33.0
30 43.79499444444445 30.0
31 40.875774603174605 36.0
31 41.21804999999999 36.0
31 41.44977460317461 37.0
31 41.59771507936508 36.0
31 42.10948253968254 38.0
31 42.3171365079365 37.0
31 42.36984682539683 35.0
31 43.36337857142857 37.0
31 42.22688333333333 33.0
31 43.116460317460316 34.0
31 43.36501587301587 33.0
31 43.77101666666667 33.0
31 43.79499444444445 30.0
32 40.875774603174605 36.0
32 41.21804999999999 36.0
32 41.44977460317461 37.0
32 41.59771507936508 36.0
32 42.10948253968254 38.0
32 42.3171365079365 37.0
32 42.36984682539683 35.0
32 43.36337857142857 37.0
32 42.22688333333333 33.0
32 43.116460317460316 34.0
32 43.36501587301587 33.0
32 43.77101666666667 33.0
32 43.79499444444445 30.0
33 40.875774603174605 36.0
33 41.21804999999999 36.0
33 41.44977460317461 37.0
33 41.59771507936508 36.0
33 42.10948253968254 38.0
33 42.3171365079365 37.0
33 41.881635714285714 34.0
33 43.36337857142857 37.0
33 42.22688333333333 33.0
33 43.116460317460316 34.0
33 43.36501587301587 33.0
33 43.77101666666667 33.0
33 43.79499444444445 30.0
34 40.875774603174605 36.0
34 41.21804999999999 36.0
34 41.44977460317461 37.0
34 41.59771507936508 36.0
34 42.10948253968254 38.0
34 42.3171365079365 37.0
34 41.881635714285714 34.0
34 43.36337857142857 37.0
34 42.22688333333333 33.0
34 43.116460317460316 34.0
34 43.36501587301587 33.0
34 43.77101666666667 33.0
34 43.79499444444445 30.0
35 40.875774603174605 36.0
35 41.21804999999999 36.0
35 41.44977460317461 37.0
35 41.59771507936508 36.0
35 42.15009126984127 37.0
35 42.31947857142857 37.0
35 41.881635714285714 34.0
35 43.36337857142857 37.0
35 42.22688333333333 33.0
35 43.116460317460316 34.0
35 43.36501587301587 33.0
35 43.77101666666667 33.0
35 43.79499444444445 30.0
36 40.875774603174605 36.0
36 41.21804999999999 36.0
36 41.44977460317461 37.0
36 41.59771507936508 36.0
36 42.15009126984127 37.0
36 42.31947857142857 37.0
36 41.881635714285714 34.0
36 43.36337857142857 37.0
36 42.22688333333333 33.0
36 43.116460317460316 34.0
36 42.55245714285715 32.0
36 43.77101666666667 33.0
36 43.79499444444445 30.0
37 40.875774603174605 36.0
37 41.21804999999999 36.0
37 41.44977460317461 37.0
37 41.59771507936508 36.0
37 42.01289047619048 36.0
37 42.31947857142857 37.0
37 41.881635714285714 34.0
37 43.36337857142857 37.0
37 42.22688333333333 33.0
37 43.116460317460316 34.0
37 42.55245714285715 32.0
37 43.77101666666667 33.0
37 43.79499444444445 30.0
38 40.875774603174605 36.0
38 41.21804999999999 36.0
38 41.44977460317461 37.0
38 41.59771507936508 36.0
38 42.01289047619048 36.0
38 42.31947857142857 37.0
38 41.881635714285714 34.0
38 42.918266666666675 36.0
38 42.22688333333333 33.0
38 43.116460317460316 34.0
38 42.55245714285715 32.0
38 43.77101666666667 33.0
38 43.79499444444445 30.0
39 40.875774603174605 36.0
39 41.100678571428574 35.0
39 41.44977460317461 37.0
39 41.59771507936508 36.0
39 42.01289047619048 36.0
39 42.09863253968254 36.0
39 41.881635714285714 34.0
39 42.81438412698413 35.0
39 42.22688333333333 33.0
39 43.116460317460316 34.0
39 42.55245714285715 32.0
39 43.77101666666667 33.0
39 43.79499444444445 30.0
40 40.875774603174605 36.0
40 41.100678571428574 35.0
40 41.44977460317461 37.0
40 41.59771507936508 36.0
40 41.80449920634922 35.0
40 42.09863253968254 36.0
40 41.881635714285714 34.0
40 42.74082936507935 35.0
40 42.22688333333333 33.0
40 43.116460317460316 34.0
40 42.55245714285715 32.0
40 43.77101666666667 33.0
40 43.79499444444445 30.0
41 40.875774603174605 36.0
41 41.100678571428574 35.0
41 41.29307301587301 35.0
41 41.59771507936508 36.0
41 41.80449920634922 35.0
41 41.881635714285714 34.0
41 43.03045793650793 37.0
41 42.22688333333333 33.0
41 43.116460317460316 34.0
41 42.55245714285715 32.0
41 43.79499444444445 30.0
42 40.875774603174605 36.0
42 41.100678571428574 35.0
42 41.29307301587301 35.0
42 41.59771507936508 36.0
42 41.80449920634922 35.0
42 41.881635714285714 34.0
42 42.53994523809524 35.0
42 42.22688333333333 33.0
42 43.116460317460316 34.0
42 42.55245714285715 32.0
42 43.79499444444445 30.0
43 40.875774603174605 36.0
43 41.100678571428574 35.0
43 41.29307301587301 35.0
43 41.59771507936508 36.0
43 41.80449920634922 35.0
43 41.881635714285714 34.0
43 42.53994523809524 35.0
43 42.22688333333333 33.0
43 43.116460317460316 34.0
43 42.55245714285715 32.0
43 43.79499444444445 30.0
44 40.875774603174605 36.0
44 41.100678571428574 35.0
44 41.29307301587301 35.0
44 41.59771507936508 36.0
44 41.80449920634922 35.0
44 41.881635714285714 34.0
44 42.53994523809524 35.0
44 42.034890476190476 33.0
44 43.116460317460316 34.0
44 42.55245714285715 32.0
44 43.79499444444445 30.0
45 40.875774603174605 36.0
45 41.100678571428574 35.0
45 41.29307301587301 35.0
45 41.59771507936508 36.0
45 41.80449920634922 35.0
45 41.881635714285714 34.0
45 42.53994523809524 35.0
45 42.08887380952381 33.0
45 43.116460317460316 34.0
45 42.55245714285715 32.0
45 43.79499444444445 30.0
46 40.875774603174605 36.0
46 41.100678571428574 35.0
46 41.29307301587301 35.0
46 41.59771507936508 36.0
46 41.80449920634922 35.0
46 41.881635714285714 34.0
46 42.50772301587302 35.0
46 42.08887380952381 33.0
46 43.116460317460316 34.0
46 43.19856428571429 33.0
46 42.55245714285715 32.0
46 43.79499444444445 30.0
47 40.875774603174605 36.0
47 41.100678571428574 35.0
47 41.29307301587301 35.0
47 41.59771507936508 36.0
47 41.80449920634922 35.0
47 41.881635714285714 34.0
47 42.0697880952381 34.0
47 42.08887380952381 33.0
47 43.116460317460316 34.0
47 43.19856428571429 33.0
47 42.55245714285715 32.0
47 43.79499444444445 30.0
48 40.875774603174605 36.0
48 41.100678571428574 35.0
48 41.29307301587301 35.0
48 41.59771507936508 36.0
48 41.80449920634922 35.0
48 41.881635714285714 34.0
48 42.0697880952381 34.0
48 42.08887380952381 33.0
48 43.116460317460316 34.0
48 43.0933007936508 33.0
48 42.55245714285715 32.0
48 43.79499444444445 30.0
49 40.875774603174605 36.0
49 41.100678571428574 35.0
49 41.29307301587301 35.0
49 41.59771507936508 36.0
49 41.80449920634922 35.0
49 41.881635714285714 34.0
49 42.0697880952381 34.0
49 42.08887380952381 33.0
49 43.116460317460316 34.0
49 43.0933007936508 33.0
49 42.55245714285715 32.0
49 43.79499444444445 30.0
50 40.875774603174605 36.0
50 41.100678571428574 35.0
50 41.29307301587301 35.0
50 41.59771507936508 36.0
50 41.80449920634922 35.0
50 41.881635714285714 34.0
50 42.0697880952381 34.0
50 42.08887380952381 33.0
50 43.116460317460316 34.0
50 43.0933007936508 33.0
50 42.55245714285715 32.0
50 43.589016666666666 30.0
51 40.875774603174605 36.0
51 41.100678571428574 35.0
51 41.29307301587301 35.0
51 41.59771507936508 36.0
51 41.80449920634922 35.0
51 41.881635714285714 34.0
51 43.61783968253968 37.0
51 42.08887380952381 33.0
51 43.116460317460316 34.0
51 42.55245714285715 32.0
51 43.589016666666666 30.0
52 40.875774603174605 36.0
52 41.100678571428574 35.0
52 41.29307301587301 35.0
52 41.59771507936508 36.0
52 42.370237301587295 39.0
52 41.80449920634922 35.0
52 41.881635714285714 34.0
52 43.61783968253968 37.0
52 42.08887380952381 33.0
52 43.116460317460316 34.0
52 42.55245714285715 32.0
52 44.45419523809524 34.0
52 43.589016666666666 30.0
53 40.875774603174605 36.0
53 41.100678571428574 35.0
53 41.29307301587301 35.0
53 41.59771507936508 36.0
53 42.370237301587295 39.0
53 41.80449920634922 35.0
53 41.881635714285714 34.0
53 43.29972857142857 37.0
53 42.08887380952381 33.0
53 43.116460317460316 34.0
53 42.55245714285715 32.0
53 44.45419523809524 34.0
53 43.589016666666666 30.0
54 40.875774603174605 36.0
54 41.100678571428574 35.0
54 41.29307301587301 35.0
54 41.59771507936508 36.0
54 41.883115079365076 37.0
54 41.80449920634922 35.0
54 41.881635714285714 34.0
54 43.29972857142857 37.0
54 42.08887380952381 33.0
54 43.116460317460316 34.0
54 42.55245714285715 32.0
54 44.45419523809524 34.0
54 43.589016666666666 30.0
55 40.875774603174605 36.0
55 41.100678571428574 35.0
55 41.29307301587301 35.0
55 41.59771507936508 36.0
55 41.883115079365076 37.0
55 41.80449920634922 35.0
55 41.881635714285714 34.0
55 43.12776746031746 36.0
55 42.08887380952381 33.0
55 43.116460317460316 34.0
55 42.55245714285715 32.0
55 44.45419523809524 34.0
55 43.589016666666666 30.0
56 40.875774603174605 36.0
56 41.100678571428574 35.0
56 41.29307301587301 35.0
56 41.59771507936508 36.0
56 41.883115079365076 37.0
56 41.80449920634922 35.0
56 41.881635714285714 34.0
56 43.12776746031746 36.0
56 42.08887380952381 33.0
56 43.116460317460316 34.0
56 42.55245714285715 32.0
56 44.45419523809524 34.0
56 43.589016666666666 30.0
57 40.875774603174605 36.0
57 41.100678571428574 35.0
57 41.29307301587301 35.0
57 41.59771507936508 36.0
57 41.883115079365076 37.0
57 41.807985714285714 35.0
57 41.881635714285714 34.0
57 43.12776746031746 36.0
57 42.08887380952381 33.0
57 43.116460317460316 34.0
57 42.55245714285715 32.0
57 44.45419523809524 34.0
57 43.589016666666666 30.0
58 40.875774603174605 36.0
58 41.100678571428574 35.0
58 41.29307301587301 35.0
58 41.59771507936508 36.0
58 41.883115079365076 37.0
58 41.807985714285714 35.0
58 41.881635714285714 34.0
58 42.758272222222224 35.0
58 42.08887380952381 33.0
58 43.116460317460316 34.0
58 42.55245714285715 32.0
58 44.45419523809524 34.0
58 43.589016666666666 30.0
59 40.875774603174605 36.0
59 41.100678571428574 35.0
59 41.29307301587301 35.0
59 41.59771507936508 36.0
59 41.883115079365076 37.0
59 41.807985714285714 35.0
59 41.881635714285714 34.0
59 42.758272222222224 35.0
59 42.08887380952381 33.0
59 43.116460317460316 34.0
59 42.55245714285715 32.0
59 44.45419523809524 34.0
59 43.589016666666666 30.0
60 40.875774603174605 36.0
60 41.100678571428574 35.0
60 41.29307301587301 35.0
60 41.59771507936508 36.0
60 41.883115079365076 37.0
60 41.807985714285714 35.0
60 41.881635714285714 34.0
60 42.758272222222224 35.0
60 42.08887380952381 33.0
60 43.116460317460316 34.0
60 42.55245714285715 32.0
60 44.67918412698412 34.0
60 43.589016666666666 30.0
61 40.875774603174605 36.0
61 41.100678571428574 35.0
61 41.29307301587301 35.0
61 41.59771507936508 36.0
61 41.807985714285714 35.0
61 41.881635714285714 34.0
61 42.853673809523805 36.0
61 42.08887380952381 33.0
61 43.116460317460316 34.0
61 44.511261904761916 35.0
61 42.55245714285715 32.0
61 43.589016666666666 30.0
62 40.875774603174605 36.0
62 41.100678571428574 35.0
62 41.29307301587301 35.0
62 41.59771507936508 36.0
62 41.807985714285714 35.0
62 41.881635714285714 34.0
62 42.853673809523805 36.0
62 42.08887380952381 33.0
62 43.116460317460316 34.0
62 44.398391269841255 35.0
62 42.55245714285715 32.0
62 43.589016666666666 30.0
63 40.875774603174605 36.0
63 41.100678571428574 35.0
63 41.29307301587301 35.0
63 41.59771507936508 36.0
63 41.807985714285714 35.0
63 41.881635714285714 34.0
63 42.853673809523805 36.0
63 42.08887380952381 33.0
63 43.116460317460316 34.0
63 44.398391269841255 35.0
63 42.55245714285715 32.0
63 43.589016666666666 30.0
64 40.875774603174605 36.0
64 41.100678571428574 35.0
64 41.29307301587301 35.0
64 41.59771507936508 36.0
64 41.807985714285714 35.0
64 41.881635714285714 34.0
64 42.853673809523805 36.0
64 42.08887380952381 33.0
64 43.116460317460316 34.0
64 44.398391269841255 35.0
64 42.55245714285715 32.0
64 43.589016666666666 30.0
65 40.875774603174605 36.0
65 41.100678571428574 35.0
65 41.29307301587301 35.0
65 41.59771507936508 36.0
65 41.807985714285714 35.0
65 41.881635714285714 34.0
65 42.853673809523805 36.0
65 42.08887380952381 33.0
65 43.116460317460316 34.0
65 44.398391269841255 35.0
65 42.55245714285715 32.0
65 43.589016666666666 30.0
66 40.875774603174605 36.0
66 41.100678571428574 35.0
66 41.29307301587301 35.0
66 41.59771507936508 36.0
66 41.807985714285714 35.0
66 41.881635714285714 34.0
66 42.853673809523805 36.0
66 42.08887380952381 33.0
66 43.116460317460316 34.0
66 44.398391269841255 35.0
66 42.55245714285715 32.0
66 43.589016666666666 30.0
67 40.875774603174605 36.0
67 41.100678571428574 35.0
67 41.29307301587301 35.0
67 41.59771507936508 36.0
67 41.807985714285714 35.0
67 41.881635714285714 34.0
67 42.853673809523805 36.0
67 42.08887380952381 33.0
67 43.116460317460316 34.0
67 44.398391269841255 35.0
67 42.55245714285715 32.0
67 43.589016666666666 30.0
68 40.875774603174605 36.0
68 41.100678571428574 35.0
68 41.29307301587301 35.0
68 41.59771507936508 36.0
68 41.807985714285714 35.0
68 41.881635714285714 34.0
68 42.853673809523805 36.0
68 42.08887380952381 33.0
68 43.116460317460316 34.0
68 44.398391269841255 35.0
68 42.55245714285715 32.0
68 43.589016666666666 30.0
69 40.875774603174605 36.0
69 41.100678571428574 35.0
69 41.29307301587301 35.0
69 41.59771507936508 36.0
69 41.807985714285714 35.0
69 41.881635714285714 34.0
69 42.853673809523805 36.0
69 42.08887380952381 33.0
69 43.116460317460316 34.0
69 44.398391269841255 35.0
69 42.55245714285715 32.0
69 43.589016666666666 30.0
70 40.875774603174605 36.0
70 41.100678571428574 35.0
70 41.29307301587301 35.0
70 41.59771507936508 36.0
70 41.807985714285714 35.0
70 41.881635714285714 34.0
70 42.853673809523805 36.0
70 42.08887380952381 33.0
70 43.116460317460316 34.0
70 44.398391269841255 35.0
70 42.55245714285715 32.0
70 43.589016666666666 30.0
71 40.875774603174605 36.0
71 41.100678571428574 35.0
71 41.29307301587301 35.0
71 41.59771507936508 36.0
71 41.807985714285714 35.0
71 41.881635714285714 34.0
71 42.853673809523805 36.0
71 42.08887380952381 33.0
71 43.116460317460316 34.0
71 42.55245714285715 32.0
71 43.589016666666666 30.0
72 40.875774603174605 36.0
72 41.100678571428574 35.0
72 41.29307301587301 35.0
72 41.59771507936508 36.0
72 41.807985714285714 35.0
72 41.881635714285714 34.0
72 42.853673809523805 36.0
72 42.08887380952381 33.0
72 43.116460317460316 34.0
72 42.55245714285715 32.0
72 43.589016666666666 30.0
73 40.875774603174605 36.0
73 41.100678571428574 35.0
73 41.29307301587301 35.0
73 41.59771507936508 36.0
73 41.807985714285714 35.0
73 41.881635714285714 34.0
73 42.853673809523805 36.0
73 42.08887380952381 33.0
73 43.116460317460316 34.0
73 42.55245714285715 32.0
73 43.589016666666666 30.0
74 40.875774603174605 36.0
74 41.100678571428574 35.0
74 41.29307301587301 35.0
74 41.59771507936508 36.0
74 41.807985714285714 35.0
74 41.881635714285714 34.0
74 42.853673809523805 36.0
74 42.08887380952381 33.0
74 43.116460317460316 34.0
74 42.55245714285715 32.0
74 43.589016666666666 30.0
75 40.875774603174605 36.0
75 41.100678571428574 35.0
75 41.29307301587301 35.0
75 41.59771507936508 36.0
75 41.807985714285714 35.0
75 41.881635714285714 34.0
75 42.853673809523805 36.0
75 42.08887380952381 33.0
75 43.116460317460316 34.0
75 42.55245714285715 32.0
75 43.589016666666666 30.0
76 40.875774603174605 36.0
76 41.100678571428574 35.0
76 41.29307301587301 35.0
76 41.59771507936508 36.0
76 41.807985714285714 35.0
76 41.881635714285714 34.0
76 42.853673809523805 36.0
76 42.08887380952381 33.0
76 43.116460317460316 34.0
76 42.55245714285715 32.0
76 43.589016666666666 30.0
77 40.875774603174605 36.0
77 41.100678571428574 35.0
77 41.29307301587301 35.0
77 41.59771507936508 36.0
77 41.807985714285714 35.0
77 41.881635714285714 34.0
77 42.853673809523805 36.0
77 42.08887380952381 33.0
77 43.116460317460316 34.0
77 42.55245714285715 32.0
77 43.589016666666666 30.0
78 40.875774603174605 36.0
78 41.100678571428574 35.0
78 41.29307301587301 35.0
78 41.59771507936508 36.0
78 41.807985714285714 35.0
78 41.881635714285714 34.0
78 42.853673809523805 36.0
78 42.08887380952381 33.0
78 43.116460317460316 34.0
78 42.55245714285715 32.0
78 43.589016666666666 30.0
79 40.875774603174605 36.0
79 41.100678571428574 35.0
79 41.29307301587301 35.0
79 41.59771507936508 36.0
79 41.807985714285714 35.0
79 41.881635714285714 34.0
79 42.853673809523805 36.0
79 42.08887380952381 33.0
79 43.116460317460316 34.0
79 42.55245714285715 32.0
79 43.589016666666666 30.0
80 40.875774603174605 36.0
80 41.100678571428574 35.0
80 41.29307301587301 35.0
80 41.59771507936508 36.0
80 41.807985714285714 35.0
80 41.881635714285714 34.0
80 42.853673809523805 36.0
80 42.08887380952381 33.0
80 43.116460317460316 34.0
80 42.55245714285715 32.0
80 43.589016666666666 30.0
81 40.875774603174605 36.0
81 41.100678571428574 35.0
81 41.29307301587301 35.0
81 41.59771507936508 36.0
81 42.657115079365084 41.0
81 41.807985714285714 35.0
81 41.881635714285714 34.0
81 42.853673809523805 36.0
81 42.08887380952381 33.0
81 43.116460317460316 34.0
81 42.55245714285715 32.0
81 43.589016666666666 30.0
82 40.875774603174605 36.0
82 41.100678571428574 35.0
82 41.29307301587301 35.0
82 41.59771507936508 36.0
82 42.358661111111104 39.0
82 41.807985714285714 35.0
82 41.881635714285714 34.0
82 42.853673809523805 36.0
82 42.08887380952381 33.0
82 43.116460317460316 34.0
82 42.55245714285715 32.0
82 43.589016666666666 30.0
83 40.875774603174605 36.0
83 41.100678571428574 35.0
83 41.29307301587301 35.0
83 41.59771507936508 36.0
83 42.358661111111104 39.0
83 41.807985714285714 35.0
83 41.881635714285714 34.0
83 42.853673809523805 36.0
83 42.08887380952381 33.0
83 43.116460317460316 34.0
83 42.55245714285715 32.0
83 43.589016666666666 30.0
84 40.875774603174605 36.0
84 41.100678571428574 35.0
84 41.29307301587301 35.0
84 41.59771507936508 36.0
84 42.358661111111104 39.0
84 41.807985714285714 35.0
84 41.881635714285714 34.0
84 42.853673809523805 36.0
84 42.08887380952381 33.0
84 43.116460317460316 34.0
84 42.55245714285715 32.0
84 43.589016666666666 30.0
85 40.875774603174605 36.0
85 41.100678571428574 35.0
85 41.29307301587301 35.0
85 41.59771507936508 36.0
85 42.358661111111104 39.0
85 41.807985714285714 35.0
85 41.881635714285714 34.0
85 42.853673809523805 36.0
85 42.08887380952381 33.0
85 43.116460317460316 34.0
85 42.55245714285715 32.0
85 43.589016666666666 30.0
86 40.875774603174605 36.0
86 41.100678571428574 35.0
86 41.29307301587301 35.0
86 41.59771507936508 36.0
86 42.358661111111104 39.0
86 41.807985714285714 35.0
86 41.881635714285714 34.0
86 42.853673809523805 36.0
86 42.08887380952381 33.0
86 43.116460317460316 34.0
86 42.55245714285715 32.0
86 43.589016666666666 30.0
87 40.875774603174605 36.0
87 41.100678571428574 35.0
87 41.29307301587301 35.0
87 41.59771507936508 36.0
87 42.358661111111104 39.0
87 41.807985714285714 35.0
87 41.881635714285714 34.0
87 42.853673809523805 36.0
87 42.08887380952381 33.0
87 43.116460317460316 34.0
87 42.55245714285715 32.0
87 43.589016666666666 30.0
88 40.875774603174605 36.0
88 41.100678571428574 35.0
88 41.29307301587301 35.0
88 41.59771507936508 36.0
88 42.358661111111104 39.0
88 41.807985714285714 35.0
88 41.881635714285714 34.0
88 42.853673809523805 36.0
88 42.08887380952381 33.0
88 43.116460317460316 34.0
88 42.55245714285715 32.0
88 46.47848095238095 36.0
88 43.589016666666666 30.0
89 40.875774603174605 36.0
89 41.100678571428574 35.0
89 41.29307301587301 35.0
89 41.59771507936508 36.0
89 42.358661111111104 39.0
89 41.807985714285714 35.0
89 41.881635714285714 34.0
89 42.853673809523805 36.0
89 42.08887380952381 33.0
89 43.116460317460316 34.0
89 42.55245714285715 32.0
89 46.47848095238095 36.0
89 43.589016666666666 30.0
90 40.875774603174605 36.0
90 41.100678571428574 35.0
90 41.29307301587301 35.0
90 41.59771507936508 36.0
90 42.358661111111104 39.0
90 41.807985714285714 35.0
90 41.881635714285714 34.0
90 42.853673809523805 36.0
90 42.08887380952381 33.0
90 43.116460317460316 34.0
90 42.55245714285715 32.0
90 46.47848095238095 36.0
90 43.589016666666666 30.0
91 40.875774603174605 36.0
91 41.100678571428574 35.0
91 41.29307301587301 35.0
91 41.59771507936508 36.0
91 41.807985714285714 35.0
91 41.881635714285714 34.0
91 42.08887380952381 33.0
91 44.1368626984127 37.0
91 43.116460317460316 34.0
91 42.55245714285715 32.0
91 46.47848095238095 36.0
91 43.589016666666666 30.0
92 40.875774603174605 36.0
92 41.100678571428574 35.0
92 41.29307301587301 35.0
92 41.59771507936508 36.0
92 41.807985714285714 35.0
92 41.881635714285714 34.0
92 42.08887380952381 33.0
92 44.1368626984127 37.0
92 43.116460317460316 34.0
92 42.55245714285715 32.0
92 46.47848095238095 36.0
92 43.589016666666666 30.0
93 40.875774603174605 36.0
93 41.100678571428574 35.0
93 41.29307301587301 35.0
93 41.59771507936508 36.0
93 41.807985714285714 35.0
93 41.881635714285714 34.0
93 42.08887380952381 33.0
93 44.1368626984127 37.0
93 43.116460317460316 34.0
93 42.55245714285715 32.0
93 46.47848095238095 36.0
93 43.589016666666666 30.0
94 40.875774603174605 36.0
94 41.100678571428574 35.0
94 41.29307301587301 35.0
94 41.59771507936508 36.0
94 41.807985714285714 35.0
94 41.881635714285714 34.0
94 42.08887380952381 33.0
94 44.1368626984127 37.0
94 43.116460317460316 34.0
94 42.55245714285715 32.0
94 46.47848095238095 36.0
94 43.589016666666666 30.0
95 40.875774603174605 36.0
95 41.100678571428574 35.0
95 41.29307301587301 35.0
95 41.59771507936508 36.0
95 41.807985714285714 35.0
95 41.881635714285714 34.0
95 42.08887380952381 33.0
95 44.1368626984127 37.0
95 43.116460317460316 34.0
95 42.55245714285715 32.0
95 46.47848095238095 36.0
95 43.589016666666666 30.0
96 40.875774603174605 36.0
96 41.100678571428574 35.0
96 41.29307301587301 35.0
96 41.59771507936508 36.0
96 41.807985714285714 35.0
96 41.881635714285714 34.0
96 42.08887380952381 33.0
96 44.1368626984127 37.0
96 43.116460317460316 34.0
96 42.55245714285715 32.0
96 46.47848095238095 36.0
96 43.589016666666666 30.0
97 40.875774603174605 36.0
97 41.100678571428574 35.0
97 41.29307301587301 35.0
97 41.59771507936508 36.0
97 41.807985714285714 35.0
97 41.881635714285714 34.0
97 42.08887380952381 33.0
97 44.1368626984127 37.0
97 43.116460317460316 34.0
97 42.55245714285715 32.0
97 46.47848095238095 36.0
97 45.67388333333332 34.0
97 43.589016666666666 30.0
98 40.875774603174605 36.0
98 41.100678571428574 35.0
98 41.29307301587301 35.0
98 41.59771507936508 36.0
98 41.807985714285714 35.0
98 41.881635714285714 34.0
98 42.08887380952381 33.0
98 44.1368626984127 37.0
98 43.116460317460316 34.0
98 42.55245714285715 32.0
98 46.47848095238095 36.0
98 45.67388333333332 34.0
98 43.589016666666666 30.0
99 40.875774603174605 36.0
99 41.100678571428574 35.0
99 41.29307301587301 35.0
99 41.59771507936508 36.0
99 41.807985714285714 35.0
99 41.881635714285714 34.0
99 42.08887380952381 33.0
99 44.20748095238095 37.0
99 43.116460317460316 34.0
99 42.55245714285715 32.0
99 46.47848095238095 36.0
99 45.67388333333332 34.0
99 43.589016666666666 30.0
100 40.875774603174605 36.0
100 41.100678571428574 35.0
100 41.29307301587301 35.0
100 41.59771507936508 36.0
100 41.807985714285714 35.0
100 41.881635714285714 34.0
100 42.08887380952381 33.0
100 44.20748095238095 37.0
100 43.116460317460316 34.0
100 42.55245714285715 32.0
100 46.47848095238095 36.0
100 45.67388333333332 34.0
100 43.589016666666666 30.0
