1 44.87858968253968 33.0
1 43.147243650793655 34.0
1 42.97808650793652 41.0
2 44.87858968253968 33.0
2 43.147243650793655 34.0
2 42.97808650793652 41.0
2 43.044219047619045 38.0
3 44.87858968253968 33.0
3 42.97808650793652 41.0
3 43.044219047619045 38.0
3 43.08296507936509 34.0
4 44.87858968253968 33.0
4 43.08296507936509 34.0
4 42.92330476190477 38.0
4 42.320552380952385 40.0
5 44.87858968253968 33.0
5 43.08296507936509 34.0
5 42.580808730158736 35.0
5 41.9229134920635 36.0
6 43.08296507936509 34.0
6 42.580808730158736 35.0
6 41.9229134920635 36.0
6 44.393953174603176 32.0
6 41.76620238095238 39.0
7 43.08296507936509 34.0
7 42.580808730158736 35.0
7 41.9229134920635 36.0
7 44.393953174603176 32.0
7 41.76620238095238 39.0
8 43.08296507936509 34.0
8 42.580808730158736 35.0
8 41.9229134920635 36.0
8 44.393953174603176 32.0
8 41.76620238095238 39.0
9 43.08296507936509 34.0
9 41.9229134920635 36.0
9 44.393953174603176 32.0
9 41.90960873015872 37.0
9 41.72535238095238 38.0
9 42.42024047619047 35.0
10 43.08296507936509 34.0
10 44.393953174603176 32.0
10 42.42024047619047 35.0
10 41.024565873015874 36.0
11 43.08296507936509 34.0
11 44.393953174603176 32.0
11 42.42024047619047 35.0
11 41.024565873015874 36.0
12 43.08296507936509 34.0
12 44.393953174603176 32.0
12 41.024565873015874 36.0
12 42.33315 35.0
13 44.393953174603176 32.0
13 41.024565873015874 36.0
13 42.054695238095235 34.0
14 44.393953174603176 32.0
14 41.024565873015874 36.0
14 42.054695238095235 34.0
14 40.996518253968254 37.0
15 44.393953174603176 32.0
15 41.024565873015874 36.0
15 40.996518253968254 37.0
15 41.782339682539686 34.0
16 44.393953174603176 32.0
16 41.024565873015874 36.0
16 40.996518253968254 37.0
16 41.782339682539686 34.0
17 44.393953174603176 32.0
17 40.87086984126984 34.0
18 44.393953174603176 32.0
18 40.87086984126984 34.0
18 40.51856111111111 37.0
19 44.393953174603176 32.0
19 40.87086984126984 34.0
19 40.51856111111111 37.0
19 42.55175476190476 33.0
20 44.393953174603176 32.0
20 40.87086984126984 34.0
20 40.51856111111111 37.0
20 42.10964841269842 33.0
21 44.393953174603176 32.0
21 40.87086984126984 34.0
21 40.51856111111111 37.0
21 42.10964841269842 33.0
22 44.393953174603176 32.0
22 40.87086984126984 34.0
22 40.51856111111111 37.0
22 40.5609992063492 36.0
22 41.09985238095238 33.0
23 44.393953174603176 32.0
23 40.87086984126984 34.0
23 40.51856111111111 37.0
23 40.5609992063492 36.0
23 41.09985238095238 33.0
24 44.393953174603176 32.0
24 40.87086984126984 34.0
24 40.51856111111111 37.0
24 40.5609992063492 36.0
24 41.09985238095238 33.0
25 44.393953174603176 32.0
25 40.87086984126984 34.0
25 40.51856111111111 37.0
25 40.5609992063492 36.0
25 41.09985238095238 33.0
26 44.393953174603176 32.0
26 40.87086984126984 34.0
26 40.51856111111111 37.0
26 40.5609992063492 36.0
26 41.09985238095238 33.0
27 44.393953174603176 32.0
27 40.87086984126984 34.0
27 40.51856111111111 37.0
27 40.5609992063492 36.0
27 41.09985238095238 33.0
28 44.393953174603176 32.0
28 40.87086984126984 34.0
28 40.51856111111111 37.0
28 40.5609992063492 36.0
28 41.09985238095238 33.0
29 44.393953174603176 32.0
29 40.87086984126984 34.0
29 40.51856111111111 37.0
29 40.5609992063492 36.0
29 41.09985238095238 33.0
30 40.87086984126984 34.0
30 40.51856111111111 37.0
30 40.5609992063492 36.0
30 41.09985238095238 33.0
30 41.71150238095239 31.0
31 40.87086984126984 34.0
31 40.51856111111111 37.0
31 40.5609992063492 36.0
31 41.71150238095239 31.0
31 40.91815079365079 33.0
32 40.87086984126984 34.0
32 40.51856111111111 37.0
32 40.5609992063492 36.0
32 41.71150238095239 31.0
32 40.91815079365079 33.0
33 40.87086984126984 34.0
33 40.51856111111111 37.0
33 40.5609992063492 36.0
33 41.71150238095239 31.0
33 40.91815079365079 33.0
33 41.38172698412698 32.0
34 40.87086984126984 34.0
34 41.71150238095239 31.0
34 40.91815079365079 33.0
34 41.38172698412698 32.0
34 40.51944920634921 36.0
34 40.35306349206349 37.0
35 40.87086984126984 34.0
35 41.71150238095239 31.0
35 40.91815079365079 33.0
35 41.38172698412698 32.0
35 40.51944920634921 36.0
35 40.35306349206349 37.0
35 40.27612063492064 39.0
36 40.87086984126984 34.0
36 41.71150238095239 31.0
36 40.91815079365079 33.0
36 41.38172698412698 32.0
36 40.51944920634921 36.0
36 40.35306349206349 37.0
36 40.27612063492064 39.0
37 40.87086984126984 34.0
37 41.71150238095239 31.0
37 40.91815079365079 33.0
37 41.38172698412698 32.0
37 40.51944920634921 36.0
37 40.35306349206349 37.0
37 40.27612063492064 39.0
37 40.66627857142856 35.0
38 41.71150238095239 31.0
38 40.91815079365079 33.0
38 41.38172698412698 32.0
38 40.51944920634921 36.0
38 40.35306349206349 37.0
38 40.27612063492064 39.0
38 40.66627857142856 35.0
38 40.740651587301585 34.0
39 41.71150238095239 31.0
39 40.91815079365079 33.0
39 41.38172698412698 32.0
39 40.27612063492064 39.0
39 40.66627857142856 35.0
39 40.740651587301585 34.0
39 40.27762936507936 36.0
40 41.71150238095239 31.0
40 40.91815079365079 33.0
40 41.38172698412698 32.0
40 40.27612063492064 39.0
40 40.66627857142856 35.0
40 40.740651587301585 34.0
40 40.27762936507936 36.0
41 41.71150238095239 31.0
41 41.38172698412698 32.0
41 40.27612063492064 39.0
41 40.740651587301585 34.0
41 40.27762936507936 36.0
41 40.884054761904764 33.0
41 40.283233333333335 35.0
42 41.71150238095239 31.0
42 41.38172698412698 32.0
42 40.27612063492064 39.0
42 40.27762936507936 36.0
42 40.283233333333335 35.0
42 40.412705555555554 33.0
43 41.71150238095239 31.0
43 41.38172698412698 32.0
43 40.27612063492064 39.0
43 40.27762936507936 36.0
43 40.283233333333335 35.0
43 40.412705555555554 33.0
44 41.71150238095239 31.0
44 41.38172698412698 32.0
44 40.283233333333335 35.0
44 40.412705555555554 33.0
44 39.44233333333333 36.0
45 41.71150238095239 31.0
45 41.38172698412698 32.0
45 40.283233333333335 35.0
45 40.412705555555554 33.0
45 39.44233333333333 36.0
46 41.71150238095239 31.0
46 41.38172698412698 32.0
46 40.412705555555554 33.0
46 39.44233333333333 36.0
46 40.22158492063492 35.0
47 41.71150238095239 31.0
47 41.38172698412698 32.0
47 40.412705555555554 33.0
47 39.44233333333333 36.0
47 40.22158492063492 35.0
48 41.71150238095239 31.0
48 41.38172698412698 32.0
48 40.412705555555554 33.0
48 39.44233333333333 36.0
48 40.22158492063492 35.0
48 42.77960952380952 30.0
49 41.71150238095239 31.0
49 41.38172698412698 32.0
49 40.412705555555554 33.0
49 39.44233333333333 36.0
49 40.22158492063492 35.0
49 42.77960952380952 30.0
50 41.71150238095239 31.0
50 41.38172698412698 32.0
50 40.412705555555554 33.0
50 39.44233333333333 36.0
50 40.22158492063492 35.0
50 42.77960952380952 30.0
51 41.71150238095239 31.0
51 41.38172698412698 32.0
51 40.412705555555554 33.0
51 39.44233333333333 36.0
51 42.77960952380952 30.0
51 40.210792063492065 34.0
52 41.71150238095239 31.0
52 40.412705555555554 33.0
52 39.44233333333333 36.0
52 42.77960952380952 30.0
52 40.210792063492065 34.0
52 41.36070555555556 32.0
53 41.71150238095239 31.0
53 40.412705555555554 33.0
53 39.44233333333333 36.0
53 42.77960952380952 30.0
53 40.210792063492065 34.0
53 41.36070555555556 32.0
54 41.71150238095239 31.0
54 40.412705555555554 33.0
54 39.44233333333333 36.0
54 42.77960952380952 30.0
54 40.210792063492065 34.0
54 41.36070555555556 32.0
55 41.71150238095239 31.0
55 40.412705555555554 33.0
55 39.44233333333333 36.0
55 42.77960952380952 30.0
55 40.210792063492065 34.0
55 41.36070555555556 32.0
56 41.71150238095239 31.0
56 40.412705555555554 33.0
56 39.44233333333333 36.0
56 42.77960952380952 30.0
56 40.210792063492065 34.0
56 41.36070555555556 32.0
57 41.71150238095239 31.0
57 40.412705555555554 33.0
57 39.44233333333333 36.0
57 42.77960952380952 30.0
57 40.210792063492065 34.0
57 41.36070555555556 32.0
58 41.71150238095239 31.0
58 40.412705555555554 33.0
58 39.44233333333333 36.0
58 42.77960952380952 30.0
58 40.210792063492065 34.0
58 41.36070555555556 32.0
59 41.71150238095239 31.0
59 40.412705555555554 33.0
59 39.44233333333333 36.0
59 42.77960952380952 30.0
59 40.210792063492065 34.0
59 40.95797857142857 32.0
60 41.71150238095239 31.0
60 40.412705555555554 33.0
60 39.44233333333333 36.0
60 42.77960952380952 30.0
60 40.210792063492065 34.0
60 40.95797857142857 32.0
61 41.71150238095239 31.0
61 40.412705555555554 33.0
61 39.44233333333333 36.0
61 42.77960952380952 30.0
61 40.210792063492065 34.0
61 40.95797857142857 32.0
62 41.71150238095239 31.0
62 40.412705555555554 33.0
62 39.44233333333333 36.0
62 42.77960952380952 30.0
62 40.210792063492065 34.0
62 40.95797857142857 32.0
63 41.71150238095239 31.0
63 40.412705555555554 33.0
63 39.44233333333333 36.0
63 42.77960952380952 30.0
63 40.210792063492065 34.0
63 40.95797857142857 32.0
64 41.71150238095239 31.0
64 40.412705555555554 33.0
64 39.44233333333333 36.0
64 42.77960952380952 30.0
64 40.210792063492065 34.0
64 40.95797857142857 32.0
65 41.71150238095239 31.0
65 40.412705555555554 33.0
65 39.44233333333333 36.0
65 42.77960952380952 30.0
65 40.210792063492065 34.0
65 40.95797857142857 32.0
66 41.71150238095239 31.0
66 40.412705555555554 33.0
66 39.44233333333333 36.0
66 42.77960952380952 30.0
66 40.210792063492065 34.0
66 40.95797857142857 32.0
67 41.71150238095239 31.0
67 39.44233333333333 36.0
67 42.77960952380952 30.0
67 40.95797857142857 32.0
67 40.18017777777778 33.0
68 41.71150238095239 31.0
68 39.44233333333333 36.0
68 40.95797857142857 32.0
68 40.18017777777778 33.0
68 39.37398650793651 38.0
68 42.7346873015873 30.0
69 41.71150238095239 31.0
69 39.44233333333333 36.0
69 40.95797857142857 32.0
69 40.18017777777778 33.0
69 39.37398650793651 38.0
69 42.7346873015873 30.0
70 41.71150238095239 31.0
70 39.44233333333333 36.0
70 40.95797857142857 32.0
70 40.18017777777778 33.0
70 39.37398650793651 38.0
70 42.7346873015873 30.0
71 41.71150238095239 31.0
71 39.44233333333333 36.0
71 40.95797857142857 32.0
71 40.18017777777778 33.0
71 39.37398650793651 38.0
71 42.7346873015873 30.0
72 41.71150238095239 31.0
72 39.44233333333333 36.0
72 40.95797857142857 32.0
72 40.18017777777778 33.0
72 39.37398650793651 38.0
72 42.7346873015873 30.0
73 41.71150238095239 31.0
73 39.44233333333333 36.0
73 40.95797857142857 32.0
73 40.18017777777778 33.0
73 39.37398650793651 38.0
73 42.7346873015873 30.0
74 41.71150238095239 31.0
74 39.44233333333333 36.0
74 40.95797857142857 32.0
74 40.18017777777778 33.0
74 39.37398650793651 38.0
74 42.7346873015873 30.0
75 41.71150238095239 31.0
75 39.44233333333333 36.0
75 40.95797857142857 32.0
75 40.18017777777778 33.0
75 39.37398650793651 38.0
75 42.7346873015873 30.0
76 41.71150238095239 31.0
76 39.44233333333333 36.0
76 40.95797857142857 32.0
76 40.18017777777778 33.0
76 39.37398650793651 38.0
76 42.7346873015873 30.0
77 41.71150238095239 31.0
77 39.44233333333333 36.0
77 40.95797857142857 32.0
77 40.18017777777778 33.0
77 39.37398650793651 38.0
77 42.7346873015873 30.0
78 41.71150238095239 31.0
78 39.44233333333333 36.0
78 40.95797857142857 32.0
78 40.18017777777778 33.0
78 39.37398650793651 38.0
78 42.7346873015873 30.0
79 41.71150238095239 31.0
79 39.44233333333333 36.0
79 40.95797857142857 32.0
79 40.18017777777778 33.0
79 39.37398650793651 38.0
79 42.7346873015873 30.0
80 41.71150238095239 31.0
80 39.44233333333333 36.0
80 40.95797857142857 32.0
80 40.18017777777778 33.0
80 39.37398650793651 38.0
80 42.7346873015873 30.0
81 41.71150238095239 31.0
81 39.44233333333333 36.0
81 40.95797857142857 32.0
81 40.18017777777778 33.0
81 39.37398650793651 38.0
81 42.7346873015873 30.0
82 41.71150238095239 31.0
82 39.44233333333333 36.0
82 40.95797857142857 32.0
82 40.18017777777778 33.0
82 39.37398650793651 38.0
82 42.7346873015873 30.0
83 41.71150238095239 31.0
83 39.44233333333333 36.0
83 40.95797857142857 32.0
83 40.18017777777778 33.0
83 39.37398650793651 38.0
83 42.7346873015873 30.0
84 41.71150238095239 31.0
84 39.44233333333333 36.0
84 40.95797857142857 32.0
84 40.18017777777778 33.0
84 39.37398650793651 38.0
84 42.7346873015873 30.0
85 41.71150238095239 31.0
85 39.44233333333333 36.0
85 40.95797857142857 32.0
85 40.18017777777778 33.0
85 39.37398650793651 38.0
85 42.7346873015873 30.0
86 41.71150238095239 31.0
86 39.44233333333333 36.0
86 40.95797857142857 32.0
86 40.18017777777778 33.0
86 39.37398650793651 38.0
86 42.7346873015873 30.0
87 41.71150238095239 31.0
87 39.44233333333333 36.0
87 40.95797857142857 32.0
87 40.18017777777778 33.0
87 39.37398650793651 38.0
87 42.7346873015873 30.0
88 41.71150238095239 31.0
88 39.44233333333333 36.0
88 40.95797857142857 32.0
88 40.18017777777778 33.0
88 39.37398650793651 38.0
88 42.7346873015873 30.0
89 41.71150238095239 31.0
89 39.44233333333333 36.0
89 40.95797857142857 32.0
89 40.18017777777778 33.0
89 39.37398650793651 38.0
89 42.7346873015873 30.0
90 41.71150238095239 31.0
90 39.44233333333333 36.0
90 40.95797857142857 32.0
90 40.18017777777778 33.0
90 39.37398650793651 38.0
90 42.7346873015873 30.0
91 41.71150238095239 31.0
91 39.44233333333333 36.0
91 40.95797857142857 32.0
91 40.18017777777778 33.0
91 39.37398650793651 38.0
91 42.7346873015873 30.0
92 41.71150238095239 31.0
92 39.44233333333333 36.0
92 40.95797857142857 32.0
92 40.18017777777778 33.0
92 39.37398650793651 38.0
92 42.7346873015873 30.0
93 41.71150238095239 31.0
93 39.44233333333333 36.0
93 40.95797857142857 32.0
93 40.18017777777778 33.0
93 39.37398650793651 38.0
93 42.7346873015873 30.0
94 41.71150238095239 31.0
94 39.44233333333333 36.0
94 40.95797857142857 32.0
94 40.18017777777778 33.0
94 39.37398650793651 38.0
94 42.7346873015873 30.0
95 41.71150238095239 31.0
95 39.44233333333333 36.0
95 40.95797857142857 32.0
95 40.18017777777778 33.0
95 39.37398650793651 38.0
95 42.7346873015873 30.0
96 41.71150238095239 31.0
96 39.44233333333333 36.0
96 40.95797857142857 32.0
96 40.18017777777778 33.0
96 39.37398650793651 38.0
96 42.7346873015873 30.0
97 41.71150238095239 31.0
97 39.44233333333333 36.0
97 40.95797857142857 32.0
97 40.18017777777778 33.0
97 39.37398650793651 38.0
97 42.7346873015873 30.0
98 41.71150238095239 31.0
98 39.44233333333333 36.0
98 40.95797857142857 32.0
98 40.18017777777778 33.0
98 39.37398650793651 38.0
98 42.7346873015873 30.0
99 41.71150238095239 31.0
99 39.44233333333333 36.0
99 40.95797857142857 32.0
99 40.18017777777778 33.0
99 39.37398650793651 38.0
99 42.7346873015873 30.0
100 41.71150238095239 31.0
100 39.44233333333333 36.0
100 40.95797857142857 32.0
100 40.18017777777778 33.0
100 39.37398650793651 38.0
100 42.7346873015873 30.0
