1 42.11274603174603 36.0
1 43.92026031746032 34.0
2 42.11274603174603 36.0
2 43.92026031746032 34.0
3 42.11274603174603 36.0
3 43.92026031746032 34.0
4 42.11274603174603 36.0
4 41.915576190476195 37.0
4 42.93739365079366 34.0
5 42.93739365079366 34.0
5 41.33625396825397 36.0
5 42.11903174603175 35.0
6 41.33625396825397 36.0
6 42.11903174603175 35.0
6 42.57167619047619 33.0
7 41.33625396825397 36.0
7 42.077013492063486 33.0
8 41.33625396825397 36.0
8 42.077013492063486 33.0
8 41.24758571428571 40.0
9 41.33625396825397 36.0
9 42.077013492063486 33.0
9 41.24758571428571 40.0
10 41.33625396825397 36.0
10 41.24758571428571 40.0
10 41.5108753968254 33.0
11 41.5108753968254 33.0
11 43.54630793650794 31.0
11 41.27242936507936 34.0
11 40.68721190476191 36.0
12 41.5108753968254 33.0
12 43.54630793650794 31.0
12 41.27242936507936 34.0
12 40.68721190476191 36.0
12 41.205412698412694 35.0
13 41.5108753968254 33.0
13 43.54630793650794 31.0
13 41.27242936507936 34.0
13 40.68721190476191 36.0
13 41.205412698412694 35.0
14 43.54630793650794 31.0
14 40.68721190476191 36.0
14 42.257507936507935 32.0
14 41.00412063492064 33.0
15 43.54630793650794 31.0
15 40.68721190476191 36.0
15 42.257507936507935 32.0
15 41.00412063492064 33.0
16 43.54630793650794 31.0
16 40.68721190476191 36.0
16 42.257507936507935 32.0
16 41.00412063492064 33.0
17 43.54630793650794 31.0
17 42.257507936507935 32.0
17 41.00412063492064 33.0
17 40.2049246031746 36.0
18 43.54630793650794 31.0
18 42.257507936507935 32.0
18 41.00412063492064 33.0
18 40.2049246031746 36.0
19 43.54630793650794 31.0
19 42.257507936507935 32.0
19 41.00412063492064 33.0
19 40.2049246031746 36.0
20 43.54630793650794 31.0
20 42.257507936507935 32.0
20 41.00412063492064 33.0
20 40.15215396825397 36.0
21 43.54630793650794 31.0
21 42.257507936507935 32.0
21 41.00412063492064 33.0
21 40.15215396825397 36.0
22 43.54630793650794 31.0
22 42.257507936507935 32.0
22 41.00412063492064 33.0
22 40.15215396825397 36.0
23 42.257507936507935 32.0
23 41.00412063492064 33.0
23 40.15215396825397 36.0
23 42.29841984126984 30.0
23 40.94696031746032 35.0
24 42.257507936507935 32.0
24 41.00412063492064 33.0
24 40.15215396825397 36.0
24 42.29841984126984 30.0
24 40.66937380952381 35.0
25 42.257507936507935 32.0
25 41.00412063492064 33.0
25 40.15215396825397 36.0
25 42.29841984126984 30.0
25 40.66937380952381 35.0
25 40.73855396825397 34.0
26 42.257507936507935 32.0
26 41.00412063492064 33.0
26 40.15215396825397 36.0
26 42.29841984126984 30.0
26 40.66937380952381 35.0
26 40.73855396825397 34.0
27 42.257507936507935 32.0
27 41.00412063492064 33.0
27 40.15215396825397 36.0
27 42.29841984126984 30.0
27 40.66937380952381 35.0
27 40.73855396825397 34.0
28 41.00412063492064 33.0
28 40.15215396825397 36.0
28 42.29841984126984 30.0
28 40.66937380952381 35.0
28 40.73855396825397 34.0
28 41.65205634920635 32.0
29 41.00412063492064 33.0
29 40.15215396825397 36.0
29 42.29841984126984 30.0
29 41.65205634920635 32.0
29 40.33983253968254 34.0
30 41.00412063492064 33.0
30 40.15215396825397 36.0
30 42.29841984126984 30.0
30 41.65205634920635 32.0
30 40.33983253968254 34.0
31 41.00412063492064 33.0
31 40.15215396825397 36.0
31 42.29841984126984 30.0
31 40.33983253968254 34.0
31 41.36608412698413 31.0
32 41.00412063492064 33.0
32 40.15215396825397 36.0
32 42.29841984126984 30.0
32 40.33983253968254 34.0
32 41.36608412698413 31.0
33 41.00412063492064 33.0
33 42.29841984126984 30.0
33 40.33983253968254 34.0
33 41.36608412698413 31.0
33 39.70486507936508 36.0
33 40.17373253968253 35.0
34 41.00412063492064 33.0
34 42.29841984126984 30.0
34 40.33983253968254 34.0
34 41.36608412698413 31.0
34 39.70486507936508 36.0
34 40.17373253968253 35.0
35 41.00412063492064 33.0
35 42.29841984126984 30.0
35 40.33983253968254 34.0
35 41.36608412698413 31.0
35 39.70486507936508 36.0
35 40.17373253968253 35.0
36 41.00412063492064 33.0
36 42.29841984126984 30.0
36 40.33983253968254 34.0
36 41.36608412698413 31.0
36 39.70486507936508 36.0
36 40.17373253968253 35.0
37 41.00412063492064 33.0
37 42.29841984126984 30.0
37 40.33983253968254 34.0
37 41.36608412698413 31.0
37 39.70486507936508 36.0
37 40.17373253968253 35.0
38 41.00412063492064 33.0
38 42.29841984126984 30.0
38 40.33983253968254 34.0
38 41.36608412698413 31.0
38 39.70486507936508 36.0
38 40.16222222222222 35.0
39 41.00412063492064 33.0
39 42.29841984126984 30.0
39 40.33983253968254 34.0
39 41.36608412698413 31.0
39 39.70486507936508 36.0
39 40.16222222222222 35.0
40 41.00412063492064 33.0
40 42.29841984126984 30.0
40 40.33983253968254 34.0
40 41.36608412698413 31.0
40 39.70486507936508 36.0
40 40.16222222222222 35.0
41 41.00412063492064 33.0
41 42.29841984126984 30.0
41 40.33983253968254 34.0
41 41.36608412698413 31.0
41 39.70486507936508 36.0
41 40.16222222222222 35.0
42 41.00412063492064 33.0
42 42.29841984126984 30.0
42 40.33983253968254 34.0
42 41.36608412698413 31.0
42 39.70486507936508 36.0
42 40.16222222222222 35.0
43 41.00412063492064 33.0
43 40.33983253968254 34.0
43 41.36608412698413 31.0
43 39.70486507936508 36.0
43 40.16222222222222 35.0
43 41.62432857142857 30.0
44 41.00412063492064 33.0
44 40.33983253968254 34.0
44 41.36608412698413 31.0
44 39.70486507936508 36.0
44 40.16222222222222 35.0
44 41.62432857142857 30.0
45 41.00412063492064 33.0
45 40.33983253968254 34.0
45 41.36608412698413 31.0
45 39.70486507936508 36.0
45 40.16222222222222 35.0
45 41.62432857142857 30.0
46 41.00412063492064 33.0
46 40.33983253968254 34.0
46 41.36608412698413 31.0
46 39.70486507936508 36.0
46 40.16222222222222 35.0
46 41.62432857142857 30.0
47 41.00412063492064 33.0
47 40.33983253968254 34.0
47 41.36608412698413 31.0
47 39.70486507936508 36.0
47 40.16222222222222 35.0
47 41.62432857142857 30.0
48 41.00412063492064 33.0
48 40.33983253968254 34.0
48 41.36608412698413 31.0
48 39.70486507936508 36.0
48 40.16222222222222 35.0
48 41.62432857142857 30.0
49 41.00412063492064 33.0
49 40.33983253968254 34.0
49 41.36608412698413 31.0
49 39.70486507936508 36.0
49 40.16222222222222 35.0
49 41.62432857142857 30.0
50 41.00412063492064 33.0
50 40.33983253968254 34.0
50 41.36608412698413 31.0
50 39.70486507936508 36.0
50 40.16222222222222 35.0
50 41.62432857142857 30.0
51 40.33983253968254 34.0
51 41.36608412698413 31.0
51 39.70486507936508 36.0
51 40.16222222222222 35.0
51 41.62432857142857 30.0
51 41.33001031746032 32.0
51 40.849470634920635 33.0
52 40.33983253968254 34.0
52 41.36608412698413 31.0
52 39.70486507936508 36.0
52 40.16222222222222 35.0
52 41.62432857142857 30.0
52 41.33001031746032 32.0
52 40.849470634920635 33.0
53 40.33983253968254 34.0
53 41.36608412698413 31.0
53 39.70486507936508 36.0
53 40.16222222222222 35.0
53 41.62432857142857 30.0
53 41.33001031746032 32.0
53 40.849470634920635 33.0
54 40.33983253968254 34.0
54 41.36608412698413 31.0
54 39.70486507936508 36.0
54 40.16222222222222 35.0
54 41.62432857142857 30.0
54 41.33001031746032 32.0
54 40.849470634920635 33.0
55 40.33983253968254 34.0
55 41.36608412698413 31.0
55 39.70486507936508 36.0
55 40.16222222222222 35.0
55 41.62432857142857 30.0
55 41.33001031746032 32.0
55 40.849470634920635 33.0
56 40.33983253968254 34.0
56 41.36608412698413 31.0
56 39.70486507936508 36.0
56 40.16222222222222 35.0
56 41.62432857142857 30.0
56 41.33001031746032 32.0
56 40.849470634920635 33.0
57 40.33983253968254 34.0
57 41.36608412698413 31.0
57 39.70486507936508 36.0
57 40.16222222222222 35.0
57 41.62432857142857 30.0
57 41.33001031746032 32.0
57 40.849470634920635 33.0
58 40.33983253968254 34.0
58 41.36608412698413 31.0
58 39.70486507936508 36.0
58 40.16222222222222 35.0
58 41.62432857142857 30.0
58 41.33001031746032 32.0
58 40.849470634920635 33.0
59 40.33983253968254 34.0
59 41.36608412698413 31.0
59 39.70486507936508 36.0
59 40.16222222222222 35.0
59 41.62432857142857 30.0
59 41.33001031746032 32.0
59 40.849470634920635 33.0
60 40.33983253968254 34.0
60 41.36608412698413 31.0
60 39.70486507936508 36.0
60 40.16222222222222 35.0
60 41.62432857142857 30.0
60 41.33001031746032 32.0
60 40.849470634920635 33.0
61 40.33983253968254 34.0
61 41.36608412698413 31.0
61 39.70486507936508 36.0
61 40.16222222222222 35.0
61 41.62432857142857 30.0
61 41.33001031746032 32.0
61 40.849470634920635 33.0
62 40.33983253968254 34.0
62 41.36608412698413 31.0
62 39.70486507936508 36.0
62 40.16222222222222 35.0
62 41.62432857142857 30.0
62 41.33001031746032 32.0
62 40.849470634920635 33.0
63 40.33983253968254 34.0
63 41.36608412698413 31.0
63 39.70486507936508 36.0
63 40.16222222222222 35.0
63 41.62432857142857 30.0
63 41.33001031746032 32.0
63 40.849470634920635 33.0
64 40.33983253968254 34.0
64 41.36608412698413 31.0
64 39.70486507936508 36.0
64 40.16222222222222 35.0
64 41.62432857142857 30.0
64 41.33001031746032 32.0
64 40.849470634920635 33.0
65 40.33983253968254 34.0
65 41.36608412698413 31.0
65 39.70486507936508 36.0
65 40.16222222222222 35.0
65 41.62432857142857 30.0
65 41.33001031746032 32.0
65 40.849470634920635 33.0
66 40.33983253968254 34.0
66 41.36608412698413 31.0
66 39.70486507936508 36.0
66 40.16222222222222 35.0
66 41.62432857142857 30.0
66 41.33001031746032 32.0
66 40.849470634920635 33.0
67 40.33983253968254 34.0
67 41.36608412698413 31.0
67 39.70486507936508 36.0
67 40.16222222222222 35.0
67 41.62432857142857 30.0
67 41.33001031746032 32.0
67 40.849470634920635 33.0
68 40.33983253968254 34.0
68 41.36608412698413 31.0
68 39.70486507936508 36.0
68 40.16222222222222 35.0
68 41.62432857142857 30.0
68 41.33001031746032 32.0
68 40.849470634920635 33.0
69 40.33983253968254 34.0
69 41.36608412698413 31.0
69 39.70486507936508 36.0
69 40.16222222222222 35.0
69 41.62432857142857 30.0
69 41.33001031746032 32.0
69 40.849470634920635 33.0
70 40.33983253968254 34.0
70 41.36608412698413 31.0
70 39.70486507936508 36.0
70 40.16222222222222 35.0
70 41.62432857142857 30.0
70 41.33001031746032 32.0
70 40.849470634920635 33.0
71 41.36608412698413 31.0
71 39.70486507936508 36.0
71 41.62432857142857 30.0
71 41.33001031746032 32.0
71 40.849470634920635 33.0
71 40.034028571428564 34.0
72 41.36608412698413 31.0
72 39.70486507936508 36.0
72 41.62432857142857 30.0
72 41.33001031746032 32.0
72 40.849470634920635 33.0
72 40.034028571428564 34.0
73 41.36608412698413 31.0
73 39.70486507936508 36.0
73 41.62432857142857 30.0
73 41.33001031746032 32.0
73 40.849470634920635 33.0
73 40.034028571428564 34.0
74 41.36608412698413 31.0
74 39.70486507936508 36.0
74 41.62432857142857 30.0
74 41.33001031746032 32.0
74 40.849470634920635 33.0
74 40.034028571428564 34.0
75 41.36608412698413 31.0
75 39.70486507936508 36.0
75 41.62432857142857 30.0
75 41.33001031746032 32.0
75 40.849470634920635 33.0
75 40.034028571428564 34.0
76 41.36608412698413 31.0
76 39.70486507936508 36.0
76 41.62432857142857 30.0
76 41.33001031746032 32.0
76 40.849470634920635 33.0
76 40.034028571428564 34.0
77 41.36608412698413 31.0
77 39.70486507936508 36.0
77 41.62432857142857 30.0
77 41.33001031746032 32.0
77 40.849470634920635 33.0
77 40.034028571428564 34.0
78 41.36608412698413 31.0
78 39.70486507936508 36.0
78 41.62432857142857 30.0
78 40.849470634920635 33.0
78 40.034028571428564 34.0
78 41.28607857142857 32.0
79 41.36608412698413 31.0
79 39.70486507936508 36.0
79 41.62432857142857 30.0
79 40.849470634920635 33.0
79 40.034028571428564 34.0
79 41.28607857142857 32.0
80 41.36608412698413 31.0
80 39.70486507936508 36.0
80 41.62432857142857 30.0
80 40.849470634920635 33.0
80 40.034028571428564 34.0
80 41.28607857142857 32.0
81 41.36608412698413 31.0
81 39.70486507936508 36.0
81 41.62432857142857 30.0
81 40.849470634920635 33.0
81 40.034028571428564 34.0
81 41.28607857142857 32.0
82 41.36608412698413 31.0
82 39.70486507936508 36.0
82 41.62432857142857 30.0
82 40.849470634920635 33.0
82 40.034028571428564 34.0
82 41.28607857142857 32.0
83 41.36608412698413 31.0
83 39.70486507936508 36.0
83 41.62432857142857 30.0
83 40.849470634920635 33.0
83 40.034028571428564 34.0
83 41.28607857142857 32.0
84 41.36608412698413 31.0
84 39.70486507936508 36.0
84 41.62432857142857 30.0
84 40.849470634920635 33.0
84 40.034028571428564 34.0
84 41.28607857142857 32.0
85 41.36608412698413 31.0
85 39.70486507936508 36.0
85 41.62432857142857 30.0
85 40.849470634920635 33.0
85 40.034028571428564 34.0
85 41.28607857142857 32.0
86 41.36608412698413 31.0
86 39.70486507936508 36.0
86 41.62432857142857 30.0
86 40.849470634920635 33.0
86 40.034028571428564 34.0
86 41.28607857142857 32.0
87 41.36608412698413 31.0
87 39.70486507936508 36.0
87 41.62432857142857 30.0
87 40.849470634920635 33.0
87 40.034028571428564 34.0
87 41.28607857142857 32.0
88 41.36608412698413 31.0
88 39.70486507936508 36.0
88 41.62432857142857 30.0
88 40.849470634920635 33.0
88 40.034028571428564 34.0
88 41.28607857142857 32.0
89 41.36608412698413 31.0
89 39.70486507936508 36.0
89 41.62432857142857 30.0
89 40.849470634920635 33.0
89 40.034028571428564 34.0
89 41.28607857142857 32.0
90 41.36608412698413 31.0
90 39.70486507936508 36.0
90 41.62432857142857 30.0
90 40.849470634920635 33.0
90 40.034028571428564 34.0
90 41.28607857142857 32.0
91 41.36608412698413 31.0
91 39.70486507936508 36.0
91 41.62432857142857 30.0
91 40.849470634920635 33.0
91 40.034028571428564 34.0
91 41.28607857142857 32.0
92 41.36608412698413 31.0
92 39.70486507936508 36.0
92 41.62432857142857 30.0
92 40.849470634920635 33.0
92 40.034028571428564 34.0
92 41.28607857142857 32.0
93 41.36608412698413 31.0
93 39.70486507936508 36.0
93 41.62432857142857 30.0
93 40.849470634920635 33.0
93 40.034028571428564 34.0
93 41.28607857142857 32.0
94 41.36608412698413 31.0
94 39.70486507936508 36.0
94 41.62432857142857 30.0
94 40.849470634920635 33.0
94 40.034028571428564 34.0
94 41.28607857142857 32.0
95 41.36608412698413 31.0
95 39.70486507936508 36.0
95 41.62432857142857 30.0
95 40.849470634920635 33.0
95 40.034028571428564 34.0
95 41.28607857142857 32.0
96 41.36608412698413 31.0
96 39.70486507936508 36.0
96 41.62432857142857 30.0
96 40.849470634920635 33.0
96 40.034028571428564 34.0
96 41.28607857142857 32.0
97 41.36608412698413 31.0
97 39.70486507936508 36.0
97 41.62432857142857 30.0
97 40.849470634920635 33.0
97 40.034028571428564 34.0
97 41.28607857142857 32.0
98 41.36608412698413 31.0
98 39.70486507936508 36.0
98 41.62432857142857 30.0
98 40.849470634920635 33.0
98 40.034028571428564 34.0
98 41.28607857142857 32.0
99 41.36608412698413 31.0
99 39.70486507936508 36.0
99 41.62432857142857 30.0
99 40.849470634920635 33.0
99 40.034028571428564 34.0
99 41.28607857142857 32.0
100 41.36608412698413 31.0
100 39.70486507936508 36.0
100 41.62432857142857 30.0
100 40.849470634920635 33.0
100 40.034028571428564 34.0
100 41.28607857142857 32.0
