1 42.71463571428572 41.0
1 44.62212301587302 35.0
1 42.872225396825385 36.0
2 42.71463571428572 41.0
2 42.811596825396826 35.0
2 44.845761111111116 34.0
2 42.5188611111111 42.0
3 42.811596825396826 35.0
3 44.845761111111116 34.0
3 42.398115873015875 38.0
4 42.391305555555554 35.0
4 42.63692619047619 34.0
4 44.67165158730158 33.0
5 42.391305555555554 35.0
5 42.63692619047619 34.0
5 44.21176507936508 33.0
5 41.79685476190476 37.0
6 42.391305555555554 35.0
6 42.63692619047619 34.0
6 44.21176507936508 33.0
6 41.79685476190476 37.0
7 41.79685476190476 37.0
7 44.14487936507936 33.0
7 41.047533333333334 38.0
7 41.8458873015873 34.0
8 41.79685476190476 37.0
8 44.14487936507936 33.0
8 41.047533333333334 38.0
8 41.8458873015873 34.0
9 41.047533333333334 38.0
9 41.8458873015873 34.0
9 40.78118253968254 40.0
9 42.87025952380954 33.0
9 41.68198571428571 35.0
10 41.047533333333334 38.0
10 41.8458873015873 34.0
10 40.78118253968254 40.0
10 42.87025952380954 33.0
10 41.68198571428571 35.0
11 41.047533333333334 38.0
11 41.8458873015873 34.0
11 40.78118253968254 40.0
11 42.87025952380954 33.0
11 41.43557222222223 35.0
12 41.047533333333334 38.0
12 41.8458873015873 34.0
12 40.78118253968254 40.0
12 42.87025952380954 33.0
12 41.43557222222223 35.0
13 41.047533333333334 38.0
13 41.8458873015873 34.0
13 40.78118253968254 40.0
13 42.87025952380954 33.0
13 41.4245611111111 35.0
14 41.047533333333334 38.0
14 41.8458873015873 34.0
14 40.78118253968254 40.0
14 42.87025952380954 33.0
14 41.4245611111111 35.0
14 41.25375952380952 37.0
15 41.047533333333334 38.0
15 41.8458873015873 34.0
15 40.78118253968254 40.0
15 42.87025952380954 33.0
15 41.4245611111111 35.0
15 41.25375952380952 37.0
15 41.370959523809525 36.0
16 41.047533333333334 38.0
16 41.8458873015873 34.0
16 40.78118253968254 40.0
16 42.87025952380954 33.0
16 41.25375952380952 37.0
16 41.370959523809525 36.0
16 41.39311825396826 35.0
17 41.047533333333334 38.0
17 41.8458873015873 34.0
17 40.78118253968254 40.0
17 41.25375952380952 37.0
17 41.39311825396826 35.0
17 41.30571587301587 36.0
17 42.22801904761906 31.0
18 41.047533333333334 38.0
18 41.8458873015873 34.0
18 40.78118253968254 40.0
18 42.22801904761906 31.0
18 41.17366666666667 35.0
18 42.10830238095238 33.0
19 41.047533333333334 38.0
19 40.78118253968254 40.0
19 42.22801904761906 31.0
19 41.17366666666667 35.0
19 42.10830238095238 33.0
19 41.63453015873016 34.0
20 41.047533333333334 38.0
20 40.78118253968254 40.0
20 42.22801904761906 31.0
20 41.17366666666667 35.0
20 42.10830238095238 33.0
20 41.63453015873016 34.0
21 42.22801904761906 31.0
21 40.72513492063492 32.0
21 40.42591111111112 35.0
22 42.22801904761906 31.0
22 40.72513492063492 32.0
22 40.42591111111112 35.0
23 42.22801904761906 31.0
23 40.72513492063492 32.0
23 40.42591111111112 35.0
24 42.22801904761906 31.0
24 40.72513492063492 32.0
24 40.42591111111112 35.0
25 42.22801904761906 31.0
25 40.72513492063492 32.0
25 40.42591111111112 35.0
25 42.55510793650794 30.0
26 42.22801904761906 31.0
26 40.72513492063492 32.0
26 40.42591111111112 35.0
26 42.55510793650794 30.0
27 42.22801904761906 31.0
27 40.72513492063492 32.0
27 40.42591111111112 35.0
27 42.55510793650794 30.0
28 42.22801904761906 31.0
28 40.72513492063492 32.0
28 40.42591111111112 35.0
28 42.55510793650794 30.0
29 42.22801904761906 31.0
29 40.72513492063492 32.0
29 40.42591111111112 35.0
29 42.55510793650794 30.0
30 42.22801904761906 31.0
30 40.72513492063492 32.0
30 42.55510793650794 30.0
30 40.343937301587296 35.0
31 42.22801904761906 31.0
31 40.72513492063492 32.0
31 42.55510793650794 30.0
31 40.343937301587296 35.0
32 42.22801904761906 31.0
32 40.72513492063492 32.0
32 42.55510793650794 30.0
32 40.343937301587296 35.0
33 42.22801904761906 31.0
33 40.72513492063492 32.0
33 42.55510793650794 30.0
33 40.343937301587296 35.0
34 42.22801904761906 31.0
34 40.72513492063492 32.0
34 42.55510793650794 30.0
34 40.343937301587296 35.0
35 42.22801904761906 31.0
35 40.72513492063492 32.0
35 42.55510793650794 30.0
35 40.343937301587296 35.0
36 40.72513492063492 32.0
36 42.55510793650794 30.0
36 40.343937301587296 35.0
36 41.3521126984127 31.0
37 40.72513492063492 32.0
37 42.55510793650794 30.0
37 40.343937301587296 35.0
37 41.3521126984127 31.0
37 40.27108412698412 38.0
38 40.72513492063492 32.0
38 42.55510793650794 30.0
38 40.343937301587296 35.0
38 41.3521126984127 31.0
38 40.27108412698412 38.0
39 40.72513492063492 32.0
39 42.55510793650794 30.0
39 40.343937301587296 35.0
39 41.3521126984127 31.0
39 40.27108412698412 38.0
40 40.72513492063492 32.0
40 42.55510793650794 30.0
40 40.343937301587296 35.0
40 41.3521126984127 31.0
40 40.27108412698412 38.0
41 40.72513492063492 32.0
41 42.55510793650794 30.0
41 40.343937301587296 35.0
41 41.3521126984127 31.0
41 40.27108412698412 38.0
42 40.72513492063492 32.0
42 42.55510793650794 30.0
42 40.343937301587296 35.0
42 41.3521126984127 31.0
42 40.27108412698412 38.0
43 40.72513492063492 32.0
43 42.55510793650794 30.0
43 40.343937301587296 35.0
43 41.3521126984127 31.0
43 40.27108412698412 38.0
44 40.72513492063492 32.0
44 42.55510793650794 30.0
44 40.343937301587296 35.0
44 41.3521126984127 31.0
44 40.27108412698412 38.0
45 40.72513492063492 32.0
45 42.55510793650794 30.0
45 40.343937301587296 35.0
45 41.3521126984127 31.0
45 40.27108412698412 38.0
46 40.72513492063492 32.0
46 42.55510793650794 30.0
46 40.343937301587296 35.0
46 41.3521126984127 31.0
46 40.27108412698412 38.0
47 40.72513492063492 32.0
47 42.55510793650794 30.0
47 40.343937301587296 35.0
47 41.3521126984127 31.0
47 40.27108412698412 38.0
48 40.72513492063492 32.0
48 42.55510793650794 30.0
48 40.343937301587296 35.0
48 41.3521126984127 31.0
48 40.27108412698412 38.0
49 40.72513492063492 32.0
49 42.55510793650794 30.0
49 41.3521126984127 31.0
49 40.24533571428571 33.0
50 40.72513492063492 32.0
50 42.55510793650794 30.0
50 41.3521126984127 31.0
50 40.24533571428571 33.0
51 40.72513492063492 32.0
51 42.55510793650794 30.0
51 41.3521126984127 31.0
51 40.24533571428571 33.0
52 40.72513492063492 32.0
52 42.55510793650794 30.0
52 41.3521126984127 31.0
52 40.24533571428571 33.0
53 40.72513492063492 32.0
53 42.55510793650794 30.0
53 41.3521126984127 31.0
53 40.24533571428571 33.0
54 40.72513492063492 32.0
54 42.55510793650794 30.0
54 41.3521126984127 31.0
54 40.24533571428571 33.0
55 40.72513492063492 32.0
55 42.55510793650794 30.0
55 41.3521126984127 31.0
55 40.24533571428571 33.0
56 40.72513492063492 32.0
56 42.55510793650794 30.0
56 41.3521126984127 31.0
56 40.24533571428571 33.0
57 40.72513492063492 32.0
57 42.55510793650794 30.0
57 41.3521126984127 31.0
57 40.24533571428571 33.0
58 40.72513492063492 32.0
58 42.55510793650794 30.0
58 41.3521126984127 31.0
58 40.24533571428571 33.0
59 40.72513492063492 32.0
59 42.55510793650794 30.0
59 41.3521126984127 31.0
59 40.24533571428571 33.0
60 40.72513492063492 32.0
60 42.55510793650794 30.0
60 41.3521126984127 31.0
60 40.24533571428571 33.0
61 40.72513492063492 32.0
61 42.55510793650794 30.0
61 41.3521126984127 31.0
61 40.24533571428571 33.0
62 40.72513492063492 32.0
62 42.55510793650794 30.0
62 41.3521126984127 31.0
62 40.24533571428571 33.0
63 40.72513492063492 32.0
63 42.55510793650794 30.0
63 41.3521126984127 31.0
63 40.24533571428571 33.0
64 40.72513492063492 32.0
64 42.55510793650794 30.0
64 41.3521126984127 31.0
64 40.24533571428571 33.0
65 40.72513492063492 32.0
65 42.55510793650794 30.0
65 41.3521126984127 31.0
65 40.24533571428571 33.0
66 40.72513492063492 32.0
66 42.55510793650794 30.0
66 41.3521126984127 31.0
66 40.24533571428571 33.0
67 40.72513492063492 32.0
67 42.55510793650794 30.0
67 41.3521126984127 31.0
67 40.24533571428571 33.0
68 40.72513492063492 32.0
68 42.55510793650794 30.0
68 41.3521126984127 31.0
68 40.24533571428571 33.0
69 40.72513492063492 32.0
69 42.55510793650794 30.0
69 41.3521126984127 31.0
69 40.24533571428571 33.0
70 40.72513492063492 32.0
70 42.55510793650794 30.0
70 41.3521126984127 31.0
70 40.24533571428571 33.0
71 40.72513492063492 32.0
71 42.55510793650794 30.0
71 41.3521126984127 31.0
71 40.24533571428571 33.0
72 40.72513492063492 32.0
72 42.55510793650794 30.0
72 41.3521126984127 31.0
72 40.24533571428571 33.0
73 40.72513492063492 32.0
73 42.55510793650794 30.0
73 41.3521126984127 31.0
73 40.24533571428571 33.0
74 40.72513492063492 32.0
74 42.55510793650794 30.0
74 41.3521126984127 31.0
74 40.24533571428571 33.0
75 40.72513492063492 32.0
75 42.55510793650794 30.0
75 41.3521126984127 31.0
75 40.24533571428571 33.0
76 40.72513492063492 32.0
76 42.55510793650794 30.0
76 41.3521126984127 31.0
76 40.24533571428571 33.0
77 40.72513492063492 32.0
77 42.55510793650794 30.0
77 41.3521126984127 31.0
77 40.24533571428571 33.0
78 40.72513492063492 32.0
78 42.55510793650794 30.0
78 41.3521126984127 31.0
78 40.24533571428571 33.0
79 40.72513492063492 32.0
79 42.55510793650794 30.0
79 41.3521126984127 31.0
79 40.24533571428571 33.0
80 40.72513492063492 32.0
80 42.55510793650794 30.0
80 41.3521126984127 31.0
80 40.24533571428571 33.0
81 40.72513492063492 32.0
81 42.55510793650794 30.0
81 41.3521126984127 31.0
81 40.24533571428571 33.0
82 40.72513492063492 32.0
82 42.55510793650794 30.0
82 41.3521126984127 31.0
82 40.24533571428571 33.0
83 40.72513492063492 32.0
83 42.55510793650794 30.0
83 41.3521126984127 31.0
83 40.24533571428571 33.0
84 40.72513492063492 32.0
84 42.55510793650794 30.0
84 41.3521126984127 31.0
84 40.24533571428571 33.0
85 40.72513492063492 32.0
85 42.55510793650794 30.0
85 41.3521126984127 31.0
85 40.24533571428571 33.0
86 40.72513492063492 32.0
86 42.55510793650794 30.0
86 41.3521126984127 31.0
86 40.24533571428571 33.0
87 40.72513492063492 32.0
87 42.55510793650794 30.0
87 41.3521126984127 31.0
87 40.24533571428571 33.0
88 40.72513492063492 32.0
88 42.55510793650794 30.0
88 41.3521126984127 31.0
88 40.24533571428571 33.0
89 40.72513492063492 32.0
89 42.55510793650794 30.0
89 41.3521126984127 31.0
89 40.24533571428571 33.0
90 40.72513492063492 32.0
90 42.55510793650794 30.0
90 41.3521126984127 31.0
90 40.24533571428571 33.0
91 40.72513492063492 32.0
91 42.55510793650794 30.0
91 41.3521126984127 31.0
91 40.24533571428571 33.0
92 40.72513492063492 32.0
92 42.55510793650794 30.0
92 41.3521126984127 31.0
92 40.24533571428571 33.0
93 40.72513492063492 32.0
93 42.55510793650794 30.0
93 41.3521126984127 31.0
93 40.24533571428571 33.0
94 40.72513492063492 32.0
94 42.55510793650794 30.0
94 41.3521126984127 31.0
94 40.24533571428571 33.0
95 40.72513492063492 32.0
95 42.55510793650794 30.0
95 41.3521126984127 31.0
95 40.24533571428571 33.0
96 40.72513492063492 32.0
96 42.55510793650794 30.0
96 41.3521126984127 31.0
96 40.24533571428571 33.0
97 40.72513492063492 32.0
97 42.55510793650794 30.0
97 41.3521126984127 31.0
97 40.24533571428571 33.0
98 40.72513492063492 32.0
98 42.55510793650794 30.0
98 41.3521126984127 31.0
98 40.24533571428571 33.0
99 40.72513492063492 32.0
99 42.55510793650794 30.0
99 41.3521126984127 31.0
99 40.24533571428571 33.0
100 40.72513492063492 32.0
100 42.55510793650794 30.0
100 41.3521126984127 31.0
100 40.24533571428571 33.0
