1 43.180858730158725 34.0
2 43.180858730158725 34.0
3 42.23761746031746 37.0
3 42.7638611111111 33.0
4 42.23761746031746 37.0
4 42.7638611111111 33.0
5 42.23761746031746 37.0
5 42.7638611111111 33.0
5 42.68782539682539 36.0
5 42.739757142857144 35.0
6 42.7638611111111 33.0
6 41.594653174603174 36.0
6 42.73303412698413 34.0
7 42.7638611111111 33.0
7 41.594653174603174 36.0
7 42.73303412698413 34.0
7 43.36035952380952 32.0
7 40.55594841269842 38.0
7 42.40170634920635 35.0
8 42.7638611111111 33.0
8 43.36035952380952 32.0
8 40.55594841269842 38.0
8 41.54984365079365 34.0
9 42.7638611111111 33.0
9 43.36035952380952 32.0
9 40.55594841269842 38.0
9 41.54984365079365 34.0
10 42.7638611111111 33.0
10 43.36035952380952 32.0
10 40.55594841269842 38.0
10 41.54984365079365 34.0
10 41.466454761904764 37.0
11 42.7638611111111 33.0
11 43.36035952380952 32.0
11 40.55594841269842 38.0
11 41.54984365079365 34.0
11 40.844633333333334 37.0
12 42.7638611111111 33.0
12 43.36035952380952 32.0
12 40.55594841269842 38.0
12 41.54984365079365 34.0
12 40.844633333333334 37.0
12 41.19612222222222 35.0
12 41.170117460317464 36.0
13 40.55594841269842 38.0
13 40.844633333333334 37.0
13 41.19612222222222 35.0
13 41.170117460317464 36.0
13 43.25854206349206 31.0
13 42.432384126984125 33.0
13 41.3837992063492 34.0
13 40.19316507936508 41.0
14 40.55594841269842 38.0
14 40.844633333333334 37.0
14 41.19612222222222 35.0
14 43.25854206349206 31.0
14 42.432384126984125 33.0
14 41.3837992063492 34.0
14 40.19316507936508 41.0
14 40.88776111111111 36.0
15 40.55594841269842 38.0
15 40.844633333333334 37.0
15 41.19612222222222 35.0
15 43.25854206349206 31.0
15 42.432384126984125 33.0
15 40.19316507936508 41.0
15 40.88776111111111 36.0
15 41.327575396825395 34.0
16 40.55594841269842 38.0
16 40.844633333333334 37.0
16 41.19612222222222 35.0
16 43.25854206349206 31.0
16 42.432384126984125 33.0
16 40.19316507936508 41.0
16 40.88776111111111 36.0
16 41.327575396825395 34.0
17 40.55594841269842 38.0
17 40.844633333333334 37.0
17 41.19612222222222 35.0
17 43.25854206349206 31.0
17 40.19316507936508 41.0
17 40.88776111111111 36.0
17 41.327575396825395 34.0
17 41.62126428571429 33.0
18 40.55594841269842 38.0
18 40.844633333333334 37.0
18 41.19612222222222 35.0
18 43.25854206349206 31.0
18 40.19316507936508 41.0
18 40.88776111111111 36.0
18 41.327575396825395 34.0
18 41.62126428571429 33.0
19 40.55594841269842 38.0
19 40.844633333333334 37.0
19 43.25854206349206 31.0
19 40.19316507936508 41.0
19 40.88776111111111 36.0
19 41.62126428571429 33.0
19 39.664407936507935 42.0
19 41.11640952380952 34.0
20 40.55594841269842 38.0
20 40.844633333333334 37.0
20 43.25854206349206 31.0
20 40.19316507936508 41.0
20 40.88776111111111 36.0
20 41.62126428571429 33.0
20 39.664407936507935 42.0
20 41.11640952380952 34.0
21 40.55594841269842 38.0
21 40.844633333333334 37.0
21 43.25854206349206 31.0
21 40.19316507936508 41.0
21 40.88776111111111 36.0
21 41.62126428571429 33.0
21 39.664407936507935 42.0
21 41.11640952380952 34.0
21 41.675896031746035 32.0
22 43.25854206349206 31.0
22 40.19316507936508 41.0
22 40.88776111111111 36.0
22 41.62126428571429 33.0
22 39.664407936507935 42.0
22 41.11640952380952 34.0
22 41.675896031746035 32.0
22 40.217058730158726 37.0
23 43.25854206349206 31.0
23 40.19316507936508 41.0
23 40.88776111111111 36.0
23 41.62126428571429 33.0
23 39.664407936507935 42.0
23 41.11640952380952 34.0
23 41.675896031746035 32.0
23 40.217058730158726 37.0
24 43.25854206349206 31.0
24 40.19316507936508 41.0
24 40.88776111111111 36.0
24 41.62126428571429 33.0
24 39.664407936507935 42.0
24 41.11640952380952 34.0
24 41.675896031746035 32.0
24 40.217058730158726 37.0
25 43.25854206349206 31.0
25 40.19316507936508 41.0
25 41.62126428571429 33.0
25 39.664407936507935 42.0
25 41.11640952380952 34.0
25 41.675896031746035 32.0
25 40.217058730158726 37.0
25 40.36561507936508 36.0
26 43.25854206349206 31.0
26 40.19316507936508 41.0
26 41.62126428571429 33.0
26 39.664407936507935 42.0
26 41.11640952380952 34.0
26 41.675896031746035 32.0
26 40.217058730158726 37.0
26 40.36561507936508 36.0
27 43.25854206349206 31.0
27 40.19316507936508 41.0
27 41.62126428571429 33.0
27 39.664407936507935 42.0
27 41.11640952380952 34.0
27 41.675896031746035 32.0
27 40.217058730158726 37.0
27 40.36561507936508 36.0
28 39.664407936507935 42.0
28 40.217058730158726 37.0
28 40.36561507936508 36.0
28 40.1264246031746 38.0
28 40.6884746031746 34.0
28 41.31762857142857 31.0
29 39.664407936507935 42.0
29 40.217058730158726 37.0
29 40.36561507936508 36.0
29 40.1264246031746 38.0
29 40.6884746031746 34.0
29 41.31762857142857 31.0
30 39.664407936507935 42.0
30 40.6884746031746 34.0
30 41.31762857142857 31.0
30 40.084844444444435 36.0
31 39.664407936507935 42.0
31 40.6884746031746 34.0
31 41.31762857142857 31.0
31 40.084844444444435 36.0
32 39.664407936507935 42.0
32 40.6884746031746 34.0
32 41.31762857142857 31.0
32 40.084844444444435 36.0
33 39.664407936507935 42.0
33 40.6884746031746 34.0
33 41.31762857142857 31.0
33 40.084844444444435 36.0
34 39.664407936507935 42.0
34 40.6884746031746 34.0
34 41.31762857142857 31.0
34 40.084844444444435 36.0
34 39.98253650793651 39.0
35 39.664407936507935 42.0
35 40.6884746031746 34.0
35 41.31762857142857 31.0
35 40.084844444444435 36.0
35 39.98253650793651 39.0
36 39.664407936507935 42.0
36 40.6884746031746 34.0
36 41.31762857142857 31.0
36 40.084844444444435 36.0
36 39.98253650793651 39.0
37 39.664407936507935 42.0
37 40.6884746031746 34.0
37 41.31762857142857 31.0
37 40.084844444444435 36.0
37 39.98253650793651 39.0
37 40.57277936507936 35.0
38 39.664407936507935 42.0
38 40.6884746031746 34.0
38 41.31762857142857 31.0
38 40.084844444444435 36.0
38 39.98253650793651 39.0
38 40.57277936507936 35.0
39 39.664407936507935 42.0
39 40.6884746031746 34.0
39 41.31762857142857 31.0
39 40.084844444444435 36.0
39 39.98253650793651 39.0
39 40.57277936507936 35.0
40 39.664407936507935 42.0
40 40.6884746031746 34.0
40 41.31762857142857 31.0
40 40.084844444444435 36.0
40 40.57277936507936 35.0
40 39.932697619047616 37.0
41 40.6884746031746 34.0
41 41.31762857142857 31.0
41 40.084844444444435 36.0
41 40.57277936507936 35.0
41 39.932697619047616 37.0
41 39.58116666666667 41.0
42 40.6884746031746 34.0
42 41.31762857142857 31.0
42 40.084844444444435 36.0
42 40.57277936507936 35.0
42 39.932697619047616 37.0
42 39.58116666666667 41.0
43 40.6884746031746 34.0
43 41.31762857142857 31.0
43 40.084844444444435 36.0
43 40.57277936507936 35.0
43 39.932697619047616 37.0
43 39.58116666666667 41.0
44 40.6884746031746 34.0
44 41.31762857142857 31.0
44 40.084844444444435 36.0
44 40.57277936507936 35.0
44 39.932697619047616 37.0
44 39.58116666666667 41.0
45 40.6884746031746 34.0
45 41.31762857142857 31.0
45 40.084844444444435 36.0
45 40.57277936507936 35.0
45 39.932697619047616 37.0
45 39.58116666666667 41.0
46 39.932697619047616 37.0
46 39.58116666666667 41.0
46 39.97730714285714 31.0
47 39.932697619047616 37.0
47 39.58116666666667 41.0
47 39.97730714285714 31.0
48 39.932697619047616 37.0
48 39.58116666666667 41.0
48 39.97730714285714 31.0
49 39.932697619047616 37.0
49 39.58116666666667 41.0
49 39.97730714285714 31.0
50 39.932697619047616 37.0
50 39.58116666666667 41.0
50 39.97730714285714 31.0
51 39.58116666666667 41.0
51 39.97730714285714 31.0
51 39.910738095238095 36.0
52 39.58116666666667 41.0
52 39.97730714285714 31.0
52 39.910738095238095 36.0
53 39.58116666666667 41.0
53 39.97730714285714 31.0
53 39.910738095238095 36.0
54 39.58116666666667 41.0
54 39.97730714285714 31.0
54 39.910738095238095 36.0
55 39.58116666666667 41.0
55 39.97730714285714 31.0
55 39.910738095238095 36.0
56 39.58116666666667 41.0
56 39.97730714285714 31.0
56 39.910738095238095 36.0
57 39.58116666666667 41.0
57 39.97730714285714 31.0
57 39.910738095238095 36.0
58 39.58116666666667 41.0
58 39.97730714285714 31.0
58 39.910738095238095 36.0
59 39.58116666666667 41.0
59 39.97730714285714 31.0
59 39.910738095238095 36.0
60 39.58116666666667 41.0
60 39.97730714285714 31.0
60 39.910738095238095 36.0
61 39.58116666666667 41.0
61 39.97730714285714 31.0
61 39.910738095238095 36.0
62 39.58116666666667 41.0
62 39.97730714285714 31.0
62 39.910738095238095 36.0
63 39.58116666666667 41.0
63 39.97730714285714 31.0
63 39.910738095238095 36.0
64 39.58116666666667 41.0
64 39.97730714285714 31.0
64 39.910738095238095 36.0
65 39.58116666666667 41.0
65 39.97730714285714 31.0
65 39.910738095238095 36.0
66 39.58116666666667 41.0
66 39.97730714285714 31.0
66 39.910738095238095 36.0
67 39.58116666666667 41.0
67 39.97730714285714 31.0
67 39.910738095238095 36.0
68 39.58116666666667 41.0
68 39.97730714285714 31.0
68 39.910738095238095 36.0
69 39.58116666666667 41.0
69 39.97730714285714 31.0
69 39.910738095238095 36.0
70 39.58116666666667 41.0
70 39.97730714285714 31.0
70 39.910738095238095 36.0
71 39.58116666666667 41.0
71 39.97730714285714 31.0
71 39.910738095238095 36.0
72 39.58116666666667 41.0
72 39.97730714285714 31.0
72 39.910738095238095 36.0
73 39.58116666666667 41.0
73 39.97730714285714 31.0
73 39.910738095238095 36.0
74 39.58116666666667 41.0
74 39.97730714285714 31.0
74 39.910738095238095 36.0
75 39.58116666666667 41.0
75 39.97730714285714 31.0
75 39.910738095238095 36.0
76 39.58116666666667 41.0
76 39.97730714285714 31.0
76 39.910738095238095 36.0
77 39.58116666666667 41.0
77 39.97730714285714 31.0
77 39.910738095238095 36.0
78 39.58116666666667 41.0
78 39.97730714285714 31.0
78 39.910738095238095 36.0
79 39.58116666666667 41.0
79 39.97730714285714 31.0
79 39.910738095238095 36.0
80 39.58116666666667 41.0
80 39.97730714285714 31.0
80 39.910738095238095 36.0
81 39.58116666666667 41.0
81 39.97730714285714 31.0
81 39.910738095238095 36.0
82 39.58116666666667 41.0
82 39.97730714285714 31.0
82 39.910738095238095 36.0
83 39.58116666666667 41.0
83 39.97730714285714 31.0
83 39.910738095238095 36.0
84 39.58116666666667 41.0
84 39.97730714285714 31.0
84 39.910738095238095 36.0
85 39.58116666666667 41.0
85 39.97730714285714 31.0
85 39.910738095238095 36.0
86 39.58116666666667 41.0
86 39.97730714285714 31.0
86 39.910738095238095 36.0
87 39.58116666666667 41.0
87 39.97730714285714 31.0
87 39.910738095238095 36.0
88 39.58116666666667 41.0
88 39.97730714285714 31.0
88 39.910738095238095 36.0
89 39.58116666666667 41.0
89 39.97730714285714 31.0
89 39.910738095238095 36.0
90 39.58116666666667 41.0
90 39.97730714285714 31.0
90 39.910738095238095 36.0
91 39.58116666666667 41.0
91 39.97730714285714 31.0
91 39.910738095238095 36.0
92 39.58116666666667 41.0
92 39.97730714285714 31.0
92 39.910738095238095 36.0
93 39.58116666666667 41.0
93 39.97730714285714 31.0
93 39.910738095238095 36.0
94 39.58116666666667 41.0
94 39.97730714285714 31.0
94 39.910738095238095 36.0
95 39.58116666666667 41.0
95 39.97730714285714 31.0
95 39.910738095238095 36.0
96 39.58116666666667 41.0
96 39.97730714285714 31.0
96 39.910738095238095 36.0
97 39.58116666666667 41.0
97 39.97730714285714 31.0
97 39.910738095238095 36.0
98 39.58116666666667 41.0
98 39.97730714285714 31.0
98 39.910738095238095 36.0
99 39.58116666666667 41.0
99 39.97730714285714 31.0
99 39.910738095238095 36.0
100 39.58116666666667 41.0
100 39.97730714285714 31.0
100 39.910738095238095 36.0
