1 45.49807619047618 33.0
1 42.8166865079365 34.0
2 45.49807619047618 33.0
2 41.31189682539682 34.0
3 45.49807619047618 33.0
3 41.31189682539682 34.0
4 41.31189682539682 34.0
4 43.593274603174606 33.0
5 41.31189682539682 34.0
5 43.593274603174606 33.0
6 41.31189682539682 34.0
6 43.593274603174606 33.0
7 41.31189682539682 34.0
7 43.3667388888889 33.0
8 41.31189682539682 34.0
8 43.29886746031746 33.0
8 41.19710793650793 39.0
9 41.31189682539682 34.0
9 41.19710793650793 39.0
9 41.406728571428566 32.0
10 41.31189682539682 34.0
10 41.19710793650793 39.0
10 41.406728571428566 32.0
11 41.31189682539682 34.0
11 41.19710793650793 39.0
11 41.406728571428566 32.0
12 41.31189682539682 34.0
12 41.406728571428566 32.0
12 41.02072857142857 37.0
13 41.02072857142857 37.0
13 41.194811904761906 32.0
14 41.02072857142857 37.0
14 41.194811904761906 32.0
15 41.02072857142857 37.0
15 41.194811904761906 32.0
16 41.02072857142857 37.0
16 41.194811904761906 32.0
17 41.02072857142857 37.0
17 41.194811904761906 32.0
18 41.194811904761906 32.0
18 40.972501587301586 36.0
19 41.194811904761906 32.0
19 40.972501587301586 36.0
19 41.09092301587302 35.0
20 41.194811904761906 32.0
20 41.09092301587302 35.0
20 40.29893888888889 36.0
21 41.194811904761906 32.0
21 41.09092301587302 35.0
21 40.29893888888889 36.0
22 41.194811904761906 32.0
22 41.09092301587302 35.0
22 40.29893888888889 36.0
22 45.175795238095226 31.0
23 40.29893888888889 36.0
23 45.175795238095226 31.0
23 40.97358174603175 32.0
24 40.29893888888889 36.0
24 45.175795238095226 31.0
24 40.97358174603175 32.0
25 40.29893888888889 36.0
25 45.175795238095226 31.0
25 40.97358174603175 32.0
26 40.29893888888889 36.0
26 45.175795238095226 31.0
26 40.97358174603175 32.0
27 40.29893888888889 36.0
27 45.175795238095226 31.0
27 40.97358174603175 32.0
28 40.29893888888889 36.0
28 45.175795238095226 31.0
28 40.97358174603175 32.0
29 40.29893888888889 36.0
29 45.175795238095226 31.0
29 40.97358174603175 32.0
30 40.29893888888889 36.0
30 45.175795238095226 31.0
30 40.97358174603175 32.0
31 40.29893888888889 36.0
31 45.175795238095226 31.0
31 40.97358174603175 32.0
32 40.29893888888889 36.0
32 45.175795238095226 31.0
32 40.97358174603175 32.0
33 40.29893888888889 36.0
33 45.175795238095226 31.0
33 40.97358174603175 32.0
33 39.947046825396825 38.0
33 40.772664285714285 35.0
34 40.29893888888889 36.0
34 45.175795238095226 31.0
34 40.97358174603175 32.0
34 39.947046825396825 38.0
34 40.772664285714285 35.0
35 40.29893888888889 36.0
35 45.175795238095226 31.0
35 40.97358174603175 32.0
35 39.947046825396825 38.0
35 40.772664285714285 35.0
36 40.29893888888889 36.0
36 45.175795238095226 31.0
36 40.97358174603175 32.0
36 39.947046825396825 38.0
36 40.772664285714285 35.0
37 40.29893888888889 36.0
37 40.97358174603175 32.0
37 39.947046825396825 38.0
37 40.772664285714285 35.0
37 41.2538 31.0
38 40.29893888888889 36.0
38 40.97358174603175 32.0
38 39.947046825396825 38.0
38 40.772664285714285 35.0
38 41.2538 31.0
39 40.29893888888889 36.0
39 40.97358174603175 32.0
39 39.947046825396825 38.0
39 40.772664285714285 35.0
39 41.2538 31.0
40 40.97358174603175 32.0
40 39.947046825396825 38.0
40 41.2538 31.0
40 40.133069047619045 33.0
41 40.97358174603175 32.0
41 39.947046825396825 38.0
41 41.2538 31.0
41 40.133069047619045 33.0
42 40.97358174603175 32.0
42 39.947046825396825 38.0
42 41.2538 31.0
42 40.133069047619045 33.0
43 40.97358174603175 32.0
43 39.947046825396825 38.0
43 41.2538 31.0
43 40.133069047619045 33.0
44 40.97358174603175 32.0
44 39.947046825396825 38.0
44 41.2538 31.0
44 40.133069047619045 33.0
45 40.97358174603175 32.0
45 39.947046825396825 38.0
45 41.2538 31.0
45 40.133069047619045 33.0
46 40.97358174603175 32.0
46 39.947046825396825 38.0
46 41.2538 31.0
46 40.133069047619045 33.0
47 40.97358174603175 32.0
47 41.2538 31.0
47 40.133069047619045 33.0
47 39.85187857142857 37.0
48 40.97358174603175 32.0
48 41.2538 31.0
48 39.85187857142857 37.0
48 40.10111666666667 33.0
49 40.97358174603175 32.0
49 41.2538 31.0
49 39.85187857142857 37.0
49 40.10111666666667 33.0
50 40.97358174603175 32.0
50 41.2538 31.0
50 39.85187857142857 37.0
50 40.10111666666667 33.0
51 40.97358174603175 32.0
51 41.2538 31.0
51 39.85187857142857 37.0
51 40.10111666666667 33.0
52 40.97358174603175 32.0
52 41.2538 31.0
52 39.85187857142857 37.0
52 40.10111666666667 33.0
53 40.97358174603175 32.0
53 41.2538 31.0
53 39.85187857142857 37.0
53 40.10111666666667 33.0
54 41.2538 31.0
54 39.85187857142857 37.0
54 40.10111666666667 33.0
54 40.78207857142857 32.0
54 39.921593650793646 36.0
55 41.2538 31.0
55 39.85187857142857 37.0
55 40.10111666666667 33.0
55 40.78207857142857 32.0
55 39.921593650793646 36.0
56 39.85187857142857 37.0
56 40.10111666666667 33.0
56 40.78207857142857 32.0
56 39.921593650793646 36.0
56 41.166581746031746 31.0
57 39.85187857142857 37.0
57 40.10111666666667 33.0
57 40.78207857142857 32.0
57 39.921593650793646 36.0
57 41.166581746031746 31.0
58 39.85187857142857 37.0
58 40.10111666666667 33.0
58 40.78207857142857 32.0
58 39.921593650793646 36.0
58 41.166581746031746 31.0
59 39.85187857142857 37.0
59 40.10111666666667 33.0
59 40.78207857142857 32.0
59 39.921593650793646 36.0
59 41.166581746031746 31.0
60 39.85187857142857 37.0
60 40.10111666666667 33.0
60 40.78207857142857 32.0
60 39.921593650793646 36.0
60 41.166581746031746 31.0
61 40.10111666666667 33.0
61 40.78207857142857 32.0
61 39.921593650793646 36.0
61 41.166581746031746 31.0
61 39.65165793650794 37.0
62 40.10111666666667 33.0
62 40.78207857142857 32.0
62 39.921593650793646 36.0
62 41.166581746031746 31.0
62 39.65165793650794 37.0
63 40.10111666666667 33.0
63 40.78207857142857 32.0
63 39.921593650793646 36.0
63 41.166581746031746 31.0
63 39.65165793650794 37.0
64 40.10111666666667 33.0
64 40.78207857142857 32.0
64 41.166581746031746 31.0
64 39.65165793650794 37.0
64 39.897667460317464 36.0
65 40.10111666666667 33.0
65 40.78207857142857 32.0
65 41.166581746031746 31.0
65 39.65165793650794 37.0
65 39.897667460317464 36.0
66 40.10111666666667 33.0
66 40.78207857142857 32.0
66 41.166581746031746 31.0
66 39.65165793650794 37.0
66 39.897667460317464 36.0
67 40.10111666666667 33.0
67 40.78207857142857 32.0
67 41.166581746031746 31.0
67 39.65165793650794 37.0
67 39.897667460317464 36.0
68 40.10111666666667 33.0
68 40.78207857142857 32.0
68 41.166581746031746 31.0
68 39.65165793650794 37.0
68 39.897667460317464 36.0
69 40.10111666666667 33.0
69 40.78207857142857 32.0
69 41.166581746031746 31.0
69 39.65165793650794 37.0
69 39.897667460317464 36.0
70 40.10111666666667 33.0
70 40.78207857142857 32.0
70 41.166581746031746 31.0
70 39.65165793650794 37.0
70 39.897667460317464 36.0
71 40.10111666666667 33.0
71 40.78207857142857 32.0
71 41.166581746031746 31.0
71 39.612144444444446 36.0
72 40.10111666666667 33.0
72 40.78207857142857 32.0
72 41.166581746031746 31.0
72 39.612144444444446 36.0
73 40.10111666666667 33.0
73 40.78207857142857 32.0
73 41.166581746031746 31.0
73 39.612144444444446 36.0
74 40.10111666666667 33.0
74 40.78207857142857 32.0
74 41.166581746031746 31.0
74 39.612144444444446 36.0
75 40.10111666666667 33.0
75 40.78207857142857 32.0
75 41.166581746031746 31.0
75 39.612144444444446 36.0
76 40.10111666666667 33.0
76 40.78207857142857 32.0
76 41.166581746031746 31.0
76 39.612144444444446 36.0
77 40.10111666666667 33.0
77 40.78207857142857 32.0
77 41.166581746031746 31.0
77 39.612144444444446 36.0
77 39.73527063492063 35.0
78 40.10111666666667 33.0
78 40.78207857142857 32.0
78 41.166581746031746 31.0
78 39.612144444444446 36.0
78 39.73527063492063 35.0
79 40.10111666666667 33.0
79 40.78207857142857 32.0
79 41.166581746031746 31.0
79 39.612144444444446 36.0
79 39.73527063492063 35.0
80 40.10111666666667 33.0
80 40.78207857142857 32.0
80 41.166581746031746 31.0
80 39.612144444444446 36.0
80 39.73527063492063 35.0
80 40.013458730158725 34.0
81 40.10111666666667 33.0
81 40.78207857142857 32.0
81 41.166581746031746 31.0
81 39.612144444444446 36.0
81 39.73527063492063 35.0
81 40.013458730158725 34.0
82 40.10111666666667 33.0
82 40.78207857142857 32.0
82 41.166581746031746 31.0
82 39.612144444444446 36.0
82 39.73527063492063 35.0
82 40.013458730158725 34.0
83 40.10111666666667 33.0
83 40.78207857142857 32.0
83 41.166581746031746 31.0
83 39.612144444444446 36.0
83 39.73527063492063 35.0
83 40.013458730158725 34.0
84 40.10111666666667 33.0
84 40.78207857142857 32.0
84 41.166581746031746 31.0
84 39.612144444444446 36.0
84 39.73527063492063 35.0
84 40.013458730158725 34.0
85 40.10111666666667 33.0
85 40.78207857142857 32.0
85 41.166581746031746 31.0
85 39.612144444444446 36.0
85 39.73527063492063 35.0
85 40.013458730158725 34.0
86 40.10111666666667 33.0
86 40.78207857142857 32.0
86 41.166581746031746 31.0
86 39.612144444444446 36.0
86 39.73527063492063 35.0
86 40.013458730158725 34.0
87 40.10111666666667 33.0
87 40.78207857142857 32.0
87 41.166581746031746 31.0
87 39.612144444444446 36.0
87 39.73527063492063 35.0
87 40.013458730158725 34.0
88 40.10111666666667 33.0
88 40.78207857142857 32.0
88 41.166581746031746 31.0
88 39.612144444444446 36.0
88 39.73527063492063 35.0
88 40.013458730158725 34.0
89 40.10111666666667 33.0
89 40.78207857142857 32.0
89 41.166581746031746 31.0
89 39.612144444444446 36.0
89 39.73527063492063 35.0
89 40.013458730158725 34.0
90 40.10111666666667 33.0
90 40.78207857142857 32.0
90 41.166581746031746 31.0
90 39.612144444444446 36.0
90 39.73527063492063 35.0
90 40.013458730158725 34.0
91 40.10111666666667 33.0
91 40.78207857142857 32.0
91 41.166581746031746 31.0
91 39.612144444444446 36.0
91 39.73527063492063 35.0
91 40.013458730158725 34.0
92 40.10111666666667 33.0
92 40.78207857142857 32.0
92 41.166581746031746 31.0
92 39.612144444444446 36.0
92 39.73527063492063 35.0
92 40.013458730158725 34.0
93 40.10111666666667 33.0
93 40.78207857142857 32.0
93 41.166581746031746 31.0
93 39.612144444444446 36.0
93 39.73527063492063 35.0
93 40.013458730158725 34.0
94 40.10111666666667 33.0
94 40.78207857142857 32.0
94 41.166581746031746 31.0
94 39.612144444444446 36.0
94 39.73527063492063 35.0
94 40.013458730158725 34.0
95 40.10111666666667 33.0
95 40.78207857142857 32.0
95 41.166581746031746 31.0
95 39.612144444444446 36.0
95 39.73527063492063 35.0
95 40.013458730158725 34.0
96 40.10111666666667 33.0
96 40.78207857142857 32.0
96 41.166581746031746 31.0
96 39.612144444444446 36.0
96 39.73527063492063 35.0
96 40.013458730158725 34.0
97 40.10111666666667 33.0
97 40.78207857142857 32.0
97 41.166581746031746 31.0
97 39.612144444444446 36.0
97 39.73527063492063 35.0
97 40.013458730158725 34.0
98 40.10111666666667 33.0
98 40.78207857142857 32.0
98 41.166581746031746 31.0
98 39.612144444444446 36.0
98 39.73527063492063 35.0
98 40.013458730158725 34.0
99 40.10111666666667 33.0
99 40.78207857142857 32.0
99 41.166581746031746 31.0
99 39.612144444444446 36.0
99 39.73527063492063 35.0
99 40.013458730158725 34.0
100 40.10111666666667 33.0
100 40.78207857142857 32.0
100 41.166581746031746 31.0
100 39.612144444444446 36.0
100 39.73527063492063 35.0
100 40.013458730158725 34.0
