1 44.87858968253968 33.0
1 42.97808650793652 41.0
2 44.87858968253968 33.0
2 42.85985634920635 38.0
3 44.87858968253968 33.0
3 43.147243650793655 34.0
3 42.48191111111111 39.0
4 44.87858968253968 33.0
4 41.82789841269842 36.0
5 44.87858968253968 33.0
5 41.82789841269842 36.0
5 42.41768253968254 34.0
5 41.39747777777779 39.0
6 41.82789841269842 36.0
6 42.41768253968254 34.0
6 44.6587373015873 33.0
6 41.33083253968254 39.0
7 41.33083253968254 39.0
7 43.40106190476191 33.0
8 41.33083253968254 39.0
8 43.40106190476191 33.0
9 41.33083253968254 39.0
9 41.51778174603175 38.0
9 42.19233174603175 33.0
9 41.55045793650794 37.0
10 41.33083253968254 39.0
10 41.51778174603175 38.0
10 42.19233174603175 33.0
10 41.55045793650794 37.0
11 41.33083253968254 39.0
11 41.51778174603175 38.0
11 41.55045793650794 37.0
11 43.41913095238095 32.0
11 41.57385317460317 35.0
12 41.33083253968254 39.0
12 41.51778174603175 38.0
12 41.55045793650794 37.0
12 43.41913095238095 32.0
13 41.33083253968254 39.0
13 41.51778174603175 38.0
13 41.55045793650794 37.0
13 43.41913095238095 32.0
14 41.33083253968254 39.0
14 43.41913095238095 32.0
15 43.41913095238095 32.0
15 41.207027777777775 38.0
16 43.41913095238095 32.0
16 41.207027777777775 38.0
17 43.41913095238095 32.0
17 41.516618253968254 36.0
17 40.5283619047619 39.0
18 43.41913095238095 32.0
18 41.516618253968254 36.0
18 40.5283619047619 39.0
19 40.5283619047619 39.0
19 43.105539682539685 32.0
19 41.486506349206344 34.0
20 40.5283619047619 39.0
20 43.105539682539685 32.0
20 41.486506349206344 34.0
21 40.5283619047619 39.0
21 42.856657142857145 31.0
22 42.856657142857145 31.0
22 40.514266666666664 40.0
23 42.856657142857145 31.0
23 40.514266666666664 40.0
24 42.856657142857145 31.0
24 40.39049047619048 39.0
25 40.39049047619048 39.0
25 41.96473888888889 31.0
26 40.39049047619048 39.0
26 41.96473888888889 31.0
26 42.96728650793651 30.0
27 40.39049047619048 39.0
27 42.96728650793651 30.0
28 42.96728650793651 30.0
28 40.370368253968245 38.0
29 42.96728650793651 30.0
29 40.370368253968245 38.0
30 42.96728650793651 30.0
30 40.370368253968245 38.0
31 42.96728650793651 30.0
31 40.370368253968245 38.0
32 42.96728650793651 30.0
32 40.370368253968245 38.0
33 42.96728650793651 30.0
33 40.370368253968245 38.0
34 42.96728650793651 30.0
34 40.370368253968245 38.0
35 42.96728650793651 30.0
35 40.370368253968245 38.0
36 42.96728650793651 30.0
36 40.370368253968245 38.0
37 42.96728650793651 30.0
37 40.370368253968245 38.0
38 42.96728650793651 30.0
38 40.370368253968245 38.0
39 42.96728650793651 30.0
39 40.370368253968245 38.0
40 42.96728650793651 30.0
40 40.370368253968245 38.0
41 42.96728650793651 30.0
41 40.370368253968245 38.0
42 42.96728650793651 30.0
42 40.5086865079365 31.0
42 40.238838888888885 36.0
43 42.96728650793651 30.0
43 40.5086865079365 31.0
43 40.238838888888885 36.0
44 42.96728650793651 30.0
44 39.79639523809524 33.0
45 42.96728650793651 30.0
45 39.79639523809524 33.0
46 42.96728650793651 30.0
46 39.79639523809524 33.0
47 42.96728650793651 30.0
47 39.79639523809524 33.0
48 42.96728650793651 30.0
48 39.79639523809524 33.0
49 42.96728650793651 30.0
49 39.79639523809524 33.0
50 42.96728650793651 30.0
50 39.79639523809524 33.0
51 42.96728650793651 30.0
51 39.79639523809524 33.0
52 42.96728650793651 30.0
52 39.79639523809524 33.0
53 42.96728650793651 30.0
53 39.79639523809524 33.0
54 42.96728650793651 30.0
54 39.79639523809524 33.0
55 42.96728650793651 30.0
55 39.79639523809524 33.0
56 42.96728650793651 30.0
56 39.79639523809524 33.0
57 42.96728650793651 30.0
57 39.79639523809524 33.0
58 42.96728650793651 30.0
58 39.79639523809524 33.0
59 42.96728650793651 30.0
59 39.79639523809524 33.0
60 42.96728650793651 30.0
60 39.79639523809524 33.0
61 42.96728650793651 30.0
61 39.79639523809524 33.0
62 42.96728650793651 30.0
62 39.79639523809524 33.0
63 42.96728650793651 30.0
63 39.79639523809524 33.0
64 42.96728650793651 30.0
64 39.79639523809524 33.0
65 42.96728650793651 30.0
65 39.79639523809524 33.0
66 42.96728650793651 30.0
66 39.79639523809524 33.0
67 42.96728650793651 30.0
67 39.79639523809524 33.0
68 42.96728650793651 30.0
68 39.79639523809524 33.0
69 42.96728650793651 30.0
69 39.79639523809524 33.0
70 42.96728650793651 30.0
70 39.79639523809524 33.0
71 42.96728650793651 30.0
71 39.79639523809524 33.0
72 42.96728650793651 30.0
72 39.79639523809524 33.0
73 42.96728650793651 30.0
73 39.79639523809524 33.0
74 42.96728650793651 30.0
74 39.79639523809524 33.0
75 42.96728650793651 30.0
75 39.79639523809524 33.0
76 42.96728650793651 30.0
76 39.79639523809524 33.0
77 42.96728650793651 30.0
77 39.79639523809524 33.0
78 42.96728650793651 30.0
78 39.79639523809524 33.0
79 42.96728650793651 30.0
79 39.79639523809524 33.0
80 42.96728650793651 30.0
80 39.79639523809524 33.0
81 42.96728650793651 30.0
81 39.79639523809524 33.0
82 42.96728650793651 30.0
82 39.79639523809524 33.0
83 42.96728650793651 30.0
83 39.79639523809524 33.0
84 42.96728650793651 30.0
84 39.79639523809524 33.0
85 42.96728650793651 30.0
85 39.79639523809524 33.0
86 42.96728650793651 30.0
86 39.79639523809524 33.0
87 42.96728650793651 30.0
87 39.79639523809524 33.0
88 42.96728650793651 30.0
88 39.79639523809524 33.0
89 42.96728650793651 30.0
89 39.79639523809524 33.0
90 42.96728650793651 30.0
90 39.79639523809524 33.0
91 42.96728650793651 30.0
91 39.79639523809524 33.0
92 42.96728650793651 30.0
92 39.79639523809524 33.0
93 42.96728650793651 30.0
93 39.79639523809524 33.0
94 42.96728650793651 30.0
94 39.79639523809524 33.0
95 42.96728650793651 30.0
95 39.79639523809524 33.0
96 42.96728650793651 30.0
96 39.79639523809524 33.0
97 42.96728650793651 30.0
97 39.79639523809524 33.0
98 42.96728650793651 30.0
98 39.79639523809524 33.0
99 42.96728650793651 30.0
99 39.79639523809524 33.0
100 42.96728650793651 30.0
100 39.79639523809524 33.0
