1 45.49807619047618 33.0
1 42.8166865079365 34.0
2 42.8166865079365 34.0
2 40.90648888888889 36.0
2 44.4366492063492 33.0
3 42.8166865079365 34.0
3 40.90648888888889 36.0
3 44.4366492063492 33.0
4 42.8166865079365 34.0
4 40.90648888888889 36.0
4 44.4366492063492 33.0
5 40.90648888888889 36.0
5 44.4366492063492 33.0
5 41.024454761904764 35.0
6 40.90648888888889 36.0
6 41.024454761904764 35.0
6 43.27107619047618 32.0
7 40.90648888888889 36.0
7 41.024454761904764 35.0
7 43.27107619047618 32.0
8 40.90648888888889 36.0
8 41.024454761904764 35.0
8 43.27107619047618 32.0
9 40.90648888888889 36.0
9 41.024454761904764 35.0
9 43.27107619047618 32.0
10 40.90648888888889 36.0
10 40.74431111111112 39.0
10 42.366166666666665 32.0
11 40.90648888888889 36.0
11 40.74431111111112 39.0
11 42.366166666666665 32.0
12 40.90648888888889 36.0
12 41.92537698412698 34.0
12 40.74431111111112 39.0
12 42.366166666666665 32.0
13 40.90648888888889 36.0
13 41.92537698412698 34.0
13 40.74431111111112 39.0
13 42.366166666666665 32.0
13 40.97006746031746 35.0
14 40.90648888888889 36.0
14 40.74431111111112 39.0
14 42.366166666666665 32.0
14 40.97006746031746 35.0
15 40.90648888888889 36.0
15 40.74431111111112 39.0
15 42.366166666666665 32.0
15 40.97006746031746 35.0
16 40.90648888888889 36.0
16 40.74431111111112 39.0
16 42.366166666666665 32.0
16 40.97006746031746 35.0
17 40.90648888888889 36.0
17 40.74431111111112 39.0
17 42.366166666666665 32.0
18 40.90648888888889 36.0
18 40.74431111111112 39.0
18 42.366166666666665 32.0
19 40.90648888888889 36.0
19 40.74431111111112 39.0
19 42.366166666666665 32.0
20 40.90648888888889 36.0
20 40.74431111111112 39.0
20 42.366166666666665 32.0
21 40.90648888888889 36.0
21 40.74431111111112 39.0
21 42.366166666666665 32.0
22 42.21626507936507 32.0
22 40.51269047619048 38.0
23 42.21626507936507 32.0
23 40.48170396825397 35.0
24 42.21626507936507 32.0
24 40.48170396825397 35.0
25 42.21626507936507 32.0
25 40.48170396825397 35.0
26 42.21626507936507 32.0
26 40.37436428571428 35.0
26 40.65916587301588 33.0
27 42.21626507936507 32.0
27 40.37436428571428 35.0
27 40.65916587301588 33.0
28 42.21626507936507 32.0
28 40.37436428571428 35.0
28 40.65916587301588 33.0
29 42.21626507936507 32.0
29 40.37436428571428 35.0
29 40.65916587301588 33.0
30 42.21626507936507 32.0
30 40.37436428571428 35.0
30 40.65916587301588 33.0
31 42.21626507936507 32.0
31 40.03982777777778 35.0
32 42.21626507936507 32.0
32 40.03982777777778 35.0
33 42.21626507936507 32.0
33 40.03982777777778 35.0
34 42.21626507936507 32.0
34 40.65916587301588 33.0
34 40.03982777777778 35.0
35 42.21626507936507 32.0
35 40.03982777777778 35.0
36 42.21626507936507 32.0
36 40.65916587301588 33.0
36 40.03982777777778 35.0
37 42.21626507936507 32.0
37 40.65916587301588 33.0
37 40.03982777777778 35.0
38 42.21626507936507 32.0
38 40.65916587301588 33.0
38 40.03982777777778 35.0
39 42.21626507936507 32.0
39 40.65916587301588 33.0
39 40.03982777777778 35.0
40 42.21626507936507 32.0
40 40.65916587301588 33.0
40 40.03982777777778 35.0
41 42.21626507936507 32.0
41 40.65916587301588 33.0
41 40.03982777777778 35.0
42 42.21626507936507 32.0
42 40.65916587301588 33.0
42 40.03982777777778 35.0
43 42.21626507936507 32.0
43 40.65916587301588 33.0
43 40.03982777777778 35.0
44 42.21626507936507 32.0
44 40.65916587301588 33.0
44 40.03982777777778 35.0
45 42.21626507936507 32.0
45 40.65916587301588 33.0
45 40.03982777777778 35.0
46 42.21626507936507 32.0
46 40.65916587301588 33.0
46 40.03982777777778 35.0
47 42.21626507936507 32.0
47 40.65916587301588 33.0
47 40.03982777777778 35.0
47 39.93162619047619 37.0
48 42.21626507936507 32.0
48 40.65916587301588 33.0
48 40.03982777777778 35.0
48 39.93162619047619 37.0
49 42.21626507936507 32.0
49 40.65916587301588 33.0
49 40.03982777777778 35.0
49 39.93162619047619 37.0
50 42.21626507936507 32.0
50 40.65916587301588 33.0
50 40.03982777777778 35.0
50 39.93162619047619 37.0
51 42.21626507936507 32.0
51 40.65916587301588 33.0
51 40.03982777777778 35.0
51 39.93162619047619 37.0
52 42.21626507936507 32.0
52 40.65916587301588 33.0
52 40.03982777777778 35.0
52 39.93162619047619 37.0
53 42.21626507936507 32.0
53 40.65916587301588 33.0
53 40.03982777777778 35.0
53 39.93162619047619 37.0
54 42.21626507936507 32.0
54 40.65916587301588 33.0
54 40.03982777777778 35.0
54 39.93162619047619 37.0
55 42.21626507936507 32.0
55 40.65916587301588 33.0
55 40.03982777777778 35.0
55 39.93162619047619 37.0
56 42.21626507936507 32.0
56 40.65916587301588 33.0
56 40.03982777777778 35.0
56 39.93162619047619 37.0
57 42.21626507936507 32.0
57 40.65916587301588 33.0
57 40.03982777777778 35.0
57 39.93162619047619 37.0
58 42.21626507936507 32.0
58 40.65916587301588 33.0
58 40.03982777777778 35.0
58 39.93162619047619 37.0
59 42.21626507936507 32.0
59 40.65916587301588 33.0
59 40.03982777777778 35.0
59 39.93162619047619 37.0
60 42.21626507936507 32.0
60 40.65916587301588 33.0
60 40.03982777777778 35.0
60 39.93162619047619 37.0
61 42.21626507936507 32.0
61 40.65916587301588 33.0
61 40.03982777777778 35.0
61 39.93162619047619 37.0
62 42.21626507936507 32.0
62 40.65916587301588 33.0
62 40.03982777777778 35.0
62 39.93162619047619 37.0
63 42.21626507936507 32.0
63 40.65916587301588 33.0
63 40.03982777777778 35.0
63 39.93162619047619 37.0
64 42.21626507936507 32.0
64 40.65916587301588 33.0
64 40.03982777777778 35.0
64 39.93162619047619 37.0
65 42.21626507936507 32.0
65 40.65916587301588 33.0
65 40.03982777777778 35.0
65 39.93162619047619 37.0
66 42.21626507936507 32.0
66 40.65916587301588 33.0
66 40.03982777777778 35.0
66 39.93162619047619 37.0
67 42.21626507936507 32.0
67 40.65916587301588 33.0
67 40.03982777777778 35.0
67 39.93162619047619 37.0
68 42.21626507936507 32.0
68 40.65916587301588 33.0
68 40.03982777777778 35.0
68 39.93162619047619 37.0
69 42.21626507936507 32.0
69 40.65916587301588 33.0
69 40.03982777777778 35.0
69 39.93162619047619 37.0
70 42.21626507936507 32.0
70 40.65916587301588 33.0
70 40.03982777777778 35.0
70 39.93162619047619 37.0
71 42.21626507936507 32.0
71 40.65916587301588 33.0
71 40.03982777777778 35.0
71 39.93162619047619 37.0
72 42.21626507936507 32.0
72 40.65916587301588 33.0
72 40.03982777777778 35.0
72 39.891013492063486 36.0
73 42.21626507936507 32.0
73 40.65916587301588 33.0
73 40.03982777777778 35.0
73 39.891013492063486 36.0
74 42.21626507936507 32.0
74 40.65916587301588 33.0
74 40.03982777777778 35.0
74 39.891013492063486 36.0
75 42.21626507936507 32.0
75 40.65916587301588 33.0
75 40.03982777777778 35.0
75 39.891013492063486 36.0
76 42.21626507936507 32.0
76 40.65916587301588 33.0
76 40.03982777777778 35.0
76 39.891013492063486 36.0
77 42.21626507936507 32.0
77 40.65916587301588 33.0
77 40.03982777777778 35.0
77 39.891013492063486 36.0
78 42.21626507936507 32.0
78 40.65916587301588 33.0
78 40.03982777777778 35.0
78 39.891013492063486 36.0
79 42.21626507936507 32.0
79 40.65916587301588 33.0
79 40.03982777777778 35.0
79 39.891013492063486 36.0
80 42.21626507936507 32.0
80 40.65916587301588 33.0
80 40.03982777777778 35.0
80 39.891013492063486 36.0
81 42.21626507936507 32.0
81 40.65916587301588 33.0
81 40.03982777777778 35.0
81 39.891013492063486 36.0
82 40.65916587301588 33.0
82 40.03982777777778 35.0
82 39.891013492063486 36.0
82 41.925868253968254 32.0
83 40.65916587301588 33.0
83 40.03982777777778 35.0
83 39.891013492063486 36.0
83 41.925868253968254 32.0
84 40.65916587301588 33.0
84 40.03982777777778 35.0
84 39.891013492063486 36.0
84 41.925868253968254 32.0
85 40.65916587301588 33.0
85 40.03982777777778 35.0
85 39.891013492063486 36.0
85 41.925868253968254 32.0
86 40.65916587301588 33.0
86 40.03982777777778 35.0
86 39.891013492063486 36.0
86 41.925868253968254 32.0
87 40.65916587301588 33.0
87 40.03982777777778 35.0
87 39.891013492063486 36.0
87 41.925868253968254 32.0
88 40.65916587301588 33.0
88 40.03982777777778 35.0
88 39.891013492063486 36.0
88 41.925868253968254 32.0
89 40.03982777777778 35.0
89 39.891013492063486 36.0
89 41.925868253968254 32.0
90 40.03982777777778 35.0
90 39.891013492063486 36.0
90 41.925868253968254 32.0
91 40.03982777777778 35.0
91 39.891013492063486 36.0
91 41.925868253968254 32.0
92 40.03982777777778 35.0
92 39.891013492063486 36.0
92 41.925868253968254 32.0
93 40.03982777777778 35.0
93 39.891013492063486 36.0
93 41.925868253968254 32.0
94 40.03982777777778 35.0
94 39.891013492063486 36.0
94 41.925868253968254 32.0
95 40.03982777777778 35.0
95 39.891013492063486 36.0
95 41.925868253968254 32.0
96 40.03982777777778 35.0
96 39.891013492063486 36.0
96 41.925868253968254 32.0
97 40.03982777777778 35.0
97 39.891013492063486 36.0
97 41.925868253968254 32.0
98 40.03982777777778 35.0
98 39.891013492063486 36.0
98 41.925868253968254 32.0
99 40.03982777777778 35.0
99 39.891013492063486 36.0
99 41.925868253968254 32.0
100 40.03982777777778 35.0
100 39.891013492063486 36.0
100 41.925868253968254 32.0
