1 42.71463571428572 41.0
1 44.62212301587302 35.0
1 42.872225396825385 36.0
2 42.504669047619046 39.0
2 44.42227857142857 35.0
2 45.357780158730165 34.0
3 42.504669047619046 39.0
3 44.29350396825397 34.0
4 45.21930714285713 32.0
4 42.61486190476191 33.0
4 42.278392063492056 39.0
5 45.21930714285713 32.0
5 42.61486190476191 33.0
5 42.278392063492056 39.0
6 45.21930714285713 32.0
6 42.61486190476191 33.0
6 42.1040246031746 35.0
7 45.21930714285713 32.0
7 42.61486190476191 33.0
7 41.701923015873014 39.0
8 45.21930714285713 32.0
8 41.61830714285715 36.0
9 45.21930714285713 32.0
9 41.61830714285715 36.0
10 45.21930714285713 32.0
10 42.61486190476191 33.0
10 40.9970746031746 39.0
11 40.9970746031746 39.0
11 43.540166666666664 31.0
12 40.9970746031746 39.0
12 43.540166666666664 31.0
13 40.9970746031746 39.0
13 43.540166666666664 31.0
14 40.9970746031746 39.0
14 43.540166666666664 31.0
14 42.00804365079365 32.0
15 40.9970746031746 39.0
15 43.540166666666664 31.0
15 42.00804365079365 32.0
16 43.540166666666664 31.0
16 40.308031746031745 37.0
17 43.540166666666664 31.0
17 40.308031746031745 37.0
18 43.540166666666664 31.0
18 41.8607619047619 33.0
18 40.257912698412696 35.0
19 43.540166666666664 31.0
19 40.257912698412696 35.0
20 43.540166666666664 31.0
20 40.257912698412696 35.0
21 43.540166666666664 31.0
21 40.257912698412696 35.0
22 43.540166666666664 31.0
22 40.257912698412696 35.0
23 43.540166666666664 31.0
23 40.257912698412696 35.0
24 43.540166666666664 31.0
24 40.257912698412696 35.0
25 43.540166666666664 31.0
25 42.00804365079365 32.0
25 39.970957142857145 35.0
26 39.970957142857145 35.0
26 41.06997142857143 31.0
27 39.970957142857145 35.0
27 41.06997142857143 31.0
28 39.970957142857145 35.0
28 41.06997142857143 31.0
29 39.970957142857145 35.0
29 41.06997142857143 31.0
29 42.541661904761916 30.0
30 39.970957142857145 35.0
30 41.06997142857143 31.0
30 42.541661904761916 30.0
31 39.970957142857145 35.0
31 41.06997142857143 31.0
31 42.541661904761916 30.0
32 39.970957142857145 35.0
32 41.06997142857143 31.0
32 42.541661904761916 30.0
33 39.970957142857145 35.0
33 42.541661904761916 30.0
33 39.738033333333334 37.0
34 39.970957142857145 35.0
34 42.541661904761916 30.0
34 39.738033333333334 37.0
35 39.970957142857145 35.0
35 42.541661904761916 30.0
35 39.738033333333334 37.0
35 40.738819841269844 34.0
36 42.541661904761916 30.0
36 39.738033333333334 37.0
36 40.0043626984127 34.0
37 42.541661904761916 30.0
37 39.738033333333334 37.0
37 40.0043626984127 34.0
38 42.541661904761916 30.0
38 39.738033333333334 37.0
38 40.0043626984127 34.0
39 42.541661904761916 30.0
39 39.738033333333334 37.0
39 40.0043626984127 34.0
40 42.541661904761916 30.0
40 39.738033333333334 37.0
40 40.0043626984127 34.0
41 42.541661904761916 30.0
41 39.738033333333334 37.0
41 40.0043626984127 34.0
42 42.541661904761916 30.0
42 39.738033333333334 37.0
42 40.0043626984127 34.0
43 42.541661904761916 30.0
43 39.738033333333334 37.0
43 40.0043626984127 34.0
44 42.541661904761916 30.0
44 39.738033333333334 37.0
44 40.0043626984127 34.0
45 42.541661904761916 30.0
45 39.738033333333334 37.0
45 40.0043626984127 34.0
46 42.541661904761916 30.0
46 39.738033333333334 37.0
46 40.0043626984127 34.0
47 42.541661904761916 30.0
47 39.738033333333334 37.0
47 40.0043626984127 34.0
48 42.541661904761916 30.0
48 39.738033333333334 37.0
48 40.0043626984127 34.0
49 42.541661904761916 30.0
49 39.738033333333334 37.0
49 40.0043626984127 34.0
50 42.541661904761916 30.0
50 39.738033333333334 37.0
50 40.0043626984127 34.0
51 42.541661904761916 30.0
51 39.738033333333334 37.0
51 40.0043626984127 34.0
52 42.541661904761916 30.0
52 39.738033333333334 37.0
52 40.0043626984127 34.0
53 42.541661904761916 30.0
53 39.738033333333334 37.0
53 40.0043626984127 34.0
54 42.541661904761916 30.0
54 39.738033333333334 37.0
54 40.0043626984127 34.0
55 42.541661904761916 30.0
55 39.738033333333334 37.0
55 40.0043626984127 34.0
56 42.541661904761916 30.0
56 39.738033333333334 37.0
56 40.0043626984127 34.0
57 42.541661904761916 30.0
57 39.738033333333334 37.0
57 40.0043626984127 34.0
58 42.541661904761916 30.0
58 39.738033333333334 37.0
58 40.0043626984127 34.0
59 42.541661904761916 30.0
59 39.738033333333334 37.0
59 40.0043626984127 34.0
60 42.541661904761916 30.0
60 39.738033333333334 37.0
60 40.0043626984127 34.0
61 42.541661904761916 30.0
61 39.738033333333334 37.0
61 40.0043626984127 34.0
62 42.541661904761916 30.0
62 39.738033333333334 37.0
62 40.0043626984127 34.0
63 42.541661904761916 30.0
63 39.738033333333334 37.0
63 40.0043626984127 34.0
64 42.541661904761916 30.0
64 39.738033333333334 37.0
64 40.0043626984127 34.0
65 42.541661904761916 30.0
65 39.738033333333334 37.0
65 40.0043626984127 34.0
66 42.541661904761916 30.0
66 39.738033333333334 37.0
66 40.0043626984127 34.0
67 42.541661904761916 30.0
67 39.738033333333334 37.0
67 40.0043626984127 34.0
68 42.541661904761916 30.0
68 39.738033333333334 37.0
68 40.0043626984127 34.0
69 42.541661904761916 30.0
69 39.738033333333334 37.0
69 40.0043626984127 34.0
70 42.541661904761916 30.0
70 39.738033333333334 37.0
70 40.0043626984127 34.0
71 42.541661904761916 30.0
71 39.738033333333334 37.0
71 40.0043626984127 34.0
72 42.541661904761916 30.0
72 39.738033333333334 37.0
72 40.0043626984127 34.0
73 42.541661904761916 30.0
73 39.738033333333334 37.0
73 40.0043626984127 34.0
74 42.541661904761916 30.0
74 39.738033333333334 37.0
74 40.0043626984127 34.0
75 42.541661904761916 30.0
75 39.738033333333334 37.0
75 40.0043626984127 34.0
76 42.541661904761916 30.0
76 39.738033333333334 37.0
76 40.0043626984127 34.0
77 42.541661904761916 30.0
77 39.738033333333334 37.0
77 40.0043626984127 34.0
78 42.541661904761916 30.0
78 39.738033333333334 37.0
78 40.0043626984127 34.0
79 42.541661904761916 30.0
79 39.738033333333334 37.0
79 40.0043626984127 34.0
80 42.541661904761916 30.0
80 39.738033333333334 37.0
80 40.0043626984127 34.0
81 42.541661904761916 30.0
81 39.738033333333334 37.0
81 40.0043626984127 34.0
82 42.541661904761916 30.0
82 39.738033333333334 37.0
82 40.0043626984127 34.0
83 42.541661904761916 30.0
83 39.738033333333334 37.0
83 40.0043626984127 34.0
84 42.541661904761916 30.0
84 39.738033333333334 37.0
84 40.0043626984127 34.0
85 42.541661904761916 30.0
85 39.738033333333334 37.0
85 40.0043626984127 34.0
86 42.541661904761916 30.0
86 39.738033333333334 37.0
86 40.0043626984127 34.0
87 42.541661904761916 30.0
87 39.738033333333334 37.0
87 40.0043626984127 34.0
88 42.541661904761916 30.0
88 39.738033333333334 37.0
88 40.0043626984127 34.0
89 42.541661904761916 30.0
89 39.738033333333334 37.0
89 40.0043626984127 34.0
90 42.541661904761916 30.0
90 39.738033333333334 37.0
90 40.0043626984127 34.0
91 42.541661904761916 30.0
91 39.738033333333334 37.0
91 40.0043626984127 34.0
92 42.541661904761916 30.0
92 39.738033333333334 37.0
92 40.0043626984127 34.0
93 42.541661904761916 30.0
93 39.738033333333334 37.0
93 40.0043626984127 34.0
94 42.541661904761916 30.0
94 39.738033333333334 37.0
94 40.0043626984127 34.0
95 42.541661904761916 30.0
95 39.738033333333334 37.0
95 40.0043626984127 34.0
96 42.541661904761916 30.0
96 39.738033333333334 37.0
96 40.0043626984127 34.0
97 42.541661904761916 30.0
97 39.738033333333334 37.0
97 40.0043626984127 34.0
98 42.541661904761916 30.0
98 39.738033333333334 37.0
98 40.0043626984127 34.0
99 42.541661904761916 30.0
99 39.738033333333334 37.0
99 40.0043626984127 34.0
100 42.541661904761916 30.0
100 39.738033333333334 37.0
100 40.0043626984127 34.0
