1 43.180858730158725 34.0
2 43.180858730158725 34.0
2 42.777359523809515 40.0
2 43.08658888888889 39.0
3 43.180858730158725 34.0
3 41.92965476190476 35.0
4 43.180858730158725 34.0
4 41.92965476190476 35.0
5 41.92965476190476 35.0
5 42.794130158730155 33.0
6 41.92965476190476 35.0
6 42.794130158730155 33.0
6 44.28802777777778 32.0
6 41.85930476190476 39.0
7 42.794130158730155 33.0
7 44.28802777777778 32.0
7 41.29183571428572 37.0
8 41.29183571428572 37.0
8 43.8626246031746 32.0
9 42.794130158730155 33.0
9 41.29183571428572 37.0
9 43.8626246031746 32.0
10 42.794130158730155 33.0
10 41.29183571428572 37.0
10 43.8626246031746 32.0
11 42.794130158730155 33.0
11 41.29183571428572 37.0
11 43.8626246031746 32.0
12 41.29183571428572 37.0
12 43.8626246031746 32.0
12 41.14321666666667 38.0
13 41.29183571428572 37.0
13 43.8626246031746 32.0
13 41.14321666666667 38.0
14 41.659620634920635 32.0
14 40.986355555555555 37.0
15 41.659620634920635 32.0
15 40.986355555555555 37.0
16 41.659620634920635 32.0
16 40.986355555555555 37.0
17 41.659620634920635 32.0
17 40.986355555555555 37.0
17 41.17728968253969 33.0
18 41.659620634920635 32.0
18 40.986355555555555 37.0
18 41.17728968253969 33.0
19 41.659620634920635 32.0
19 40.986355555555555 37.0
19 41.17728968253969 33.0
20 41.659620634920635 32.0
20 40.986355555555555 37.0
20 41.17728968253969 33.0
21 41.659620634920635 32.0
21 40.986355555555555 37.0
21 41.17728968253969 33.0
21 41.05325873015873 36.0
22 41.659620634920635 32.0
22 40.986355555555555 37.0
22 41.17728968253969 33.0
22 41.05325873015873 36.0
23 41.659620634920635 32.0
23 41.17728968253969 33.0
23 40.33618333333333 37.0
24 41.659620634920635 32.0
24 41.17728968253969 33.0
24 40.33618333333333 37.0
25 41.659620634920635 32.0
25 41.17728968253969 33.0
25 40.33618333333333 37.0
26 41.659620634920635 32.0
26 41.17728968253969 33.0
26 40.33618333333333 37.0
27 41.659620634920635 32.0
27 41.17728968253969 33.0
27 40.33618333333333 37.0
28 41.659620634920635 32.0
28 41.17728968253969 33.0
28 40.33618333333333 37.0
29 41.659620634920635 32.0
29 41.17728968253969 33.0
29 40.33618333333333 37.0
30 41.659620634920635 32.0
30 41.17728968253969 33.0
30 40.33618333333333 37.0
31 41.659620634920635 32.0
31 40.33618333333333 37.0
31 40.53527698412698 33.0
32 41.659620634920635 32.0
32 40.33618333333333 37.0
32 40.53527698412698 33.0
33 41.659620634920635 32.0
33 40.33618333333333 37.0
33 40.53527698412698 33.0
34 41.659620634920635 32.0
34 40.33618333333333 37.0
34 40.53527698412698 33.0
35 41.659620634920635 32.0
35 40.53527698412698 33.0
35 40.21515079365079 34.0
36 40.21515079365079 34.0
36 40.8174492063492 32.0
37 40.21515079365079 34.0
37 40.8174492063492 32.0
38 40.21515079365079 34.0
38 40.8174492063492 32.0
39 40.21515079365079 34.0
39 40.8174492063492 32.0
40 40.21515079365079 34.0
40 40.8174492063492 32.0
41 40.21515079365079 34.0
41 40.8174492063492 32.0
42 40.8174492063492 32.0
42 39.80787936507936 35.0
42 41.56175 31.0
43 40.8174492063492 32.0
43 39.80787936507936 35.0
43 41.56175 31.0
44 40.8174492063492 32.0
44 39.80787936507936 35.0
44 41.56175 31.0
45 40.8174492063492 32.0
45 39.80787936507936 35.0
45 41.56175 31.0
46 40.8174492063492 32.0
46 39.80787936507936 35.0
46 41.56175 31.0
47 40.8174492063492 32.0
47 39.80787936507936 35.0
47 41.56175 31.0
48 40.8174492063492 32.0
48 39.80787936507936 35.0
48 41.56175 31.0
49 40.8174492063492 32.0
49 39.80787936507936 35.0
49 41.56175 31.0
50 40.8174492063492 32.0
50 39.80787936507936 35.0
50 41.56175 31.0
51 40.8174492063492 32.0
51 39.80787936507936 35.0
51 41.56175 31.0
52 40.8174492063492 32.0
52 39.80787936507936 35.0
52 41.56175 31.0
53 40.8174492063492 32.0
53 39.80787936507936 35.0
53 41.56175 31.0
54 40.8174492063492 32.0
54 39.80787936507936 35.0
54 41.56175 31.0
55 40.8174492063492 32.0
55 39.80787936507936 35.0
55 41.56175 31.0
56 40.8174492063492 32.0
56 39.80787936507936 35.0
56 41.56175 31.0
57 40.8174492063492 32.0
57 39.80787936507936 35.0
57 41.56175 31.0
58 40.8174492063492 32.0
58 39.80787936507936 35.0
58 41.56175 31.0
59 40.8174492063492 32.0
59 39.80787936507936 35.0
59 41.56175 31.0
60 40.8174492063492 32.0
60 39.80787936507936 35.0
60 41.56175 31.0
61 40.8174492063492 32.0
61 39.80787936507936 35.0
61 41.56175 31.0
62 40.21515079365079 34.0
62 39.80787936507936 35.0
62 42.09836825396825 30.0
63 40.21515079365079 34.0
63 39.80787936507936 35.0
63 42.09836825396825 30.0
64 40.21515079365079 34.0
64 39.80787936507936 35.0
64 42.09836825396825 30.0
65 39.80787936507936 35.0
65 42.09836825396825 30.0
66 39.80787936507936 35.0
66 42.09836825396825 30.0
66 40.07327619047619 33.0
66 39.7365492063492 37.0
67 39.80787936507936 35.0
67 42.09836825396825 30.0
67 40.07327619047619 33.0
67 39.7365492063492 37.0
68 39.80787936507936 35.0
68 42.09836825396825 30.0
68 40.07327619047619 33.0
68 39.7365492063492 37.0
69 39.80787936507936 35.0
69 42.09836825396825 30.0
69 40.07327619047619 33.0
69 39.7365492063492 37.0
70 39.80787936507936 35.0
70 42.09836825396825 30.0
70 40.07327619047619 33.0
70 39.7365492063492 37.0
71 39.80787936507936 35.0
71 42.09836825396825 30.0
71 40.07327619047619 33.0
71 39.7365492063492 37.0
71 41.326076190476186 31.0
72 39.80787936507936 35.0
72 42.09836825396825 30.0
72 40.07327619047619 33.0
72 39.7365492063492 37.0
72 41.326076190476186 31.0
73 39.80787936507936 35.0
73 42.09836825396825 30.0
73 40.07327619047619 33.0
73 39.7365492063492 37.0
73 41.326076190476186 31.0
74 39.80787936507936 35.0
74 42.09836825396825 30.0
74 40.07327619047619 33.0
74 39.7365492063492 37.0
74 41.326076190476186 31.0
75 39.80787936507936 35.0
75 42.09836825396825 30.0
75 40.07327619047619 33.0
75 39.7365492063492 37.0
75 41.326076190476186 31.0
76 39.80787936507936 35.0
76 42.09836825396825 30.0
76 40.07327619047619 33.0
76 39.7365492063492 37.0
76 41.326076190476186 31.0
77 39.80787936507936 35.0
77 42.09836825396825 30.0
77 40.07327619047619 33.0
77 39.7365492063492 37.0
77 41.326076190476186 31.0
78 39.80787936507936 35.0
78 42.09836825396825 30.0
78 40.07327619047619 33.0
78 39.7365492063492 37.0
78 41.326076190476186 31.0
79 39.80787936507936 35.0
79 42.09836825396825 30.0
79 39.7365492063492 37.0
79 41.326076190476186 31.0
79 40.02852301587301 32.0
80 39.80787936507936 35.0
80 42.09836825396825 30.0
80 39.7365492063492 37.0
80 41.326076190476186 31.0
80 40.02852301587301 32.0
81 39.80787936507936 35.0
81 42.09836825396825 30.0
81 39.7365492063492 37.0
81 41.326076190476186 31.0
81 40.02852301587301 32.0
82 39.80787936507936 35.0
82 42.09836825396825 30.0
82 39.7365492063492 37.0
82 41.326076190476186 31.0
82 40.02852301587301 32.0
83 39.80787936507936 35.0
83 42.09836825396825 30.0
83 39.7365492063492 37.0
83 39.53825476190476 39.0
84 39.80787936507936 35.0
84 42.09836825396825 30.0
84 39.7365492063492 37.0
84 39.53825476190476 39.0
85 39.80787936507936 35.0
85 42.09836825396825 30.0
85 39.7365492063492 37.0
85 39.53825476190476 39.0
86 39.80787936507936 35.0
86 42.09836825396825 30.0
86 39.7365492063492 37.0
86 39.53825476190476 39.0
87 39.80787936507936 35.0
87 42.09836825396825 30.0
87 39.7365492063492 37.0
87 39.53825476190476 39.0
88 39.80787936507936 35.0
88 42.09836825396825 30.0
88 39.7365492063492 37.0
88 39.53825476190476 39.0
89 39.80787936507936 35.0
89 42.09836825396825 30.0
89 39.7365492063492 37.0
89 39.53825476190476 39.0
90 39.80787936507936 35.0
90 39.7365492063492 37.0
90 41.326076190476186 31.0
90 40.02852301587301 32.0
90 39.53825476190476 39.0
90 41.63254682539682 29.0
91 39.80787936507936 35.0
91 39.7365492063492 37.0
91 41.326076190476186 31.0
91 40.02852301587301 32.0
91 39.53825476190476 39.0
91 41.63254682539682 29.0
92 39.80787936507936 35.0
92 39.7365492063492 37.0
92 41.326076190476186 31.0
92 40.02852301587301 32.0
92 39.53825476190476 39.0
92 41.63254682539682 29.0
93 39.80787936507936 35.0
93 39.7365492063492 37.0
93 41.326076190476186 31.0
93 40.02852301587301 32.0
93 39.53825476190476 39.0
93 41.63254682539682 29.0
94 39.80787936507936 35.0
94 39.7365492063492 37.0
94 41.326076190476186 31.0
94 40.02852301587301 32.0
94 39.53825476190476 39.0
94 41.63254682539682 29.0
95 39.80787936507936 35.0
95 39.7365492063492 37.0
95 41.326076190476186 31.0
95 40.02852301587301 32.0
95 39.53825476190476 39.0
95 41.63254682539682 29.0
96 39.80787936507936 35.0
96 39.7365492063492 37.0
96 41.326076190476186 31.0
96 40.02852301587301 32.0
96 39.53825476190476 39.0
96 41.63254682539682 29.0
97 39.80787936507936 35.0
97 39.7365492063492 37.0
97 41.326076190476186 31.0
97 40.02852301587301 32.0
97 39.53825476190476 39.0
97 41.63254682539682 29.0
98 39.80787936507936 35.0
98 39.7365492063492 37.0
98 41.326076190476186 31.0
98 40.02852301587301 32.0
98 39.53825476190476 39.0
98 41.63254682539682 29.0
99 39.80787936507936 35.0
99 39.7365492063492 37.0
99 41.326076190476186 31.0
99 40.02852301587301 32.0
99 39.53825476190476 39.0
99 41.63254682539682 29.0
100 39.80787936507936 35.0
100 39.7365492063492 37.0
100 41.326076190476186 31.0
100 40.02852301587301 32.0
100 39.53825476190476 39.0
100 41.63254682539682 29.0
