1 42.11274603174603 36.0
1 43.92026031746032 34.0
2 42.11274603174603 36.0
2 43.92026031746032 34.0
3 42.11274603174603 36.0
3 43.92026031746032 34.0
4 42.11274603174603 36.0
4 43.92026031746032 34.0
4 41.92107301587302 38.0
5 42.11274603174603 36.0
5 43.92026031746032 34.0
5 41.875661111111114 37.0
6 42.11274603174603 36.0
6 41.875661111111114 37.0
6 42.29963174603174 34.0
7 42.29963174603174 34.0
7 41.665045238095246 35.0
7 41.497859523809524 39.0
8 41.665045238095246 35.0
8 41.497859523809524 39.0
8 42.89849523809524 32.0
8 41.66667777777778 34.0
8 42.84497142857143 33.0
9 41.665045238095246 35.0
9 41.497859523809524 39.0
9 42.89849523809524 32.0
9 41.66667777777778 34.0
9 42.84497142857143 33.0
10 42.89849523809524 32.0
10 41.66667777777778 34.0
10 42.84497142857143 33.0
10 41.44302698412698 35.0
11 42.89849523809524 32.0
11 40.95596587301588 35.0
12 42.89849523809524 32.0
12 40.93848809523809 35.0
13 42.89849523809524 32.0
13 41.949566666666676 33.0
13 40.93848809523809 35.0
13 40.7974619047619 36.0
14 42.89849523809524 32.0
14 41.949566666666676 33.0
14 40.93848809523809 35.0
14 40.7974619047619 36.0
15 42.89849523809524 32.0
15 41.66667777777778 34.0
15 41.949566666666676 33.0
15 40.93848809523809 35.0
15 40.7974619047619 36.0
16 42.89849523809524 32.0
16 41.66667777777778 34.0
16 41.949566666666676 33.0
16 40.93848809523809 35.0
16 40.7974619047619 36.0
17 42.89849523809524 32.0
17 41.66667777777778 34.0
17 41.949566666666676 33.0
17 40.93848809523809 35.0
17 40.7974619047619 36.0
18 42.89849523809524 32.0
18 41.66667777777778 34.0
18 41.949566666666676 33.0
18 40.7974619047619 36.0
18 40.873909523809516 35.0
19 42.89849523809524 32.0
19 40.873909523809516 35.0
19 40.786073015873015 38.0
20 42.89849523809524 32.0
20 41.66667777777778 34.0
20 40.786073015873015 38.0
20 40.50633571428571 41.0
21 42.89849523809524 32.0
21 40.24043492063492 37.0
22 42.89849523809524 32.0
22 41.66667777777778 34.0
22 41.949566666666676 33.0
22 40.24043492063492 37.0
23 42.89849523809524 32.0
23 41.66667777777778 34.0
23 41.949566666666676 33.0
23 40.24043492063492 37.0
24 42.89849523809524 32.0
24 41.66667777777778 34.0
24 41.949566666666676 33.0
24 40.24043492063492 37.0
25 40.24043492063492 37.0
25 42.50169523809524 31.0
26 40.24043492063492 37.0
26 42.50169523809524 31.0
27 40.24043492063492 37.0
27 42.50169523809524 31.0
28 40.24043492063492 37.0
28 42.50169523809524 31.0
28 40.887005555555554 32.0
28 40.71172063492063 33.0
29 40.24043492063492 37.0
29 42.50169523809524 31.0
29 40.26809126984127 32.0
30 42.50169523809524 31.0
30 40.26809126984127 32.0
30 40.21995714285714 36.0
31 42.50169523809524 31.0
31 40.26809126984127 32.0
31 40.21995714285714 36.0
32 42.50169523809524 31.0
32 40.26809126984127 32.0
32 40.21995714285714 36.0
33 42.50169523809524 31.0
33 40.26809126984127 32.0
33 40.21995714285714 36.0
34 42.50169523809524 31.0
34 40.26809126984127 32.0
34 40.21995714285714 36.0
35 40.26809126984127 32.0
35 40.21995714285714 36.0
35 41.915035714285715 31.0
36 40.26809126984127 32.0
36 40.21995714285714 36.0
36 41.915035714285715 31.0
37 40.26809126984127 32.0
37 40.21995714285714 36.0
37 41.915035714285715 31.0
38 40.26809126984127 32.0
38 40.21995714285714 36.0
38 41.915035714285715 31.0
39 40.26809126984127 32.0
39 40.21995714285714 36.0
39 41.915035714285715 31.0
40 40.26809126984127 32.0
40 40.21995714285714 36.0
40 41.915035714285715 31.0
41 40.26809126984127 32.0
41 40.21995714285714 36.0
41 41.915035714285715 31.0
42 40.26809126984127 32.0
42 40.21995714285714 36.0
42 41.915035714285715 31.0
43 40.26809126984127 32.0
43 40.21995714285714 36.0
43 41.915035714285715 31.0
44 40.26809126984127 32.0
44 40.21995714285714 36.0
44 41.915035714285715 31.0
45 40.26809126984127 32.0
45 40.21995714285714 36.0
45 41.915035714285715 31.0
46 40.26809126984127 32.0
46 40.21995714285714 36.0
46 41.915035714285715 31.0
47 40.26809126984127 32.0
47 40.21995714285714 36.0
47 41.915035714285715 31.0
48 41.915035714285715 31.0
48 40.03543968253968 35.0
49 41.915035714285715 31.0
49 40.03543968253968 35.0
50 41.915035714285715 31.0
50 40.03543968253968 35.0
51 41.915035714285715 31.0
51 40.03543968253968 35.0
52 41.915035714285715 31.0
52 40.03543968253968 35.0
53 41.915035714285715 31.0
53 40.03543968253968 35.0
53 40.184219047619045 33.0
54 41.915035714285715 31.0
54 40.03543968253968 35.0
54 40.184219047619045 33.0
55 41.915035714285715 31.0
55 40.03543968253968 35.0
55 40.184219047619045 33.0
56 41.915035714285715 31.0
56 40.03543968253968 35.0
56 40.184219047619045 33.0
57 41.915035714285715 31.0
57 40.03543968253968 35.0
57 40.184219047619045 33.0
58 41.915035714285715 31.0
58 40.03543968253968 35.0
59 41.915035714285715 31.0
59 40.03543968253968 35.0
60 41.915035714285715 31.0
60 40.03543968253968 35.0
61 41.915035714285715 31.0
61 40.03543968253968 35.0
62 41.915035714285715 31.0
62 40.03543968253968 35.0
63 41.915035714285715 31.0
63 40.03543968253968 35.0
64 41.915035714285715 31.0
64 40.03543968253968 35.0
65 41.915035714285715 31.0
65 40.03543968253968 35.0
66 41.915035714285715 31.0
66 40.03543968253968 35.0
67 41.915035714285715 31.0
67 40.03543968253968 35.0
68 41.915035714285715 31.0
68 40.03543968253968 35.0
69 41.915035714285715 31.0
69 40.03543968253968 35.0
70 41.915035714285715 31.0
70 40.03543968253968 35.0
71 41.915035714285715 31.0
71 40.03543968253968 35.0
72 41.915035714285715 31.0
72 40.03543968253968 35.0
73 41.915035714285715 31.0
73 40.03543968253968 35.0
74 41.915035714285715 31.0
74 40.03543968253968 35.0
75 41.915035714285715 31.0
75 40.03543968253968 35.0
76 41.915035714285715 31.0
76 40.03543968253968 35.0
77 41.915035714285715 31.0
77 40.03543968253968 35.0
78 41.915035714285715 31.0
78 40.03543968253968 35.0
79 41.915035714285715 31.0
79 40.03543968253968 35.0
80 41.915035714285715 31.0
80 40.03543968253968 35.0
81 41.915035714285715 31.0
81 40.03543968253968 35.0
81 39.963926190476194 38.0
82 41.915035714285715 31.0
82 40.03543968253968 35.0
82 39.963926190476194 38.0
83 41.915035714285715 31.0
83 40.03543968253968 35.0
83 39.963926190476194 38.0
84 41.915035714285715 31.0
84 40.03543968253968 35.0
84 39.963926190476194 38.0
85 41.915035714285715 31.0
85 40.03543968253968 35.0
85 39.963926190476194 38.0
86 41.915035714285715 31.0
86 40.03543968253968 35.0
86 39.963926190476194 38.0
87 41.915035714285715 31.0
87 40.03543968253968 35.0
87 39.963926190476194 38.0
88 41.915035714285715 31.0
88 40.03543968253968 35.0
88 39.963926190476194 38.0
89 41.915035714285715 31.0
89 40.03543968253968 35.0
89 39.963926190476194 38.0
90 40.26809126984127 32.0
90 40.03543968253968 35.0
90 40.184219047619045 33.0
90 39.963926190476194 38.0
90 41.22974285714287 31.0
91 40.26809126984127 32.0
91 40.03543968253968 35.0
91 40.184219047619045 33.0
91 39.963926190476194 38.0
91 41.22974285714287 31.0
92 40.26809126984127 32.0
92 40.03543968253968 35.0
92 40.184219047619045 33.0
92 39.963926190476194 38.0
92 41.22974285714287 31.0
93 40.26809126984127 32.0
93 40.03543968253968 35.0
93 40.184219047619045 33.0
93 39.963926190476194 38.0
93 41.22974285714287 31.0
94 40.26809126984127 32.0
94 40.03543968253968 35.0
94 40.184219047619045 33.0
94 39.963926190476194 38.0
94 41.22974285714287 31.0
95 40.03543968253968 35.0
95 40.184219047619045 33.0
95 39.963926190476194 38.0
95 41.773248412698415 30.0
96 40.03543968253968 35.0
96 40.184219047619045 33.0
96 39.963926190476194 38.0
96 41.773248412698415 30.0
97 40.03543968253968 35.0
97 40.184219047619045 33.0
97 39.963926190476194 38.0
97 41.773248412698415 30.0
98 40.03543968253968 35.0
98 40.184219047619045 33.0
98 39.963926190476194 38.0
98 41.773248412698415 30.0
99 40.03543968253968 35.0
99 40.184219047619045 33.0
99 39.963926190476194 38.0
99 41.773248412698415 30.0
100 40.03543968253968 35.0
100 40.184219047619045 33.0
100 39.963926190476194 38.0
100 41.773248412698415 30.0
