33.90960966810967 0.01687135575866695 142.77743310546873 
34.044091486291485 0.016037907817230253 149.6427510579427 
33.455109668109664 0.0186175153656006 143.57272737630205 
33.36904502164502 0.02415704096536875 136.06240645345054 
33.731791486291485 0.021257185355246063 134.083634765625 
33.18368109668109 0.019363428257026628 143.53813924153644 
33.98892323232323 0.010590730881776813 342.34203629557294 
34.04480115440115 0.010895363806047428 270.8867750651042 
32.68419516594516 0.025668998417291578 132.77880737304687 
32.94648391053391 0.013741834121789965 165.07589656575522 
33.83242417027417 0.014270893445358248 152.7225945638021 
33.24792979797979 0.012571772338304532 191.64800992838542 
32.686438816738814 0.012558496203079233 208.0568330891927 
30.246189971139966 0.01567635299767496 268.79537475585937 
33.28960858585859 0.01835500783299446 144.83406697591147 
32.08681176046176 0.012390428395006642 234.21004520670573 
33.665989321789326 0.012637446586666106 177.16138187662762 
32.05306378066378 0.015713014896631218 161.58272013346354 
30.956843290043288 0.013741667156944278 237.81859147135418 
30.41663694083694 0.016326910502567286 218.99135493977866 
31.256941702741702 0.013321078910086138 202.82478133138022 
30.830346248196246 0.012909454088747507 332.07861796061195 
30.556720274170274 0.013976566514492045 251.86081229654948 
31.846421861471857 0.014354767519006724 171.3869054361979 
31.202505194805195 0.014841043043234338 189.66392948404948 
31.4117404040404 0.01453186682102444 185.29221630859374 
32.495253030303026 0.014372489361479302 156.53367207845054 
32.71922871572871 0.019088942699708955 144.6815801595052 
30.904244733044735 0.01494103360036852 204.42894702148436 
31.181693939393934 0.012660742585420624 266.08394014485674 
32.44941212121212 0.011248684154150496 294.5848995768229 
31.871860750360746 0.024082378889617888 140.17843400065104 
32.851251443001445 0.01821022337318418 145.30392911783855 
32.216977417027415 0.013763030936777608 162.12858231608072 
31.96903499278499 0.026754327355921294 137.5591748860677 
31.816392568542565 0.013694636928141126 183.1078448893229 
33.559305122655125 0.012622153039445892 189.2268555501302 
30.382420274170272 0.015613211875650861 241.43102779134114 
31.05850815295815 0.012835455006182193 281.4253787027995 
31.627478499278496 0.013586969119131553 189.62707897949218 
32.17362929292929 0.012321014128007879 222.77886507161458 
30.871539538239535 0.016517998918344965 191.61006778971353 
30.24692481962482 0.013928057850780497 289.99263407389327 
30.573636940836938 0.015448165023860929 218.6237139485677 
29.571959018759017 0.031988094048128184 198.0421730957031 
30.72875122655122 0.015576826485452666 200.23607649739586 
29.528339971139967 0.03493870481353993 199.4366163330078 
30.505720274170272 0.015362059108164305 228.33258569335936 
31.025772510822506 0.016063087665846385 191.32403759765626 
30.853120274170273 0.013949030468359 223.4839014892578 
31.486442496392495 0.012475682216644277 247.75527514648437 
32.13025122655122 0.014494622992441664 161.9283262532552 
32.06281075036075 0.013449330101549624 169.48577913411458 
31.51914191919192 0.014897589799044153 180.96044490559893 
30.268336940836942 0.015311805649664416 254.22288399251303 
30.709779365079367 0.015575656519994749 206.2751182454427 
29.934756637806633 0.02284438956142424 195.22712569173177 
31.613977417027414 0.015038610267374502 172.13848465983074 
32.77133564213564 0.011830788643476954 252.42340950520833 
31.0610417027417 0.01328138421718834 216.2732832845052 
31.01525122655123 0.014798549355707147 192.80983040364583 
31.393650649350647 0.01210218552166223 306.7563677164714 
30.116446464646465 0.01571484835853815 271.30974702962243 
32.331915007215 0.01277258113270759 200.59329427083333 
32.242810750360746 0.013268735989191514 189.97666052246092 
32.118780014430016 0.012818612611808777 217.20811645507814 
31.2246917027417 0.013244064139769071 208.91421614583334 
33.05801313131313 0.012795972309551236 190.17012373860678 
30.2813062049062 0.02152505542169571 183.86154825846353 
31.910707575757574 0.011757044698774808 270.6358516438802 
30.78633997113997 0.016235227230551257 198.39307788085938 
31.936551010101006 0.012491177533149721 227.35482259114585 
30.617417893217894 0.015654386201050297 200.1356139729818 
30.538803607503606 0.014460301647367488 232.91527811686194 
31.06057806637806 0.016431065664885038 183.95294946289061 
30.316415728715725 0.017560358103153713 206.66622912597657 
31.17125230880231 0.014313464755842699 212.46417834472655 
31.955356709956714 0.013586666382274624 193.8547401123047 
32.35472633477633 0.013391624641478042 174.08371325683592 
30.151897546897548 0.02304217926291462 180.25403666178386 
30.645831385281387 0.025568240478250993 154.6103464355469 
30.455172294372296 0.027821304739401382 154.7359082845052 
31.611314718614718 0.014841998806562437 179.16591467285156 
31.605664718614715 0.0158179199481106 171.3343528645833 
30.95458138528138 0.016121208852837056 188.58330594889324 
31.07689805194805 0.0181435269340062 168.55595723470051 
31.078707575757576 0.019508050273716483 161.4869960530599 
30.990481385281388 0.02054050747668507 162.79053755696614 
30.812597546897546 0.016299018672058616 197.94267948404948 
31.137132611832612 0.015874538575270145 186.50793432617186 
30.526148051948052 0.019969406389400958 179.6017754313151 
29.772002597402594 0.030263713864538622 174.19252022298178 
31.26563138528139 0.017291670172073826 166.47641695149738 
30.77522987012987 0.0212152734420395 159.393923828125 
31.451649567099565 0.016937135332205297 156.7171697184245 
30.731481385281384 0.01725692283164026 186.952903116862 
30.6979722943723 0.029561938729581776 144.7706455891927 
30.37388896103896 0.023048991791059934 165.8390681152344 
30.8492829004329 0.015499464511632938 202.8185869140625 
31.576136940836946 0.015824701144754882 162.86230839029946 
30.329745021645017 0.02070398132353067 181.21491455078126 
30.302134848484847 0.016051412097606653 240.15969010416669 
30.61998138528138 0.01735234834992645 197.62340116373696 
29.929081385281382 0.029833208561906868 168.38804435221357 
30.17522683982684 0.019325249435987478 185.76705334472655 
31.019898051948054 0.024136307974424388 144.4544307861328 
30.75902784992785 0.022469393932878955 159.38854069010415 
30.220488455988455 0.024620429631938955 164.34790734863282 
31.103372294372292 0.01592676141494753 178.41341910807293 
30.349408658008656 0.017627836430015587 202.45144576009113 
31.353470274170274 0.016064718932459348 170.22546659342447 
29.801137445887445 0.02362858540153506 196.41660119628907 
31.638930519480517 0.02256394133380892 146.4701426595052 
30.645183405483408 0.020739268318786613 172.07463110351563 
30.446611183261183 0.022253100071547034 162.01061971028645 
30.703871789321788 0.01927773765260932 165.6720157063802 
31.981714718614718 0.015337990506849261 166.60597310384117 
30.76517784992785 0.018373795399131757 178.15096305338542 
29.890045021645022 0.025934970063784174 176.02583858235676 
31.299560678210675 0.015209675469579676 188.8701690673828 
30.425188961038963 0.018754008892574323 183.98991333007814 
31.287786580086582 0.016331539538373973 161.44994986979162 
32.30238189033189 0.012811053671464902 218.56140413411458 
30.16372987012987 0.0240582118609548 169.9862519124349 
32.45634956709957 0.018592178817341293 150.5660028076172 
31.080405627705627 0.017756914157984218 160.6494862467448 
30.09227633477634 0.025593191587581568 165.895337117513 
30.994805627705627 0.02254299713629725 150.68841507975262 
30.19201471861472 0.018919382344617833 201.09894958496093 
30.43537683982684 0.02684671550935747 155.59045479329427 
30.065338961038965 0.024081925945188973 172.92736971028646 
30.316205122655123 0.01799851558964011 212.16455802408856 
32.35560360750361 0.017419290761270526 153.29226420084632 
30.43853845598846 0.024750230824301212 156.7966485188802 
31.691485353535356 0.017711547013530712 151.855580078125 
31.07342705627706 0.018670878091166042 170.5312176106771 
30.280233405483404 0.021814401570704002 180.41421053059895 
31.196505627705623 0.016807908666048078 176.54957942708333 
29.858539971139976 0.027124673637571286 178.59606131998697 
30.818556637806637 0.016987087787971512 171.32641975911457 
30.013708152958152 0.021788461102774114 188.89251025390624 
30.261859595959596 0.01521028412541388 286.62359521484376 
30.920984848484846 0.013843700691244609 258.7963529459636 
30.698530880230884 0.01803419819064376 186.73540848795574 
31.26409855699856 0.014792395568964509 198.4729646402995 
30.631132395382398 0.019558548634901054 179.3058252360026 
30.38660411255411 0.01741412301388022 201.62234025065106 
30.65669761904762 0.015566180093536348 216.18407975260416 
34.28172489177489 0.010825351382315152 302.5155654296875 
33.06889610389611 0.010901234595701697 346.2624486490886 
31.942267821067823 0.01929051222065924 149.73759220377605 
31.920434054834054 0.022037380755653365 145.81595446777342 
33.35058124098124 0.017226371171236057 145.39933337402343 
32.54173924963924 0.01981457460853818 143.39480395507812 
32.29462496392496 0.01970390740442514 147.38115698242189 
32.15544163059163 0.020714907843027108 147.7262939453125 
31.507938816738815 0.02330969602718589 140.1982462565104 
33.07149033189033 0.02175788254681586 137.76610530598958 
31.65841132756133 0.029077399723913634 138.2183885091146 
33.22288398268398 0.01252891109061478 213.08723042805985 
32.59267215007215 0.023701700123348234 137.3782323811849 
30.62106183261183 0.02095324704196213 172.29870861816406 
31.505458946608943 0.02029887865782021 153.38204947916665 
31.802034054834056 0.022845034452841317 142.21904166666667 
30.78569314574315 0.02362924477201704 150.8832150065104 
30.29609675324675 0.01646101663093804 249.71049971516928 
33.390992857142855 0.0125062586129093 211.00662565104167 
30.775221933621932 0.014755751171896475 214.64815901692708 
29.6621753968254 0.02996870828310015 187.48793896484375 
30.580528499278497 0.020012423866853694 175.00077473958333 
29.821649711399715 0.018398872588157627 234.6453030598958 
29.184263131313138 0.024868232963678835 246.81496598307294 
30.53405447330447 0.017598194975891122 192.79373347981772 
29.58649314574315 0.01668017617367742 293.023744140625 
29.80596428571429 0.029581715118944637 179.74959733072916 
29.559905988455995 0.01989623849545481 231.12059326171874 
30.525055627705633 0.013475812227954864 376.79157189941407 
31.00119675324675 0.01448575378275157 211.35602754720054 
29.784138600288603 0.016143001467332826 278.8947674153646 
30.521038600288602 0.017901526908159233 189.9766182454427 
30.317633261183264 0.02182037793254854 179.22173876953127 
30.384068759018756 0.015449659366276262 239.30657019042968 
30.424504112554114 0.014311087092936046 282.4390577392578 
29.471444949494952 0.01935157895970343 242.52206079101563 
30.298249711399713 0.016061890631208428 221.29811242675783 
30.138810028860036 0.019535624687197217 195.53350960286457 
29.72823643578644 0.020830270995101947 208.69414794921875 
29.260185209235214 0.018745576224253168 292.7363250325521 
29.950029365079374 0.022565055756568878 191.13819116210936 
30.576249711399715 0.016114522461235542 208.51761926269532 
29.47846024531025 0.038429322215318695 192.0411200358073 
30.228048412698417 0.01733309807652471 229.9874676106771 
29.566940981240986 0.022112465204546447 223.20850675455728 
30.348816378066378 0.018273523202238115 202.7226242675781 
29.680451587301594 0.02307868406830788 205.1421564941406 
30.011792135642136 0.014652381439924245 309.7662673339844 
29.63850281385282 0.03178601532844543 200.5429025878906 
29.895628210678215 0.019439672495851507 208.01019466145834 
29.2960266955267 0.03165451680659294 211.3727609863281 
28.859909018759016 0.020396039394006697 301.1988724365234 
29.861249711399715 0.016986698631288984 252.12957861328124 
30.139432251082255 0.01572401295156719 257.21147591145836 
30.037987806637812 0.0167134852166772 236.76390844726564 
30.184592568542566 0.017991965560197828 212.2097111816406 
29.52302431457432 0.021984875638964195 234.67526879882814 
30.610860822510823 0.015235357938597205 228.7169384358724 
29.64633455988456 0.01707884953437089 284.0948616943359 
28.822338311688316 0.02388065396595239 275.81174157714844 
29.42820526695527 0.019191429545402525 258.87309338378907 
30.7650512987013 0.01441801546764373 244.07351818847656 
29.66398304473305 0.01857452432812693 242.11990559895833 
31.174603679653682 0.01470784633827449 204.56523897298177 
29.012378860028868 0.02091372997025488 281.29204040527344 
30.30089415584415 0.016052927157232753 251.98771398925783 
28.797918686868687 0.026207314195194245 302.9507291666667 
30.92716096681097 0.013093022963449967 289.3496563313802 
29.33460887445888 0.029681562457773647 222.43598657226562 
29.586232251082254 0.023595942269935607 214.1497293294271 
29.69155447330448 0.019577094130601897 213.9300100097656 
29.420679437229442 0.027319665307416904 201.80120996093746 
28.772481240981243 0.03700203008857722 300.30494946289065 
29.963411616161622 0.018813700419638136 221.79510375976562 
30.355728499278502 0.014486880046322329 266.8274572347005 
29.970987806637808 0.017413536652526845 224.241126953125 
30.25729256854257 0.018352934912643414 193.62706127929687 
29.410213203463208 0.024872408461847274 221.75116650390623 
29.98689357864358 0.025027130559196496 179.29007031249998 
28.88072431457432 0.03958106050615553 256.3883702799479 
29.505371933621937 0.01790319889554025 276.09037072753904 
29.081693362193363 0.02501245896057129 244.39877392578126 
29.300811616161617 0.021279569214067436 253.34162280273438 
29.937730230880234 0.016189805887403506 273.45205236816406 
30.23988246753247 0.018532092577209457 209.66516357421875 
29.49680447330448 0.024161603364763272 205.35665120442707 
29.037825324675328 0.029343091306269185 253.23392252604165 
29.730441197691203 0.01912090019512177 220.19108862304688 
30.08216024531025 0.023790465689680605 178.98070043945313 
30.708110317460324 0.013976396402332794 249.6358046468099 
29.386238600288607 0.02067946868002178 237.91351489257812 
29.60865764790765 0.022612597194194787 220.52947338867185 
30.54816962481963 0.01647760020065309 203.4571213378906 
30.403879292929297 0.015069887370338444 247.2336896565755 
29.116285353535353 0.02044534296709299 264.0319724121094 
30.031170634920635 0.018956259989759944 213.92461718750002 
29.465913780663787 0.018176544384002707 287.9591122639974 
30.506805555555562 0.020189213608980162 176.47854394531248 
29.885678210678215 0.019953767644224196 196.61362556966145 
28.902621933621937 0.02944610135769844 273.1389275716146 
29.099970923520925 0.02470406593083381 271.33986299641924 
29.799538600288603 0.01751435995632409 268.4760772705078 
32.432330519480516 0.02162487101022959 142.07752970377604 
33.0705689033189 0.01625228748708962 152.29135205078126 
32.27148203463204 0.01918099996082546 148.3220286458333 
33.809805988455985 0.012067174752771843 213.46965568033855 
32.36002972582972 0.016614328391859567 150.8021543782552 
32.12347453102453 0.011730129668474197 262.70562284342446 
32.49934870129871 0.01707763017111064 149.05001228841147 
31.81176774891775 0.01994142558127644 150.47861519368487 
30.438189971139973 0.02188171479474065 172.7513105061849 
30.592479653679653 0.021128677293405524 165.62927388509115 
31.476753463203462 0.020752310641107587 149.56415474446612 
33.4305917027417 0.011908481461286537 221.9378398844401 
30.410408585858587 0.024746057080707574 159.3877471110026 
32.76496406926407 0.016489428485968086 146.93542008463538 
31.054689971139968 0.021707823034801496 150.46624263509113 
32.674444300144295 0.01277299623122455 196.8951337076823 
29.534587229437225 0.03062092304748533 201.12898311360678 
31.817502164502162 0.013214098112735764 226.9475761311849 
32.102220129870126 0.0168945944340229 158.34943575032554 
30.347661111111105 0.02347771976312639 166.907700398763 
30.22998145743146 0.0223945370114231 177.98670235188803 
31.431779870129873 0.019242624838075602 158.958958211263 
31.980617748917744 0.015429742904901478 168.21911197916666 
33.25919992784992 0.011460137133409962 245.9305106608073 
31.131217748917752 0.02065332384888886 154.22662715657552 
29.843991991341987 0.026250950784323202 179.72031831868492 
30.48238441558441 0.02070803864850045 176.9482597249349 
32.191420634920625 0.013012929845688338 211.8505078531901 
31.34108492063492 0.013229883011391148 262.30006099446615 
31.79705613275613 0.016896762277898783 156.52641259765625 
30.447741919191916 0.02370798363107685 158.78277396647135 
30.355010606060606 0.026056764861383478 163.0359403889974 
30.183099062049063 0.025043133344783763 167.15484427897135 
32.44839552669553 0.015514399467661361 159.55409781901042 
30.375051082251083 0.020521381734857562 183.79607710774738 
30.82817987012987 0.02122151382504467 157.74019453938803 
31.36616507936508 0.013135835147678859 245.3514502766927 
29.63152943722944 0.023146777350320814 210.155178507487 
30.57610663780663 0.01892399783408406 182.1159499104818 
29.834079653679655 0.024100182207107513 185.42347774251303 
30.765513203463208 0.022402418068170532 158.0337538655599 
29.704472077922073 0.024832995174334037 195.0597256266276 
31.004969696969695 0.02100714704997299 162.71047294108072 
30.351927705627705 0.015135789639446723 271.22021321614585 
31.319333910533913 0.019954293687448516 156.9474639485677 
29.593768253968257 0.02183093353796003 220.89229073079426 
31.329003463203463 0.021636584949731804 147.61186104329428 
29.640397113997114 0.025113218523416525 187.4917567952474 
29.653787012987014 0.02200492372796297 211.24713789876301 
30.098222799422796 0.022092813058137886 187.40358199055987 
30.70446724386725 0.023140835112571683 155.85349385579428 
29.68527121212121 0.02804209946298596 185.30838985188802 
31.81696774891775 0.019996340798578288 149.91906819661457 
32.09776998556998 0.01207809818093538 235.69943961588544 
31.355686002886 0.015563810568640242 187.02463997395833 
30.41552835497835 0.02137963844442367 180.86297188313802 
29.851461688311687 0.02340146738124132 196.4845907796224 
31.896994011544017 0.01734016897035602 154.09968395996094 
31.094229653679655 0.01665778733632328 182.69427022298177 
29.808085714285717 0.021576202767286303 202.51798238118488 
30.10515800865801 0.0165708233349228 248.29363814290366 
29.998039538239535 0.0255952122480869 176.3320987548828 
32.00319206349206 0.013048171336948881 223.04752518717447 
31.056118542568537 0.022751967458248167 150.27112178548177 
29.98833391053391 0.022299772864341694 183.88034224446614 
30.693296825396825 0.015439579204759593 220.27176900227863 
29.868355050505052 0.02846262569790841 177.58674458821613 
30.244100505050504 0.02264300300611495 170.07099214680989 
32.82397157287157 0.013132714467499283 186.09176456705728 
30.847590764790766 0.016551791227636357 191.74558443196617 
29.384524386724387 0.02850595781797409 213.62960534667968 
32.43954538239538 0.011684856705513004 358.1631620279948 
33.57419805194805 0.010662813595354561 380.62793359375 
35.43364632034632 0.009783597337484365 384.8732927652995 
35.50096082251082 0.010408499444255825 278.3773368733724 
35.33338073593074 0.01030216143027305 334.17972709147136 
29.18980252525253 0.026411834310839186 231.89379223632812 
