32.64790021645021 0.03901148014511108 169.68346118164064 
39.641587590187584 0.009150848703148372 383.94986494954424 
32.85695476190476 0.0361880620439148 167.97280932617187 
31.25459329004329 0.03146287424278259 280.93292016601566 
35.82930122655123 0.008338472624838347 529.9455919596354 
32.53533354978355 0.03323518127769472 172.4449794921875 
38.24530230880231 0.014732804835500692 205.93212951660155 
39.126848412698415 0.0097897970649624 345.66468994140627 
32.48265577200577 0.03486273558521273 172.60633642578125 
32.83943354978355 0.03744747710560794 169.12224169921876 
38.55943722943723 0.011520190621614463 271.8301911621094 
39.41878542568543 0.009391026238682276 364.91022399902346 
32.79410021645022 0.02865698635200499 173.12770109049478 
32.25591132756133 0.03689666959904666 179.4655966796875 
38.70473073593073 0.010795583095588692 286.8917705078125 
37.00635209235209 0.010043686094369895 360.9392824707032 
34.45886075036074 0.015117756852438421 225.62265856933595 
35.53240728715729 0.00842716761137008 539.009375773112 
39.56482380952381 0.010017961506881718 320.95149088541666 
37.200869841269835 0.012495878214302066 272.9518674723307 
32.2596145021645 0.03531757496929166 181.99326293945313 
38.101850432900434 0.009859326319515707 343.62662878417973 
37.07802568542568 0.009096239063558586 398.2720526123047 
36.573913852813845 0.007144462697908877 604.3951809488931 
35.85407683982684 0.00719258471999407 622.6508227945964 
36.808723088023086 0.009191614880332951 419.7572267659506 
34.745150793650794 0.010467679937086114 385.24427661132813 
31.733138672438667 0.02266165632194518 294.9535673014323 
32.77859971139971 0.01460633637503623 408.2980627034505 
36.09948636363636 0.007269883896455763 612.4093862711588 
36.37483441558442 0.007752612373421192 529.6832423502605 
36.26991385281385 0.007362094807207583 590.3790471598307 
36.62427748917749 0.007398429736673828 574.0313870035807 
35.603024963924966 0.007918071951112745 542.9055391031901 
34.70688564213564 0.008656408558263775 514.0093429361979 
36.66940086580086 0.007452761108276845 568.8356708170572 
33.03814906204906 0.014452739283647535 357.07542541503904 
35.75973672438672 0.008315441061785217 539.0512458902994 
36.26193802308802 0.007716354655888082 559.829786376953 
36.344359018759015 0.0076233314036750766 561.7436394449869 
36.19115339105338 0.00793056854803324 541.9305876871745 
36.397137157287155 0.008661073232986932 451.90086828613283 
30.92922987012987 0.04915757849724048 242.65475500488282 
35.0804207070707 0.007788180447759626 550.2695892333985 
37.06274105339104 0.007419066531314854 531.8648199869791 
37.72250873015872 0.008146867576181886 443.94985921223963 
31.209588311688318 0.042066765583515124 218.17446569824216 
34.52300404040403 0.009043218294527526 502.74435095214847 
36.82579105339105 0.007858146214447028 517.8284090576171 
35.23356875901876 0.01054910944921732 340.02717325846356 
37.58317539682539 0.008997713116645815 392.0877306722005 
36.96940772005772 0.007514304831495286 537.1392440592448 
30.99808831168831 0.041555507597980566 247.41961413574217 
35.62782727272727 0.008583619648859505 487.0094247233073 
31.263339826839832 0.03296680245977645 252.4343481445312 
31.093124675324674 0.03516860676017767 219.8886477050781 
31.03741558441559 0.040418045364954504 249.6270858154297 
36.361221212121215 0.008047982276287077 497.1166112467448 
32.358470129870135 0.027147096617937124 191.23955212402342 
31.57776103896104 0.03771195471864943 194.00238846842447 
37.12728246753247 0.009948532285044186 346.13119449869794 
36.67375418470418 0.010075509735116958 376.46489994303386 
34.670951010101 0.010464164295408727 427.4919196777344 
31.604597402597406 0.03592264112240073 198.19195381673177 
36.06735216450216 0.008118576156387322 464.5487315673828 
36.841897619047614 0.008649784580805302 403.00443351236987 
35.00415555555555 0.00896042423460245 467.73441711425784 
35.92256212121212 0.008318829383852488 533.530567952474 
37.02402994227994 0.0079857594630456 477.15711405436195 
31.346615584415584 0.039471824440214645 204.99542525227864 
31.228794372294374 0.03459319041874166 235.70480151367184 
31.41026103896104 0.03845277581316232 213.8654529215495 
34.418283261183255 0.010546990468206398 440.1433361816406 
35.389564213564206 0.011630007805814751 273.71563321940107 
35.734249999999996 0.009473057126829632 416.27318033854175 
34.17000606060606 0.011138762743904587 421.3417495524089 
32.997508513708524 0.014977489078998561 360.6821486002604 
34.84681370851371 0.010362040007040494 373.0019431152343 
37.466675396825394 0.009222355470857611 382.825182820638 
33.09917763347764 0.014414770592377174 353.39912951660153 
34.79803492063491 0.009733107999613286 387.1671196289063 
31.290215584415588 0.03992200516531231 197.23659061686197 
34.74643585858586 0.0088073009877801 492.43768815104175 
31.656427705627706 0.03678825662799841 195.91212866210938 
36.54560252525253 0.008699234888792038 430.9199109700521 
35.85561984126984 0.008646643222389226 459.038192179362 
31.668624675324676 0.030483941179010834 205.2680031738281 
37.451675396825394 0.008314078416941172 438.34233260091145 
36.727115800865796 0.009669645952150828 366.39904947916676 
30.5173652958153 0.04650789848854303 285.41100325520836 
36.82843795093795 0.008020072369089122 512.6416059977214 
37.03233795093795 0.007818619014749529 511.46292663574224 
30.643409740259745 0.042515381895658955 309.49190559895834 
30.985030375180376 0.042004129965782164 262.41844392903647 
30.788198629148628 0.033138839435007575 336.2698401692708 
39.62119725829726 0.00844587269316673 429.2247177327474 
31.43026197691198 0.025348955010750292 360.81904585774737 
30.705987518037514 0.043890090919230004 287.6483891601563 
40.498742712842706 0.009030256204130657 381.5739851888021 
40.042237662337655 0.009137746406614779 381.73226717122395 
31.118398629148633 0.030004950413286692 342.88468082682294 
30.896065295815298 0.04069206450130701 318.9398821614583 
35.46670144300144 0.007615839227106572 570.9609436442057 
35.31975598845599 0.007625777712919715 607.3958628336588 
38.64410512265513 0.020050221627235416 170.5428730875651 
34.903470274170274 0.007915407659590246 587.9850825602213 
33.97359956709957 0.009926718786373136 527.6783515218099 
35.22215858585858 0.007993425715658671 546.637023844401 
35.39630144300144 0.0077690121813035065 565.2424228922526 
33.389157142857144 0.012718313326301571 416.3240350748698 
38.72834148629149 0.019588861322822573 175.86304349772135 
37.9856196969697 0.014160958413400638 216.47978812662762 
38.56107481962482 0.02169691203694584 171.51552689615886 
34.729581385281385 0.009195902915194034 457.3955401204428 
34.24924805194805 0.009229197654306888 479.1540668131511 
35.067755988455986 0.0076777039324974995 598.4757439371745 
33.16914199134199 0.012620826935350897 435.5847853597005 
33.73752467532467 0.012232435367832174 366.17549641927087 
35.3204443001443 0.008224062098085875 540.2501904703776 
33.77809653679654 0.011811072575304506 396.06976676432294 
35.186201443001444 0.007629716060183045 571.4659891764323 
34.24924805194805 0.00944668698292017 466.01856681315104 
34.99562683982683 0.008515525445520877 492.49836140950526 
38.91115101010101 0.014607582040443403 214.71265922037762 
33.05134805194805 0.012805983439562326 469.7050461832682 
34.176950649350644 0.010756099819719787 424.22460229492185 
34.5289036075036 0.009931474167451857 434.7957450358073 
31.568791341991343 0.024687612224159255 325.7984526367187 
34.18608138528138 0.009358457855761048 502.9405033772787 
33.339987445887445 0.0107379407066369 505.26472330729166 
35.631201443001444 0.00899780262518167 445.4962904052734 
34.66848138528138 0.008464605293085573 517.5895581868489 
35.05155541125541 0.008502405572473996 511.80998848470057 
35.682312554112556 0.009237200715124605 429.449803914388 
32.989374963924966 0.022017607700958244 168.01398905436199 
31.079833838383838 0.03436329980167391 288.64614587402343 
31.701475252525253 0.03156935426536565 204.8678770751953 
39.326759884559884 0.00795872717428207 505.3786597086588 
31.54024191919192 0.03596075987730264 202.0156231282552 
34.949918975468975 0.010230165776433937 364.10013517252605 
31.852470202020204 0.017892039511225248 253.15042354329427 
31.648611616161617 0.023844554456999335 237.40241707356773 
32.434752741702745 0.02967359671688084 181.3061377766927 
32.55219747474748 0.02894810079647063 179.41012890625 
34.78892222222222 0.010479387476656435 348.9927173258464 
37.33125432900433 0.008531948099136355 451.4099469401042 
32.282702525252525 0.020068780926094047 206.09333764648437 
31.73713080808081 0.02714951638386009 201.74224544270834 
31.579106565656566 0.02517438651236537 216.1276347249349 
37.51732099567099 0.008945506036520008 397.0855644124349 
31.32855101010101 0.025416596782944202 289.2444766845703 
35.26668607503607 0.010888909843835832 315.53359252929687 
32.14280252525253 0.01870455066162348 228.8718533935547 
32.78649617604618 0.01910546591192482 186.5109241129557 
34.85225274170274 0.010766417015113829 339.08667805989586 
38.09049877344878 0.008554101639940742 427.0167505696615 
34.77257496392497 0.011714383599758158 300.0652920735677 
35.54161356421356 0.010484899182214727 326.5772288411459 
32.914757070707076 0.027551630405425992 173.05103861490886 
35.68861897546898 0.01083431318202972 323.98377294921875 
34.36478131313131 0.012082876470842361 278.76916731770837 
36.84244321789322 0.009188412360038757 385.37623775227866 
33.934546681096684 0.011519274715385434 308.93714965820317 
36.49733867243867 0.009439179196264745 405.62083256022134 
33.32007193362193 0.013523771380007281 267.9405692138672 
32.212758080808086 0.020564638895246973 207.80422957356768 
31.662908585858585 0.03553884958042146 194.50629272460938 
35.98864422799423 0.0129303365842724 256.74496553548175 
31.490682323232328 0.02824254243504763 212.38460412597658 
36.17943210678211 0.010842351665582657 313.4342604980469 
32.643979292929295 0.026159631184110656 176.89458955891925 
34.162129797979794 0.013870347776517888 236.55596797688804 
33.685803535353536 0.012405286210205549 282.51883504231773 
35.412112842712844 0.0101323794043064 344.9494383951823 
34.47178131313131 0.011052297429621216 334.43872839355475 
31.079833838383838 0.03458462303928376 271.7879036865234 
31.599984343434343 0.022712402361919883 257.1698571370443 
32.00119747474748 0.02234340842236517 195.56434956868492 
32.262181313131315 0.030558424422492965 175.33710799153644 
34.60188607503608 0.011030837086019514 333.4007415364583 
32.667086363636365 0.017244171756591768 198.03298136393227 
37.260459884559886 0.008302040483858582 462.8808721516927 
32.51047020202021 0.02602267435313229 188.1200283610026 
32.35961147186147 0.01506655508136748 263.4247213134766 
32.825893001443 0.016563835733082306 199.9390801188151 
31.956464862914864 0.017008064586021894 249.2840107828776 
32.09619213564214 0.019074376349449133 243.1483414306641 
31.859864141414146 0.023206664881231784 220.42341959635417 
37.77527655122655 0.009232269033052923 373.5013727620443 
36.42924321789322 0.009249299329385754 414.09914656575523 
33.111863852813855 0.013635965135242949 245.91978955078125 
32.68221940836941 0.021192141600563555 188.84210835774738 
35.746981313131315 0.009563885487291804 407.9913973388672 
34.222514646464646 0.01137040466332435 303.5216809082031 
36.67686464646465 0.010060407154083255 345.87817944335944 
33.90830223665224 0.012174550378084181 275.6017001953125 
36.93146702741703 0.009376869512178906 379.52949353027344 
35.96825432900433 0.009954549568710329 377.9903741048177 
32.87455678210679 0.01564071367962125 180.33454353841145 
36.289514646464646 0.010195366608962999 311.32529663085944 
33.43073888888889 0.012634598482725605 261.31121301269536 
36.71350483405484 0.010189495513429634 332.465632405599 
31.878612337662343 0.02313977729828121 247.4514465738932 
32.34293686868688 0.015774690218117244 232.51068200683594 
35.13521940836941 0.01134385184825898 285.89753560384116 
33.82676890331891 0.014132805901060084 226.65853894042968 
35.813981313131315 0.009303495884821414 407.84080122884114 
33.73765930735931 0.014076876872322553 235.42744213867186 
35.17786356421357 0.011152020981178285 295.635329671224 
37.171920995670995 0.008900292309198374 400.30754947916665 
33.559775252525256 0.013439056255016313 240.62959814453126 
31.472864141414142 0.02614269376754762 217.6250625813802 
31.272864141414143 0.02798280821353194 223.79382010904948 
33.427125613275614 0.013020147931394563 293.5298466796876 
40.471900721500724 0.009805295418903823 343.5776384277344 
39.84842741702741 0.008608921534655088 421.6816478678385 
40.31990072150072 0.009874201631023894 335.65053125 
37.05088961038961 0.009493625974228377 355.2899909667969 
39.45230678210678 0.00913949222809077 385.6053241373698 
39.964473448773454 0.009190209855940337 382.5793185221354 
39.07892236652236 0.008868631391105653 398.96406909179683 
38.78164963924964 0.008961934026107789 388.2571604003906 
37.44251255411255 0.011016957828304762 308.58722159830734 
38.414234054834054 0.009854595587215428 347.36911661783853 
36.90041991341991 0.010009526453123085 363.69423193359376 
37.68560072150072 0.010043913714971535 340.07713452148437 
39.68383109668109 0.007034218511641025 587.5726239420574 
38.66889603174603 0.007179088785269259 583.9568832194011 
39.37830382395382 0.007692409240725039 513.5098680826823 
40.36474603174603 0.00770334020176888 493.24565165201824 
39.019241269841274 0.007558847215845587 527.1227846272786 
39.63698997113997 0.007583038525667196 519.42691410319 
38.4088246031746 0.007392145573434828 549.2376113688151 
40.03384126984127 0.0070732903826236735 557.3178621826173 
39.849461399711394 0.007415394795045854 527.7269315185547 
34.68978823953824 0.039744565605642775 155.29382165527343 
35.12863672438672 0.03576417655908831 161.63442045084636 
34.61197005772006 0.03706762415319685 155.81578299967447 
34.32567395382395 0.04164072617601395 156.50582006835938 
33.55049213564214 0.04261155192743307 167.2834763183594 
33.196197330447326 0.04375635603338486 167.01663195800782 
39.39956103896104 0.008122355370893475 455.7234198811849 
39.60776103896104 0.008232052517471306 441.2337083333333 
36.62945728715729 0.009212975030663007 426.4793489990234 
