33.306450505050506 0.012385599522914901 183.33151143391927 
30.683597113997113 0.011894448453009115 301.42701277669266 
32.01139473304473 0.011059149185523984 261.88062316894536 
32.09148968253968 0.010601770601615908 287.03448579915363 
33.60965865800866 0.00987846616354226 312.3561901855469 
30.84350981240981 0.012407657581510557 260.41596911621093 
31.787462193362195 0.012412808106956488 199.60698856608073 
31.11938759018759 0.011283366055071355 312.76166841634114 
32.183796753246746 0.010372573406603337 341.8115592854818 
31.58843203463203 0.014438963178827762 165.4874607747396 
30.994559235209234 0.014332322830209741 187.12497782389323 
30.537228860028858 0.012233792187759879 292.6728411051432 
32.07409386724387 0.012797672326147584 178.74573429361982 
31.475317965367967 0.01272301881571053 199.55071053059896 
30.50378614718615 0.012473563601305476 258.98168888346356 
32.23979913419913 0.011672944755480282 200.52943835449219 
30.6196303030303 0.01255560345355033 226.9030936686198 
31.366431890331896 0.013247952251758567 186.64151407877603 
32.340749422799426 0.010316734933366774 332.5459590250651 
31.555968398268398 0.01269106971555949 186.0312062174479 
31.246627417027412 0.011971436483440385 218.4814195963542 
30.91606392496393 0.011586430773756509 272.3898677164714 
32.903376695526696 0.013786238198223078 145.7748671468099 
31.428568975468973 0.011255558141937261 285.564078898112 
31.122722366522368 0.011750293942699417 241.68230607096353 
32.10983665223665 0.011942314934828295 206.9194159342448 
33.578289466089466 0.010230454683468344 288.6081866048177 
30.743931890331886 0.013249264535162474 200.62609549967448 
30.901177922077927 0.011923110761702067 258.0443691813151 
30.88533347763348 0.011400883600618843 335.89673539225265 
31.196218398268396 0.013886944726393225 169.75710677083333 
31.5902676046176 0.014298821315596124 163.51825028483074 
30.99778506493507 0.014265406237146859 181.48682881673176 
33.09324538239539 0.012985182097256194 158.18072395833332 
33.21272518037518 0.012414207246420408 174.17062626139324 
32.17046558441559 0.01895554172296758 138.74444429524738 
31.926050937950937 0.01110057172822953 241.01433756510414 
32.5500937950938 0.01140398443941117 212.30511979166667 
34.52392828282828 0.011174214921209815 204.11624051920572 
31.637979870129872 0.01352589372867586 174.42995198567706 
31.67724538239538 0.013650846290609813 164.23382161458335 
30.96963506493507 0.013346395781576634 189.5320078938802 
31.58647157287157 0.011090064091053016 255.67260001627602 
30.44756637806638 0.014391364684984696 197.14475260416668 
32.79690411255411 0.01198676728445293 188.42489005533855 
31.934421139971143 0.01470661520010236 145.78358235677084 
32.12151125541126 0.010905579408094876 228.20997111002603 
30.313955699855697 0.012953718293249592 240.8682929280599 
32.28211406926407 0.013618345591165997 153.81668074544274 
31.207790909090914 0.01274402608587501 209.00533243815104 
31.63536443001443 0.011761281933698653 220.47932145182293 
30.380082972582972 0.02077114640718696 151.71932967122396 
31.894821356421353 0.010065126844062805 346.984582804362 
30.049901154401155 0.023510307046892606 142.53680249023438 
32.004950144300146 0.019443403594970675 135.8104522705078 
30.72077712842713 0.013744670263824475 187.57797420247397 
31.794902525252528 0.019796780070390707 129.10628930664063 
30.811931096681093 0.014523421647033671 158.04475040690102 
29.153044083694084 0.021818439999868842 207.0542108561198 
32.43352128427128 0.010408127607939245 289.8776158040364 
29.0297968975469 0.03746793031666046 176.63656868489585 
29.748020274170273 0.013779076437711712 246.45154064941408 
30.034020274170274 0.012943676192960732 252.64816434733072 
31.413547258297257 0.015726221638307572 139.28224259440103 
30.544861544011543 0.01619685888844493 152.45622306315101 
29.458458369408373 0.014771717756090182 248.24574772135415 
31.65716919191919 0.014921265271987914 138.91167578124998 
29.185660533910536 0.025886649943103805 176.46900712076823 
29.228858369408368 0.020327967181167587 243.99333463541666 
31.65459776334776 0.013013078529253019 183.30224682617188 
30.845416017316015 0.012837780436851989 205.32575630696613 
30.42212417027417 0.016876395162668235 151.57355696614582 
29.723777417027417 0.021813728903353192 155.43588264973957 
30.029795887445886 0.016782509959909913 161.68810042317708 
30.3778056998557 0.013772335644266616 199.87228267415364 
31.21001103896104 0.011577201338350773 291.099908976237 
31.285689826839825 0.012286629907152641 210.15849544270833 
29.019309018759017 0.022422907508909698 186.21962019856772 
31.400613636363637 0.013850529206514337 166.46846435546877 
29.756512265512264 0.02898531185346849 151.51028291829425 
29.774696464646464 0.014572584590759283 202.1282019856771 
28.80744408369408 0.028166037762224656 188.22706697591147 
31.67443903318903 0.011410823957655419 214.2211904703776 
29.515377417027416 0.01550376229953767 214.99949735514326 
31.257010461760455 0.013103707680513839 192.99237593587242 
29.31979184704184 0.023021361487009565 162.77786254882812 
29.278741053391048 0.018042502410948277 201.31944661458334 
28.877555194805197 0.022123943145074862 246.9066182861328 
29.70370598845599 0.021626545790758133 168.18811966959635 
28.96647265512265 0.02259798636633155 197.5006387532552 
30.105013131313136 0.02114634188242196 154.19189436848959 
31.642439033189024 0.011256195096590517 233.43246606445314 
29.330869624819623 0.01586826329809425 203.14571317545574 
29.426444083694083 0.021553405257701875 188.56516459147136 
29.803205988455993 0.01531265784389733 181.6076376953125 
31.79953427128427 0.013714054526481596 152.08516723632812 
30.975829797979795 0.015530250003814668 150.3085508626302 
31.274391414141416 0.014813860675706843 150.67751489257813 
30.691210750360753 0.014508276374521241 173.9313089192708 
29.585835930735925 0.01498669457448958 227.39757564290363 
29.451705988455988 0.022069941928148304 173.89452372233075 
30.230760533910534 0.012288152122125626 286.49020454915365 
31.265991414141414 0.020734174409761424 136.26694702148438 
29.50896356421357 0.01647628056144952 181.80031054687498 
32.398661255411255 0.012677607714197646 174.91064680989584 
32.04516919191919 0.014068790776405342 144.42963956705728 
32.37459891774892 0.01164149086133004 205.86549580891926 
30.553169191919192 0.02155391275714875 141.79463118489582 
30.643525036075033 0.01249103909355402 238.33779333496096 
29.382791702741702 0.01528537376146557 227.2982040608724 
30.269599278499282 0.015900634503672097 162.7424841308594 
30.324165295815302 0.015142207353830319 173.03947208658855 
29.52627741702742 0.014387097142877572 271.22196704101566 
33.627190115440115 0.010789585800745485 249.0848959147135 
30.798316017316015 0.011665564640045159 298.274702311198 
30.057110750360753 0.01592905380813838 174.44580647786458 
29.81115620490621 0.023283354778215856 148.25962133789062 
32.149978715728714 0.013253695068120937 158.72141923014323 
31.787743073593074 0.010660680767633914 309.847846110026 
30.850391414141413 0.02042928649731636 141.1681514485677 
30.978583621933623 0.02186410100551601 130.5077619628906 
28.879265295815294 0.022079795723631387 280.65367761230476 
29.990746464646463 0.015193437538585673 181.19533150227863 
30.095036435786437 0.012480314242496505 320.8986601155599 
29.542082178932183 0.01620066407079933 195.10407307942708 
29.265955988455985 0.021353556013116837 210.98073465983072 
29.33724639249639 0.02802221028311008 159.45543530273437 
29.762179725829725 0.01700245955257651 169.46046459960937 
32.69281277056277 0.010491962300493707 265.44517822265624 
31.395569191919193 0.0199281385040665 135.99368636067706 
29.762220274170275 0.013734796012041549 271.0419061686198 
30.332825036075036 0.014803489974520183 185.13652018229166 
30.050052020202017 0.01464420337349177 197.11031599934898 
30.259742496392494 0.013177358107147222 246.0387331542969 
31.8918676046176 0.013119312623939488 166.29717561848958 
30.53198347763348 0.01520723766975638 160.47016569010418 
29.215008152958152 0.01473378990909816 303.5352322184245 
29.582296608946606 0.017855722813367857 171.03888765462239 
29.985529797979797 0.013993564435121994 226.89506864420574 
30.164110461760462 0.013548952225639826 214.8204059651693 
29.870761544011543 0.015114169248163717 191.92291748046875 
31.106892496392494 0.013879139160082328 173.67158732096357 
30.384759235209234 0.013349340606424826 210.50425724283855 
30.67119177489177 0.013299646775629505 197.45326660156252 
30.559167965367962 0.012723039585113538 224.18621264648436 
32.45335375180375 0.011462488478376881 211.10212516276042 
31.052723520923518 0.01287917692720651 198.9328272298177 
31.438713997113997 0.013399267168238155 182.62602425130208 
33.551277417027414 0.011905900292634955 188.9640496826172 
30.717717965367964 0.011846110824623104 290.4611228841146 
31.011740692640686 0.014049993932726405 180.33489510091144 
32.34150634920635 0.012137044510498048 189.58858789062498 
31.210802886002888 0.011487192791941164 245.9050840657552 
32.95591717171717 0.01083138470200539 221.66734016927086 
31.552477489177488 0.01138508506986858 234.82200528971356 
29.677624314574313 0.01375563028671505 270.0730965983073 
30.168699711399714 0.013886712469389453 211.13753491210937 
31.081890187590183 0.012196287415018096 232.81433235677082 
32.801255266955266 0.011666534089088423 198.87236018880208 
30.603483838383838 0.011094986494073866 360.3385063476562 
32.04551082251082 0.012826514913561331 177.84693676757814 
30.50671240981241 0.011717934731483448 319.23562792968755 
29.699455266955265 0.014201489133894433 252.60632202148437 
31.56060447330447 0.010832825136461256 304.153790242513 
29.925138383838384 0.01279153404390572 296.73853116861983 
31.035633694083696 0.013329626059916033 190.98156754557291 
32.6047886002886 0.012956995709886555 169.01334855143227 
29.844413997113996 0.014340612649824619 221.50890087890625 
31.12367272727273 0.010987828021631238 334.7938439941406 
32.32357907647908 0.01083112793258666 237.36237540690104 
30.0143886002886 0.012393305930032732 349.3609108886718 
32.83964920634921 0.010835534793052668 232.46138094075522 
29.58375526695527 0.014898877038195112 242.11027758789064 
30.42958751803752 0.013668898939552324 199.14179142252604 
31.60921955266955 0.011887039816668016 207.74135310872396 
30.098874314574314 0.014246000876429079 201.44724967447917 
30.06447748917749 0.013003434230813982 249.81022810872398 
29.940413997114 0.013524541855394853 234.08183593750002 
30.311109235209234 0.013523581940612806 223.76225838216146 
29.10982828282828 0.020836266931116603 245.6210380859375 
30.87208066378066 0.012576828101084228 211.81157063802084 
30.495842568542567 0.012359165385744582 262.9095504964193 
29.09720815295815 0.021641667555830472 227.3273349609375 
31.856556854256855 0.013494119517526637 171.65970548502602 
29.08375526695527 0.02026550112715007 255.47395255533857 
30.40728701298701 0.013068600081024147 240.3655904947917 
33.74445447330447 0.010043275854036799 298.949328531901 
31.835263203463207 0.012066096887781602 195.40773140462238 
29.76544466089466 0.015769452070322033 213.41973111979166 
31.568313997113997 0.012648277710840674 195.85667716471355 
33.162416378066375 0.009619448440611357 325.9581396891276 
31.92203304473305 0.012767594740793687 183.4949725748698 
30.893775324675325 0.012313335421803002 284.815475382487 
33.30422049062049 0.010489854739859094 276.3597685139974 
32.89969682539682 0.010347267810842992 289.28342232259115 
33.733165800865805 0.012245694026002903 186.694639444987 
30.69592842712843 0.010835736235830784 398.8370427246094 
29.270480014430014 0.019057914749863156 276.0101281738281 
32.04745613275613 0.009818601610090728 398.77150443522135 
31.24638347763348 0.010501616794738761 391.26650748697915 
29.32212546897547 0.01761129120879414 298.60281201171875 
31.668725613275615 0.010336816877307897 384.4771800537109 
31.76784538239539 0.011073027392663961 301.7163449707031 
28.989733477633482 0.020411772713015072 320.2389385986328 
29.03129336219336 0.021546674235811244 260.9937751871745 
34.80916587301587 0.010522178213236331 251.5370986328125 
33.64512222222223 0.010308949295780644 282.1166214599609 
31.35269826839827 0.019858697246477628 142.48985046386719 
33.4657253968254 0.009989802150249465 320.3424632568359 
33.87030331890332 0.011369289871885789 207.9564431559245 
34.45053095238095 0.010724657326281082 256.4996361083985 
31.046744155844152 0.01984148038696286 145.36664599609375 
30.765078066378063 0.012459126564226142 243.1192468261719 
32.69284321789321 0.011326399855043896 213.55188309733074 
31.581819552669558 0.010789075316514983 305.06286857096353 
29.89282417027417 0.013115612459335315 300.58374393717446 
33.274787662337665 0.011103876218798157 210.51952185058593 
33.629635569985574 0.009635174080278867 317.9671338297526 
29.879613059163063 0.013260060433187474 281.0017991129557 
30.01550266955267 0.013299516384401338 264.4834012858073 
30.15092012987013 0.012423185814306728 290.33842167154944 
30.37129314574314 0.011494990338325496 362.13920092773435 
33.07963210678211 0.01207603173166514 186.6988085123698 
31.264330519480517 0.011283784804582586 274.323824625651 
29.56413326118326 0.01425437709942101 275.20351529947914 
31.446416233766232 0.012067418179664623 216.50901371256512 
31.781871717171715 0.013431255496714103 175.38980220540364 
29.532209018759023 0.013900341639318456 310.84432401529943 
30.358927344877344 0.01250784484300852 270.26429337565105 
31.360169336219336 0.013797080888807765 186.19620951334633 
31.90054956709957 0.010771572987375265 291.41921683756516 
34.09685721500722 0.0097261897074914 294.8907296549479 
29.650204978354978 0.014968488015768524 240.03762674967447 
31.403773376623377 0.011485843576910498 252.3448964029948 
30.384459090909093 0.011811582564058294 303.1186291910807 
29.504549422799425 0.014668878525850788 257.5146643473307 
32.13763975468975 0.010710648314514161 270.8528995768229 
31.326038455988456 0.012846862024545653 195.0553704020182 
31.240194011544013 0.012458328799536216 230.30653373209634 
30.917338600288602 0.011548502406332494 300.9245565592448 
31.706886652236655 0.012507243458960059 205.90608487955728 
33.47971753246753 0.010740696023523809 253.40471223958332 
34.28689675324676 0.011823467908916481 193.78504337565104 
32.91574494949495 0.018629654591381547 137.0883964436849 
