33.742105844155844 0.016794701174984005 137.73097725423176 
32.28414408369408 0.017325778771460014 151.16572383626303 
30.817779004329005 0.025146972914037703 156.74248518880208 
32.94552503607503 0.017330157652952677 140.23143387858073 
31.697271067821063 0.019845224501202078 147.09411295572917 
32.1881310966811 0.024527315887472558 137.2988495686849 
33.31913614718614 0.016295239259958245 147.60415665690104 
31.029445670995674 0.02461392787019964 154.10323482259116 
31.5570917027417 0.01804115695243838 158.63650439453124 
33.60335836940837 0.012758657611427294 175.66711962890622 
32.639636147186145 0.017405436127922537 145.45298697916667 
31.738548845598842 0.024766024768409743 139.24957657877604 
31.615044083694087 0.02372890851831432 147.66251607259113 
32.87285836940837 0.013711774535236324 176.30816984049477 
31.387025036075038 0.01866866632705925 156.56490995279947 
30.592413492063493 0.020450939266684086 172.30489465332033 
31.147636147186144 0.019700730617573246 160.06807983398437 
30.837413924963926 0.02656228439270019 148.29706136067708 
33.740326623376625 0.013465964790620793 158.3507775878906 
33.731548845598844 0.013568044927062976 151.22033984375 
32.94727106782106 0.01834713539836172 137.1793350423177 
32.05374725829726 0.01808410988884209 152.7643114827474 
32.93254884559884 0.014526253154251585 153.2000810546875 
32.23071551226551 0.018867414719584013 140.80411275227866 
32.84191681096681 0.016428876682579547 155.09932779947917 
32.594779004329006 0.024250088572075352 131.25108382161457 
33.44340743145742 0.02371547104282623 128.96921020507813 
30.126386940836948 0.0202908361206651 193.46871341959636 
31.434525036075037 0.025351919366540906 140.0884853515625 
31.38481075036075 0.020218541703462604 153.96138598632814 
31.081215512265512 0.02535847522194147 147.10387642415364 
33.07952503607504 0.012379727334823606 187.456228515625 
33.11951998556998 0.011996003435823936 205.9871854654948 
30.542977417027416 0.027132896396312632 159.88081376139323 
33.093957936507934 0.01380292548862459 164.53629313151043 
30.806479004329002 0.020716938857593556 158.11052962239583 
31.16544884559885 0.020563109325733166 148.6083181966146 
31.9376044011544 0.019091435108385096 145.14260172526042 
31.287520274170273 0.02408631596064572 148.5852987874349 
32.2586044011544 0.018437114624023435 145.79514921061195 
34.13896746031746 0.013035268772087067 173.42841361490883 
31.688048845598846 0.01922211550697323 151.90499076334635 
33.86988946608946 0.010738258386394983 241.9916524251302 
31.104658946608943 0.01429357452898981 185.82601127115885 
31.200166089466087 0.01219823535434962 275.8887110188802 
31.038460606060603 0.021831435298919684 156.9070389811198 
30.158195526695522 0.016695231151714333 205.27483943684894 
30.405919336219334 0.023287563758430475 163.86850789388018 
30.065517748917745 0.016609970556077925 217.9651455891927 
31.44112640692641 0.012429289310226433 234.84799141438802 
32.06201774891775 0.013822302897093288 171.11336096191405 
32.448414574314576 0.014404545057954767 156.520619140625 
34.167685137085144 0.009706812570974816 347.72092077636717 
31.424820346320345 0.011637525102376936 312.74005940755205 
33.109097835497835 0.010799880262575152 274.64002579752605 
32.75566219336219 0.013814799850225448 161.24020479329425 
30.843379653679655 0.015563674248240006 175.91420690917968 
31.57444632034632 0.015405636012032011 159.6482353108724 
30.20153116883117 0.02132997819715737 188.2494602050781 
32.00392034632035 0.011516338993570794 273.5561354573568 
31.546866378066376 0.010781881297407153 344.6695893147786 
31.72452005772006 0.011585247402927873 300.4546872558594 
30.292570129870132 0.015923435459613805 209.31724381510418 
31.75257965367965 0.021488650918426493 143.88413134765625 
31.400035209235206 0.015744228492929953 159.92771036783853 
31.023428860028858 0.014121653405725975 192.42206408691405 
30.639904184704182 0.012994341551504132 268.1055465901693 
30.849931168831166 0.014082308401861175 203.34322229003905 
33.66203203463204 0.013596855411150481 160.75419755045573 
30.11224227994228 0.02106118266445399 190.43258569335936 
30.62170663780664 0.016318249871673587 177.5742108561198 
30.49589076479076 0.015626457497596703 187.94206811523435 
33.34872005772006 0.010959827238581186 257.6289338378906 
31.731806637806635 0.013748271207687861 187.29308288574217 
30.067617748917748 0.022793275630388247 172.42785457356769 
30.005379076479077 0.01516364167454003 252.10329927571615 
31.11995844155844 0.01281955613303424 225.88704748535156 
34.42549653679654 0.00961698996858836 316.2256639404297 
30.771335209235207 0.01634103898310664 169.93885766601562 
29.751402886002882 0.01553283384275677 263.32984387207034 
32.88111053391053 0.011702245574626933 213.1103212076823 
31.15479552669552 0.01484665793410298 184.3484178873698 
31.851906637806636 0.014560027425060289 158.78261291503907 
32.53747171717172 0.013335868163406832 176.36070674641925 
32.25855815295815 0.011917450561583054 232.31602323404945 
30.254595526695525 0.016410041894075907 177.64769913736978 
30.079886435786435 0.015352341146109083 227.79975374348956 
34.95484574314574 0.01107834086919783 213.31645540364588 
34.566163203463205 0.010169878083250523 264.46217386881506 
30.604808225108222 0.016776888487169753 164.8568837890625 
33.76359653679654 0.01195040311534165 204.04422196451821 
31.48809148629148 0.013832113999595642 197.1093342692057 
30.804701875901873 0.014948883026888375 196.50455200195313 
30.614474314574313 0.01354266765156032 237.33140506998697 
31.175233621933618 0.015509054589674456 167.83145377604166 
30.550350216450212 0.014952937558832185 201.6050244547526 
30.99371219336219 0.01525882757729529 170.0614812011719 
29.85197647907648 0.016506211430094217 229.92222054036455 
30.563579653679653 0.02187972698528527 163.35147595214843 
31.14162092352092 0.02011754100847245 163.77974784342447 
30.258970129870125 0.02158750265206336 174.10428580729166 
32.13022005772006 0.01245653263597729 203.14094930013022 
30.170714574314573 0.015926574647703157 220.29556380208334 
30.410013708513702 0.016119686797678442 199.31821818033853 
32.038087085137086 0.01877636244693042 155.4602881673177 
31.830814357864355 0.018823757558014406 155.9498682454427 
34.8523652958153 0.011172161201593875 230.45766353352866 
33.7703772005772 0.01298153455137255 174.1015868733724 
33.22608318903319 0.01335239900297166 171.16362947591148 
32.85345728715728 0.015348544562110876 151.76181152343753 
34.93589668109668 0.013003074469664115 168.21057637532553 
29.68717683982684 0.01736714502812387 265.12720198567706 
30.359660389610394 0.011956138290224067 351.5776696777344 
29.95644047619048 0.014404921509351742 255.32707971191405 
29.722201082251082 0.020563605410423277 231.9333094482422 
31.16019826839827 0.013229958696022046 203.50869844563803 
31.74816183261183 0.010552320055124768 406.0173787434896 
29.91758766233766 0.014125702696945663 285.52570910644533 
31.779303246753244 0.012987332604494075 186.26931599934898 
30.47342207792208 0.013801558801004874 222.6242002766927 
30.70917857142857 0.01254075667124748 246.8783166097005 
30.175179220779224 0.01511926624703407 225.60863977050778 
29.835873809523804 0.017753894515075655 246.34600903320313 
31.085785064935067 0.011203397948563096 352.38225679524743 
32.379738311688314 0.010071606332778935 324.6843190511068 
30.428612554112554 0.014222465377569193 207.0143055419922 
30.90111493506494 0.01381216237528087 199.04202486165366 
30.517326839826843 0.015597963722600921 198.06223083496093 
31.459359956709953 0.010551105329515942 411.02519348144534 
30.3717816017316 0.013881766749849317 238.06608410644532 
31.631613636363635 0.011993374950697435 222.604889851888 
31.576764502164497 0.014578821383535832 171.3552423909505 
29.674349567099565 0.01461931839808462 287.7984742431641 
30.896630086580082 0.012514081064186104 233.0239134521484 
31.471799783549777 0.011994091058371055 237.85857564290365 
29.84652922077922 0.017025980352725963 256.78805847167973 
30.760433116883117 0.013168769546606528 229.4150332845052 
31.835660389610386 0.011051593507883553 280.80369295247397 
31.321336796536794 0.014938540321733942 178.87548954264324 
31.22928318903319 0.014149906132128257 185.66823763020832 
30.022510173160175 0.018563260552587516 207.32213057454427 
29.60663744588745 0.017572116374864593 257.5341615397136 
30.224076839826843 0.014782663470830895 213.4055614013672 
30.478386363636368 0.013138715581610198 241.87016170247392 
30.957801948051948 0.011910285849783422 319.76989778645833 
30.145847402597404 0.01325416927492381 273.3471060384115 
30.05510064935065 0.0142747208094597 232.03538806152343 
31.407860389610388 0.01194187445892333 277.80771752929684 
32.071946103896096 0.011315140649816995 264.24981392415367 
29.78666125541126 0.019680572284994112 207.24985013834635 
30.628448268398273 0.013674639583587661 207.82342549641928 
31.786346753246754 0.012152570948984627 212.41191585286458 
30.46407380952381 0.012805926348993793 274.87647241210936 
30.15450468975469 0.012170985341272351 390.77716231282557 
29.411470779220778 0.018144217538414015 265.9271478271484 
29.87520887445888 0.014525800095949162 277.40976049804686 
30.04834523809524 0.012547922382774341 315.0956345214844 
29.784145382395387 0.013461569873514188 351.58509191894535 
30.00920165945166 0.012120210741350657 403.0569697672526 
30.849363636363634 0.012110187405302515 279.01865083821616 
31.44204675324675 0.012695345600519176 197.92279744466146 
31.978982034632036 0.010497321125469208 376.161866780599 
29.653780303030302 0.01913261144468543 245.32899873860677 
31.85579047619048 0.013671285639345658 178.6081192220052 
29.85557683982684 0.015368601940824962 246.58373962402345 
30.226180735930733 0.01409707218289375 222.76477583821614 
32.20022857142857 0.013202833055963498 181.296794921875 
32.3754847041847 0.011380609302732936 227.50496126302085 
30.159362554112555 0.013655282472326748 246.10322509765624 
32.47381731601731 0.012093523622474673 200.9313496907552 
30.81176645021645 0.013480789629993438 216.38972847493488 
31.375821428571427 0.011250702645494937 338.6705982666016 
30.991983982683983 0.015247566747858543 182.91150252278646 
30.61277222222222 0.011300927990875238 411.3351753336589 
32.388373593073595 0.011480435342848316 217.01916048177083 
29.909576839826837 0.01905009786963461 213.70903072102865 
29.98169588744589 0.013292100692656038 288.4873853759766 
31.552595959595955 0.013499573050584772 188.50266194661458 
30.7084696969697 0.01542047817423104 191.64805607096355 
31.285663419913416 0.012941135561468607 216.62610762532552 
30.665627056277057 0.012204940863916882 266.643807820638 
30.542898484848482 0.011537359655401704 328.8024482421875 
29.836193001443004 0.013925834123194224 293.5619676106771 
30.37192532467532 0.013118345276167382 263.381470296224 
30.05060064935065 0.01760598035103085 217.7914931233724 
30.736089826839827 0.014758170956251598 200.65570849609375 
29.818462554112553 0.01344476239973307 341.7104243977865 
30.673957792207798 0.011873076679632666 325.6129901936849 
29.49525649350649 0.017057815911886712 330.77933699544275 
30.3667196969697 0.012524439051744924 329.76210176595055 
31.477116522366522 0.011337549686052795 303.4104494222005 
29.861290404040407 0.013115136638376714 360.85250830078127 
31.76714386724387 0.010885930028305048 301.58544392903644 
29.838585425685423 0.015454185455582147 275.15701025390626 
29.378363203463206 0.020140730040779133 271.5054650878906 
29.944926334776337 0.013776503807280058 329.27616455078123 
29.679426839826842 0.016314978249123077 277.5371324869792 
33.43241962481963 0.011278879473152141 230.14883565266928 
32.16926204906205 0.010750234601900575 291.00123262532554 
29.657683910533912 0.01484203764724731 341.9233889567057 
32.839324675324676 0.011323902586278916 248.71363407389322 
31.160038961038968 0.012206859075269689 264.1783792724609 
29.73642077922078 0.02126788315963744 218.94075166829424 
31.80045194805195 0.011909707065477379 245.2504100748698 
30.119555122655125 0.01427224964868784 282.8870647786458 
29.669896536796536 0.021048872959604257 233.76109041341147 
29.314807647907646 0.020346987440824513 280.64208072916665 
32.724552958152955 0.011378738200485704 232.54745662434897 
32.23372568542569 0.010817515942976488 271.5178517659505 
29.465952092352094 0.019748129198858756 245.80598111979168 
29.91861616161616 0.015043990549147113 260.7525748697917 
32.76694365079365 0.012971394945909947 189.0193427327474 
33.73039718614719 0.010178269610712531 299.2268883870443 
35.01368145743146 0.009969086607887732 309.8954919026693 
33.70841883116883 0.009706164205064776 350.9901485595703 
31.569807792207794 0.011064070162603846 312.4829699300131 
34.868891125541126 0.011520831569311628 211.3569783935547 
31.627868398268394 0.011927381272337436 259.0001328938802 
32.23177597402598 0.01017324388599395 338.2921030273438 
31.059296681096676 0.011547091550352573 318.3465325520834 
32.332507287157284 0.01160599025105475 234.63847334798177 
35.05130613275614 0.010029587999298562 273.9090096435547 
31.307409884559885 0.011751530252096652 297.3510218098959 
33.32569458874459 0.01119596790685893 262.96839575195315 
31.55042142857143 0.014624582468214029 180.66948295084634 
32.193088095238096 0.01675290435576439 156.90124971516929 
35.82163152958153 0.010356081328871255 254.38040681966146 
32.831206277056275 0.016676400453112104 155.64799556477863 
32.86800252525252 0.010830433296289452 270.1999877929688 
31.80786443001443 0.011265038210451607 280.9059073079427 
33.25019718614719 0.012661889546689986 185.62918127441407 
32.74208924963925 0.013740753506729606 170.3524872639974 
31.095289033189033 0.014952687111625658 191.85024296061198 
31.56416240981241 0.014473571394493583 183.29247375488282 
32.92208924963925 0.01346821568143128 172.4237283121745 
31.53793044733045 0.013981670050432694 196.96625736490887 
32.502116955266956 0.013721048574924477 175.46017232259115 
33.2768194083694 0.013648488360395401 170.4239940185547 
30.10647467532468 0.02113621297055481 199.8527365315755 
29.630092929292932 0.03336391294271704 182.04464237467448 
30.060753535353534 0.02533147739094732 189.29858203125 
32.43417647907648 0.026029905263903128 123.3795927734375 
29.372696103896104 0.030561749684991778 242.57505310058593 
32.240446608946606 0.018651760482046587 145.09717252604167 
32.34526378066378 0.022449314731047124 133.23710245768228 
29.7147595959596 0.033691720662651 163.28013183593748 
30.716813564213567 0.030465763142321047 145.05012495930987 
29.690971717171713 0.03088733596168512 199.5627246907552 
30.029267821067823 0.02271791480810403 203.21226062011718 
30.35224213564214 0.031057660353889446 153.94813964843752 
29.37542626262626 0.031092013126649873 218.03064672851562 
29.7253595959596 0.025570904520998007 212.5965311686198 
29.738759595959596 0.033226834427299436 179.69857682291666 
30.173654834054837 0.027103239930162434 171.44792749023438 
30.310581818181824 0.026094644937098056 172.16162357584636 
31.51721356421357 0.031338856478109293 137.6574756266276 
32.32109711399711 0.01944905355587243 139.76481136067707 
30.057426262626265 0.025195314653017515 194.03896162923178 
29.761492929292928 0.02646020497551915 200.12450590006512 
29.677759595959596 0.026905104491233792 206.95527408854164 
31.74607388167388 0.02054000541554451 146.23499060058595 
30.441413564213573 0.021561767871141425 177.4112175292969 
29.764359595959593 0.03181206398346184 190.8507333577474 
30.17567070707071 0.03310245935749061 155.30633919270832 
33.4184880952381 0.010691002831687937 272.5681365559896 
33.66668203463203 0.01122707863568307 232.3315575358073 
32.77319516594517 0.012733227047624567 187.2088126627604 
32.64837611832612 0.01127547564432383 260.06486938476564 
32.573242784992786 0.012076619964907174 213.1575665690104 
33.02242142857143 0.01122948378763438 244.6595924886068 
34.51976774891775 0.012335886292696012 189.41792020670573 
31.763978499278497 0.011893187058296208 256.20819864908856 
32.059809451659454 0.0116200913999939 236.65163728841148 
33.5506031024531 0.0121157459346676 196.534344523112 
32.25757611832612 0.012366283721818907 208.48985172526042 
30.997620562770567 0.015098230627119553 190.42197233072918 
32.54202056277056 0.014130224365034085 170.71845255533856 
32.812154761904765 0.010313783585548407 308.49214355468746 
32.65124278499279 0.012623062427797326 199.0119347330729 
33.07531421356421 0.01366961743068692 172.191028116862 
31.279542784992792 0.011877659639894973 305.957686319987 
