33.20062792207793 0.012707928425035497 159.1482226969401 
33.060933477633476 0.012233069707641589 176.31602046712237 
32.28738484848484 0.014396067138910309 140.27567582194013 
29.43590468975469 0.014497933323881607 231.816157023112 
31.61803802308802 0.014611514172553974 137.00910770670572 
29.53979357864358 0.016726883161745046 180.7586953938802 
30.086894588744585 0.01267665854859592 277.68667171223956 
29.195175685425685 0.01493382750454904 270.22117024739583 
29.06698196248196 0.01690729994893072 213.86948400878907 
30.988406277056278 0.015167608957598168 151.2634172363281 
29.86595014430014 0.014246445433828843 208.99877754720055 
30.93009357864358 0.016125226316490188 141.0283994954427 
32.50133268398268 0.011047463950846183 245.7802030436198 
30.838929942279936 0.012879726748049243 204.98476175944012 
29.27551443001443 0.013991834337589746 363.6928174235026 
31.2306284992785 0.02069732845078465 125.31556034342448 
31.494112626262627 0.01482912362631794 144.2695635986328 
31.31552792207792 0.013185808265020853 179.27885168457033 
31.249088816738812 0.015546977348794934 138.87971500651042 
32.68747676767677 0.011639032541820995 202.56567207845052 
31.24165021645021 0.01119053244849205 274.3840859781901 
33.268854545454545 0.010628516007111071 254.1347471110026 
31.479704545454545 0.013246245799124251 177.54482698567708 
31.311425974025973 0.01120062786884546 251.48032145182293 
32.045131024531024 0.018931795805284986 128.68988521321614 
32.73651168831169 0.01360772186017037 149.7011629231771 
33.32263477633477 0.011105005077829348 222.77721663411458 
33.40198715728716 0.010195921552345753 273.60338570149736 
31.79576406926407 0.012651537531137479 180.45547224934896 
32.15404978354978 0.011363028487703796 223.95097859700522 
31.83126406926407 0.011064177689991008 239.7736798502604 
32.52623073593074 0.010406209558248534 278.3671486002604 
32.58863578643579 0.01437835001111027 141.86847542317707 
31.006283116883115 0.011716597444734585 244.8834084879557 
32.21770779220779 0.01056405040968894 274.2384890950521 
33.09217835497836 0.013277379975709925 154.67530794270834 
33.55498932178932 0.013414584215261975 148.86678474934894 
31.627216450216448 0.01171849199198722 219.92725744628908 
31.31145454545455 0.012014754621527212 209.75728523763019 
32.4123354978355 0.012316018881950387 180.57114278157553 
33.00226277056277 0.012532016400072576 171.26164009602866 
32.802164069264066 0.011392065629186616 215.33552213541668 
30.86697359307359 0.011426329484531877 287.38988920084637 
32.71373073593074 0.010454340340111256 267.0134359944662 
31.33368787878788 0.01160656439261676 234.20959134928384 
32.02600216450217 0.011547245270369067 211.11063728841145 
31.16687835497836 0.01086028794437408 299.05245279947917 
31.567386002886 0.01237060348325969 195.01439644368492 
30.23011551226551 0.0186220572884083 136.70183817545572 
29.929529653679655 0.021579248743019114 146.13745381673178 
28.11127113997114 0.030709858876802956 185.61729431152344 
28.699509018759016 0.01602947647173166 303.311979695638 
28.12185735930736 0.02525924234228373 243.7640666097005 
30.021094300144306 0.018613462987527862 146.27615486653644 
28.71443484848485 0.020459085155963907 169.27159248860676 
28.558587012987015 0.02346548428139927 201.7520176595052 
32.35781219336219 0.012381836294975307 174.3038544514974 
29.10831659451659 0.017292830420150746 185.55630712890624 
30.206981746031747 0.015008178614923966 166.9735126546224 
29.666782178932177 0.018459678600397142 154.17981795247397 
30.754528860028863 0.013302061360750217 182.69481599934898 
30.24196904761905 0.01743114251072165 143.99841935221352 
30.169135714285712 0.026191518835630454 123.66022725423176 
31.38038095238095 0.014392171227095164 144.58301826985675 
31.834841269841267 0.01456453614591597 132.91507295735676 
30.884019841269847 0.015353947764456272 145.63479553222655 
29.015894083694082 0.024277647225973645 162.72225374348957 
31.226091269841266 0.021448453162250494 119.22747912597656 
29.14170822510822 0.027700625735952857 148.92778678385417 
29.040969841269842 0.01850699972234009 176.79845369466145 
29.782148845598844 0.03105196598428732 133.71213968912758 
29.122207575757574 0.01930584159546138 167.3171082356771 
28.476746248196246 0.018916873597452658 230.16536560058591 
28.95192943722944 0.02250260259348155 168.79481416829427 
28.6496759018759 0.019495456277332335 187.735594930013 
28.673865295815293 0.01808351707269906 195.28857210286458 
30.749318542568545 0.022668162056505698 121.0435208333333 
30.9703746031746 0.016617099977016447 130.88189742024738 
31.696186507936503 0.02012548828273772 123.10375170898436 
28.268356277056277 0.030945921385822372 174.46313073730468 
29.274525685425687 0.015383228074464796 210.11005110677084 
30.113459018759016 0.014352966978647701 202.75496822102863 
29.636648412698413 0.0160792367680931 176.2475118815104 
30.146382178932182 0.023781211712360424 134.79501403808592 
30.788159956709954 0.01845080067783591 130.1673488769531 
29.372072655122658 0.02464335970529552 146.461860555013 
28.574200793650792 0.017824231179294568 211.9252782389323 
29.621192352092354 0.014462698093042388 223.95838142903645 
32.43175108225108 0.011901185948679444 190.10921529134117 
29.70773455988456 0.02455140303793194 135.70769258626302 
29.716450360750358 0.023696838087751904 146.45053352864582 
32.87575663780664 0.011236073679199203 197.02162963867187 
30.29480317460317 0.021865657062590107 132.53636263020834 
30.53410945165945 0.024635646151504553 122.06827237955729 
28.701053174603175 0.016472003187487105 251.5271877034505 
28.79114235209235 0.016529785769102592 230.82413618977864 
30.31290663780664 0.013215831448068635 221.1404561360677 
28.979009235209233 0.018429614987013346 185.84805721028647 
29.28503484848484 0.019845500783453023 159.00296846516926 
28.901047113997116 0.030832517521097683 155.85706697591147 
32.076075396825395 0.013642220281600954 147.21073388671874 
28.512156060606056 0.024176975808050668 194.0178858642578 
28.74763614718615 0.025944524087259738 163.17801057942708 
30.978269841269842 0.01428002639925245 154.8562914632161 
30.545225396825398 0.01691039371940853 143.60221114095052 
28.75823412698413 0.017799453440179795 208.08812939453125 
29.28433932178932 0.0232100307112312 160.2857591552734 
31.325830447330446 0.015485547384407501 133.30863033040364 
30.43000793650794 0.014418360949995511 181.63475447591145 
30.188186507936507 0.01617722172031639 151.103878133138 
29.391410317460316 0.03092309814272165 139.92603267415365 
28.187779437229437 0.02586943787957193 212.07565791829427 
29.630826190476185 0.016937998433389695 165.42111490885418 
29.36060555555556 0.016762617406120287 174.22343904622397 
28.49663852813853 0.02599540579567912 179.6244746500651 
30.67438600288601 0.013146707188167588 205.53321223958335 
28.569546248196247 0.018508754074573492 235.24333943684897 
29.348821861471862 0.01823778487568852 167.98610994466145 
31.87403759018759 0.010822605674133299 287.2749123942057 
28.91119610389611 0.020110530102167155 180.9331110839844 
28.426908225108228 0.02815396454006431 171.5154763183594 
31.3163658008658 0.013245217960760575 178.93973445638022 
30.348369841269847 0.015315106025018708 153.6660774739583 
30.65040873015873 0.014178428498878484 170.72273323567708 
29.931388023088026 0.017707491117820707 154.68349568684897 
29.81495317460318 0.015792339683592328 164.60927071126304 
28.99723326118326 0.01680174778053521 229.6772111409505 
30.57830627705628 0.015123862408246954 154.95218709309896 
29.968986652236648 0.0147645443363404 177.92209020996094 
30.370191414141413 0.013900443169202777 186.34210534667966 
29.73991522366522 0.014929597528507728 183.9057742919922 
29.870690692640693 0.015781120985748808 168.44647310384113 
32.28289992784993 0.012531964566252227 172.03994396972658 
31.78480295815296 0.011410185900888423 218.07936368815103 
32.124287085137084 0.01105994110940934 246.4726377360026 
30.075972943722945 0.012943478375329968 234.96808756510416 
33.10319343434343 0.013049144704744792 153.33497526041666 
29.32581190476191 0.01564747135515449 207.46016463216145 
29.58320887445888 0.015287837200889576 198.82524947102866 
32.054479292929294 0.013435748630046866 156.00335314941407 
34.092217099567094 0.01093048302055359 221.54645027669272 
31.18488636363636 0.013939504252455198 157.4728074951172 
30.150459090909095 0.0166408669214153 162.12735103352867 
30.580896753246748 0.01387158096935509 176.60272408040365 
29.550612914862914 0.016063403519430194 180.54456994628907 
29.155020418470418 0.015725579906692478 236.81089188639325 
31.087082034632036 0.015008850653479113 149.3680529378255 
32.00607424242424 0.011661589547541151 203.6786641031901 
30.638089826839824 0.012060310812532888 220.59315197753907 
31.856518975468973 0.0122957466400051 187.65417167154948 
29.93514898989899 0.013904346672594574 209.86210416666665 
30.84669819624819 0.01238348637223245 218.6357696126302 
31.52387294372294 0.014080933773615394 148.90946944173177 
31.208426767676766 0.012518909831812393 187.14161368815104 
33.23416067821067 0.013763777481863528 143.14615275065103 
31.1093386002886 0.013512771471073657 178.95992826334634 
33.05054163059163 0.013067241099092929 154.72535441080728 
31.84269098124098 0.014278149320509406 142.19732185872397 
29.798324963924966 0.01813347308698657 160.35818994140624 
33.5396904040404 0.011569341453287595 187.5098644205729 
30.70154415584415 0.014476048995933516 168.9677967122396 
32.88769271284271 0.010377311635255822 278.44486348470053 
31.870587085137082 0.01361122259496692 155.35270760091146 
31.643410317460315 0.011183159691915514 259.7682062174479 
31.22322748917749 0.012852974420070641 184.65941337076822 
29.621866378066375 0.013049908811178186 294.0115217285156 
30.023751226551227 0.012113216355552688 304.3832801106771 
31.770690981240982 0.015620158621015519 129.92424593098957 
33.25410122655123 0.011145868064835075 214.00262162272136 
31.694457287157288 0.011589515523586258 229.6307849934896 
33.00583686868686 0.012530959279835253 171.2195900472005 
31.37607193362193 0.01387948392488721 155.7092647298177 
30.968321933621933 0.014416897845289734 163.15373885091148 
31.495905266955265 0.01547477241946218 140.92062272135416 
31.634195382395383 0.010897800861873624 298.145558186849 
30.365488600288597 0.014001989081726092 195.17701643880207 
32.05630829725829 0.012217698375284669 196.6016270345052 
29.867791630591633 0.017976347574319814 160.32003759765624 
30.250863780663778 0.013417631651041494 215.30392500813804 
29.28918932178932 0.013976066884615421 306.6371871337891 
34.759717460317454 0.009719024748423108 336.866039835612 
29.587726767676767 0.012198255627558219 348.0246891682943 
31.587516810966807 0.011839964256498801 220.75826599121095 
32.09948953823953 0.019996347326755537 127.67163114420573 
31.650880447330447 0.0136121304217243 166.13882051595053 
32.54044213564213 0.010939609379055512 234.02715970865884 
33.227605772005774 0.010926352046549324 228.16787341308594 
32.30132792207792 0.01196958162475587 189.92907759602866 
29.598091053391055 0.013009949836244577 295.121280069987 
30.048510966810962 0.01134658331333159 328.3956625162761 
31.178448629148626 0.013299313691332361 180.46526566569008 
33.939086147186146 0.010484933071851743 235.93244746907553 
32.0178652958153 0.012796253559114925 172.978315633138 
32.34541378066378 0.018341860943272115 128.4071525878906 
33.24358044733045 0.01630981360617635 129.7054503580729 
30.026627417027413 0.012024344683561334 325.9775615641276 
31.733348629148633 0.01294172559226989 184.56919144694012 
31.255898629148632 0.011916099030885705 236.47080863444012 
33.13562135642135 0.012170347184658042 176.0411248779297 
33.55022287157287 0.014336579157040102 135.86372591145832 
31.47989862914863 0.01097109888963938 271.38862129720053 
31.00621176046176 0.0125654054400468 212.6357655029297 
30.544866810966806 0.01329549943780901 201.25368200683596 
30.89805858585858 0.011822215773572906 251.45544344075523 
30.876748629148633 0.011295531485197541 275.9511530354818 
29.824230014430015 0.014246617769529832 227.59625455729164 
31.889839538239535 0.010920059232711792 247.86518273925782 
33.1407036075036 0.010303023667528626 269.6185116373698 
33.108058008658006 0.011222278229961382 226.34880790201822 
31.48352366522366 0.011870788041696551 228.44935795084632 
33.705482900432905 0.010190585540399543 263.18907910156247 
32.732210606060605 0.013530773690118751 149.8849393717448 
34.066823160173165 0.00984171692106486 329.7607943929036 
35.08331623376623 0.010639716746428017 229.93302929687502 
30.13312489177489 0.022370712703773984 139.84135933430989 
32.576868109668105 0.00984299748594523 367.9757215576172 
31.741765656565647 0.01146587293154 220.04595963541664 
33.69073275613276 0.009881297228202815 267.40780582682294 
30.231204834054832 0.011748265874633776 253.92929793294272 
29.148970490620485 0.016088013090631986 201.68712972005207 
31.259063059163054 0.010271360240020747 322.6080270589193 
29.830766161616157 0.012756352564468377 240.6456857910156 
29.569752525252525 0.016339252405502786 172.43365401204426 
30.898578066378068 0.01273799099899291 196.05087353515626 
32.44777388167388 0.01167929965615273 182.12231184895833 
29.707467460317453 0.012796324201049798 250.59728450520834 
30.592711760461757 0.01071709667761087 306.5905625813802 
31.671313059163055 0.010021490835533149 292.5495758463542 
30.011503174603178 0.015219806148681648 167.1081337890625 
30.66345663780664 0.013849371383192565 175.98136641438805 
31.145274314574316 0.012694192857553951 187.2641207682292 
29.389985642135635 0.01547992166484831 191.6232009277344 
29.809368975468978 0.015249088600006082 174.1740475667318 
29.641792135642135 0.014615153987143015 196.56946797688803 
32.43744718614718 0.01158617934917451 205.40316243489582 
30.212813131313133 0.015566195693304568 159.09693282063802 
30.078449422799423 0.011758398712158204 282.03825203450526 
29.563673953823955 0.013453825132181631 231.29433410644532 
32.9264834054834 0.009942594652750486 276.61632877604166 
31.48822611832612 0.014194796487464934 146.90615209960936 
29.61106507936508 0.015555295659735215 180.9565303141276 
30.406191847041846 0.012785562627604012 217.7561397298177 
30.001575901875903 0.021541654012157924 144.99126411946614 
30.765737301587297 0.01154708320163726 255.62668843587238 
30.81344632034632 0.013930107593955979 163.75918815104166 
30.398269408369405 0.013746692121973022 184.56379435221353 
31.54170505050505 0.011385000587120058 231.0879842529297 
29.222806204906203 0.016505546456263044 187.0078435872396 
31.93532409812409 0.010409088129160414 278.5966658121745 
32.69910721500721 0.011789971681454186 176.612141398112 
29.92266075036075 0.017159317802705777 159.32829427083334 
29.396975901875905 0.016008078588972116 183.60373270670573 
30.01505642135642 0.01362583225455522 203.61475553385415 
30.09245772005772 0.01255276362793208 227.81437638346355 
29.348768759018757 0.014762419967033877 228.79646805826823 
31.24025555555556 0.014091614067671272 153.1636650797526 
30.339030447330444 0.015455488980123964 149.63119165039063 
32.43154444444444 0.012853102345526191 154.77545235188802 
29.21381810966811 0.01407755728215218 255.76916487630209 
29.20514711399711 0.01569850825442315 199.91221228027342 
30.419268542568542 0.014691228440103489 160.983376953125 
31.789115007215006 0.013091598883686056 161.6749871419271 
29.522352741702743 0.014541992449343179 206.99518599446614 
29.430631096681097 0.01321751148343086 276.66228792317713 
33.60963448773448 0.010379492552301884 238.20226676432293 
30.69864552669553 0.012864036188032635 206.9772588704427 
29.81181291486291 0.012132458622932439 304.52673482259115 
30.231181746031744 0.013444443933715805 198.17122460937497 
29.837823304473304 0.013580404699716588 222.68123803710938 
30.2363443001443 0.014553245202817932 168.0218603108724 
29.784213997113994 0.01610380863877294 165.42651383463541 
28.988734126984127 0.015604604861154541 237.8677998860677 
31.033550793650793 0.015098184776022436 142.98248889160158 
30.665382828282826 0.014702048671960833 153.3880682779948 
31.509579292929292 0.013161261003077051 168.21532458496094 
29.09239906204906 0.016125149185409523 208.8987117513021 
31.00782496392496 0.011396677100393772 245.6954326578776 
29.369271789321783 0.013856130036554344 240.11704048665365 
29.79780187590188 0.014510886661233919 184.29306518554688 
30.265794660894656 0.01602726178846601 152.72637219238283 
29.692911544011544 0.015395817175962959 193.10603442382813 
33.88283852813853 0.010703543534338469 235.87869429524739 
31.288154401154397 0.026287732136309208 119.15267492675781 
29.9968834054834 0.016711692832126625 151.25509020996094 
29.483865007215005 0.01483467227661373 228.61856213378906 
29.131758946608947 0.014890403336164952 278.2620030517578 
32.080003607503606 0.013519023361265623 154.71300174967448 
29.048359595959596 0.016287756916258344 231.72268786621092 
31.084809379509373 0.021223762262270483 127.9298223470052 
30.587691197691193 0.015498774092912688 147.84638431803384 
29.159937518037513 0.015913547790644158 215.55610974121095 
28.57698037518037 0.016716307075500488 256.3756477050781 
29.427785353535352 0.01533947931939125 209.5130009765625 
32.67400216450216 0.010560904248545167 262.6155623779297 
28.81283932178932 0.015234814426898951 304.86619897460935 
29.373964574314574 0.01811770542813304 173.9234090576172 
29.545890548340545 0.01778172628641128 168.70634151204428 
29.519326406926407 0.013521525676748762 247.32344128417967 
29.769343506493506 0.018559523043215273 151.71245438639323 
29.394266883116885 0.013063459171953212 295.77623730468747 
30.51071132756132 0.011248756454410556 296.21201013183594 
29.780100216450215 0.01219403780174255 303.4152373046875 
29.33784227994228 0.015325871992990988 227.67012890625 
32.24856565656565 0.011109396562585843 228.8219667561849 
29.04919769119769 0.017429816832830885 221.8219443359375 
28.779585353535353 0.015855480097188943 266.3991524658203 
31.105071645021646 0.010433337457869058 355.1367010904948 
30.070230014430013 0.016482254087641212 164.24639717610677 
29.278606277056273 0.013203195101759428 353.02863977050777 
31.247923665223663 0.011999991322984708 211.40104390462238 
29.136908152958153 0.014590940614938718 289.6171690673828 
29.639681673881668 0.013206106999216071 277.27880517578126 
29.10533751803752 0.01548689396327973 239.63626806640622 
29.774797907647905 0.016570330108225353 166.80455342610676 
30.600373665223664 0.016145287282762565 141.72063924153647 
28.668345093795093 0.016964230130312435 244.26054150390627 
29.800375829725827 0.015973947534141542 178.07398506673178 
29.704252597402597 0.011719284429380895 327.7484012858073 
