36.94719884559885 0.00789649155752421 444.94089864095054 
39.305175613275615 0.008000740042784216 410.92183825683594 
29.22889047619047 0.04471305842018368 284.48993229166666 
29.660532106782107 0.04196105576133968 249.8572362467448 
29.744779004329004 0.04120332581884622 240.09853015136719 
30.076145670995665 0.0367810363697267 220.65623474121094 
30.61084805194805 0.019029044547846333 341.6639344075521 
30.334365440115437 0.03213032410573956 211.49112845865886 
29.924732106782102 0.031581670052588 246.10079711914062 
30.51699090909091 0.02023964529789923 337.6297058919271 
29.611337445887443 0.03683040371567009 260.39007958984377 
36.19491111111111 0.009083437682332992 366.9110813395182 
30.234362337662336 0.027842455395624643 251.37629610188802 
31.183172799422806 0.016374510306358354 306.526463663737 
29.75880714285714 0.03729770127391809 253.3806688232422 
29.568140476190475 0.033175121592178336 302.1984205322266 
30.85623787878788 0.018167219063951984 295.87708675130204 
31.172154545454546 0.014369394197168357 362.84088680013025 
30.62597077922078 0.0206623508779621 293.404324584961 
30.83477366522366 0.01640188777141809 358.98189815266926 
30.46430281385281 0.025481221696436372 244.94999536132815 
30.14945836940837 0.030723087990286353 249.86174519856775 
30.558761688311687 0.02328279430811166 256.87148942057297 
30.579400793650787 0.02153477764882087 270.3276560872396 
30.418850216450213 0.019379504415895924 350.58342891438804 
30.168256060606062 0.024081298444960098 297.81071533203124 
30.412172943722943 0.028304415496110905 223.18719978841148 
31.0302702020202 0.01738639805996178 318.4921885172526 
30.44253939393939 0.02321776133007051 310.06320951334635 
29.96745173160173 0.02816823999691966 253.2413037109375 
30.70424761904762 0.02078094178372619 290.596220703125 
29.85183744588744 0.03759986519676442 238.11959790039066 
29.66546471861472 0.03471644811111692 286.7369466552734 
30.604849567099564 0.02704952741203543 212.1756297200521 
29.86903333333333 0.029136753978445507 260.89003161621093 
38.21226940836941 0.008458710969755659 372.32715974934894 
35.68470317460318 0.007167963833198549 510.6536068115234 
37.91724083694084 0.009211606087992185 333.2542025960287 
35.87331832611833 0.007501466803703303 495.70790218098955 
33.05807489177489 0.014922066875934632 164.82087841796877 
38.05804603174604 0.008527031333506107 365.9176095377604 
34.18738253968254 0.01377730237659456 187.06148970540363 
32.01608225108225 0.02314237400848629 146.17027327473957 
33.80380598845599 0.010631147189257142 331.1126709391276 
31.68126103896104 0.02377380406009909 150.45123347981772 
34.04947546897547 0.010190176429331309 309.02505843098953 
37.75984754689755 0.008285839901659495 384.0067028808594 
37.145476118326116 0.008397028186807631 394.4983204345703 
33.74672806637807 0.012256122273025517 223.61910986328124 
37.22435707070707 0.008370531919708254 391.0881781412761 
35.12827070707071 0.007385759988298422 508.7788897298177 
34.51397012987013 0.013181271378777039 185.90999149576822 
34.59627150072151 0.009819774425413602 323.5065725911458 
34.9006917027417 0.009634019721851335 335.08193912760413 
35.94194213564214 0.008308954884264473 413.01870218912757 
33.6866544011544 0.01160617286045314 233.06445019531247 
34.45691356421356 0.009474672210524086 352.8680801188151 
33.89847936507937 0.009532856104185585 367.9804697265625 
37.363090404040406 0.0087298576196766 363.39927498372396 
33.383029076479076 0.011675399658586973 270.9872995198568 
30.9001411976912 0.020179594114134298 244.87437996419268 
32.4726772005772 0.015331135046541678 178.2546581217448 
31.747199206349205 0.013680810397341267 302.92567842610674 
31.528297835497835 0.01899745402638671 178.74933662923178 
32.23452821067821 0.013395948269615177 210.13339200846355 
33.70966471861472 0.00979611011257409 345.0292907714844 
32.78144920634921 0.012469849189760695 261.2115380859375 
33.599575396825394 0.01099549889735222 279.7754031982422 
33.195039321789324 0.011964270504057392 251.9244865315755 
33.51466630591631 0.010718154229948526 312.59654284667965 
31.748584848484853 0.023031666600439586 151.61534322102864 
32.16749466089466 0.01433118911391498 220.48210998535154 
33.96283809523809 0.014067418347408756 175.66180293782554 
31.821827994227988 0.015823525069150933 193.7639871826172 
32.636598051948056 0.012696624466791135 276.85632389322916 
32.72332532467532 0.01500575637337923 184.57156636555987 
34.35745714285714 0.011398065117597585 247.6966944580078 
32.60258217893218 0.012740363954391471 272.6266384277344 
31.723051803751805 0.017459711130800262 194.8702990722656 
33.03589040404041 0.012374649485561858 236.49040913899736 
32.368327705627706 0.019144530689260985 153.20028706868487 
36.7340246031746 0.00804144237366676 433.28092427571613 
37.67321507936508 0.009909669514808664 281.96798091634116 
32.175089610389605 0.019367764222357253 155.13796858723958 
36.863975468975475 0.008240998697004313 412.580716796875 
31.660098340548338 0.016611148679838164 218.57674373372393 
32.209071428571434 0.021378114961042402 144.98579463704425 
34.424420274170274 0.01051819606479646 275.59858764648436 
37.51509603174603 0.007776820070686341 430.5509471435547 
38.012014213564214 0.008336956704199306 383.78023461914063 
31.927011038961037 0.024951240895614655 149.29810587565103 
32.30965793650793 0.01306742657040597 250.22179117838542 
31.795592063492066 0.015347484916172011 256.76325948079426 
31.67062777777778 0.01439882569599391 260.7028708089193 
36.97098174603175 0.009224514456961158 326.75960428873697 
33.35309949494949 0.01202484616785286 235.520114461263 
31.569697835497838 0.01835437335133794 189.07643680826823 
37.08720707070707 0.007932527257273194 435.3389853515625 
34.78580678210678 0.009363504509983052 360.1533661295573 
31.790653896103894 0.016210580365717386 202.6256154378255 
35.45127784992785 0.008613764779891968 409.2580626627604 
32.26767085137085 0.016413140853693484 179.58126977539064 
34.312218326118334 0.009516090813944344 379.40115413411456 
35.63127113997115 0.010069944808790685 284.57111588541665 
37.478668326118324 0.008381340995368948 390.28620129394534 
35.86144047619048 0.011476671375274647 216.0403758544922 
35.392200072150075 0.011163572232782845 231.48800842285158 
32.338481168831166 0.017061765622415546 158.32227644856772 
31.60547640692641 0.01759368319630623 182.54056384277345 
34.24789256854257 0.010395901903269287 301.60506176757815 
31.584977994227994 0.01685486534929512 228.8430146891276 
33.9850259018759 0.010584153586854937 283.9485594889323 
35.26375772005772 0.008086586214373111 447.5900681966146 
31.84152532467532 0.01559913581042527 189.3453290608724 
33.17088535353535 0.012496331703379151 226.59027856445311 
31.952346753246758 0.01856487610640767 155.99267744954426 
34.83237510822511 0.010855297759141928 254.71921195475255 
34.99097142857143 0.010794419401409626 260.0740488688151 
34.75863888888889 0.010357151890144349 286.22303975423176 
32.68564834054834 0.01327947228075028 205.69277608235677 
37.54827467532468 0.008832120415725704 346.6695377604167 
35.18697027417028 0.009322702300157554 369.8827193196614 
32.44413167388168 0.012977005108568675 244.8788125406901 
32.43037965367966 0.017793670955142955 153.8648430582682 
31.981661038961036 0.023476797566185037 144.48766841634114 
32.138740692640695 0.017220650237321836 155.38860974121093 
32.57774227994228 0.012586928063631068 297.11790759277346 
33.16765952380952 0.011655841257152551 297.1250002034505 
31.907213419913422 0.024952821854248092 144.52002807617185 
34.795518326118334 0.009040394333896638 386.1679235432943 
33.933553102453104 0.013318556053171164 190.39332979329427 
33.21407900432901 0.01148210256443979 288.09231787109377 
33.439355916305914 0.011415569678757183 310.22284041341146 
32.13011904761905 0.0128500185115075 328.5983826904297 
31.08353167388167 0.01987397284637453 219.46934541829427 
34.27760634920635 0.011269525520060051 253.8929347330729 
30.91025865800865 0.02802569993692632 179.35159505208333 
37.6409626984127 0.008022911665353771 406.5379825439453 
34.38534018759019 0.010094874485752586 315.9992749430338 
32.72473751803752 0.01550274014616015 170.06029447428386 
32.823016305916305 0.013781990682563782 193.64782560221354 
31.668327705627707 0.028058933043708795 149.7183087158203 
31.945239610389606 0.024525575918436023 150.2009747721354 
31.441214502164502 0.01852670470099685 203.33905110677085 
32.516148701298704 0.014974939081010814 204.82614742024737 
34.24534754689755 0.00995568754297494 328.66307271321614 
32.74660793650794 0.011514167768671524 318.4332242024739 
32.535363419913416 0.0133797245510125 241.94798763020833 
29.183655122655118 0.039513575141010275 296.9953783772786 
29.29100533910534 0.03150313665276768 357.4655234781901 
30.0648113997114 0.033701302631618996 225.6010255533854 
29.465652525252523 0.04383035929246906 238.49249572753908 
29.891985858585855 0.036134907696106416 241.7719228108724 
30.009367676767674 0.04105744116952184 210.80646321614586 
29.878971428571425 0.04207215747005701 229.10938875325522 
30.21540577200577 0.02863394630016323 212.87735221354166 
30.499767893217886 0.027289580319633515 230.66513671875 
29.57321082251082 0.025929820570805076 360.6258010253906 
29.77367619047619 0.025959821642734998 308.36550463867184 
29.620178066378067 0.039094249463806165 251.4474239908854 
29.82309927849928 0.04270996905184748 228.55796179199223 
30.101274170274163 0.026777235631360984 267.13898396809896 
29.877836363636366 0.04362783516191482 222.58976139322914 
32.53334386724387 0.010280813545753956 464.69320369466146 
32.74879632034632 0.024519908848371547 139.43422192382812 
35.47358434343434 0.006968917611360549 536.0060275472006 
36.826644083694084 0.008515645916483404 369.8947265218099 
30.311385786435785 0.03734300031540159 181.91801737467446 
30.510514574314573 0.03488990141715047 176.87682165527343 
36.67207806637807 0.009908634386816028 284.2706172281901 
30.28985901875902 0.03298238833973166 190.45987467447915 
35.172687950937956 0.007556438699934486 488.0068866780599 
34.49690815295815 0.008338366622209546 424.10132690429685 
36.457619841269846 0.00877613701444865 368.7309010416667 
34.17243542568543 0.008184423188269134 464.6885271402994 
30.968096825396827 0.020769042980432483 178.38847794596353 
31.382098989898992 0.018763779105761033 196.01934708658854 
35.6358494949495 0.008049014487037655 437.5426790771485 
34.29265259740259 0.007492146980047222 506.2032344563802 
31.611058513708514 0.012966723400652398 446.4976512858072 
32.49802366522366 0.010658316213514804 519.6829586588542 
35.911125901875906 0.008802346001014717 385.3576409912109 
32.8512323953824 0.01097844186470271 312.7978142089844 
30.672242929292928 0.021695672800931907 253.41298848470052 
31.973364069264072 0.01190949034540415 481.3036555582682 
34.551754689754695 0.009090940641269689 393.03911739095054 
36.33403629148629 0.010510429237022396 269.15771944173173 
35.265747113997115 0.008170237376747137 418.0077671712239 
30.382703607503608 0.029118448717775355 208.0835244547526 
33.2048520923521 0.010132987092688091 358.75629785156246 
31.11628838383838 0.021229513168230064 168.05453324381511 
30.772569696969693 0.017095139860651493 323.28012345377607 
32.45281832611833 0.012489090318574899 317.3405636393229 
32.075716161616164 0.02525813084304098 140.7864808349609 
33.613935425685426 0.009458109424707893 397.38535974121095 
35.222565656565656 0.009449649253866665 337.74395666503904 
31.654030447330452 0.016546715481338528 228.4531931559245 
36.26935772005772 0.009048468998680111 348.62125297037767 
31.425527200577204 0.01594063176518441 262.23080794270834 
34.04039538239538 0.008784153072550302 428.29449182128906 
36.41171984126984 0.008928350157072544 346.6205233968099 
33.13081356421357 0.01013960221802951 383.8978087158203 
31.13116565656566 0.026370432119569784 166.6298057861328 
30.62344336219336 0.025856188908338552 192.04944486490885 
31.344937373737377 0.019832019705209748 171.64522367350258 
34.237162121212116 0.0071000572500824945 532.3250587158203 
35.53049285714286 0.008956853519270424 381.4512675374349 
35.57056637806638 0.01001793271368982 296.4593006591797 
31.73764444444445 0.016119976601362242 223.87321846516926 
32.100097835497834 0.012462027738571158 373.44216507975256 
35.34487085137086 0.007809596269037727 450.36809301757813 
35.85883650793651 0.011660158186695566 230.7849267985026 
30.779070129870128 0.02562718290271999 204.6989776611328 
31.565765945165946 0.016662101190433515 242.59061763509115 
31.802935786435786 0.01263083376097679 413.7599742024739 
30.653562193362195 0.031472166820526136 165.58944580078128 
35.78360772005772 0.009674186378631582 305.6004508870443 
30.587400577200572 0.02862424497886654 181.75415275065103 
32.273516089466085 0.011346005245914465 449.2689167480469 
33.278827200577204 0.010898172528543464 355.3224779052734 
34.91016883116883 0.008968376678049568 374.92400618489586 
30.550869913419916 0.02594282992506978 234.00734041341147 
31.07906868686869 0.020200548382759084 173.32328507486977 
31.262562193362193 0.020023937658843992 183.81444962565104 
30.395912409812414 0.023779203628540056 290.509662109375 
35.14310772005772 0.010202597629883282 306.4297508951823 
36.00346594516594 0.009217252179625037 341.85621325683593 
31.316326262626266 0.01747259308600426 217.23515861002605 
32.60685620490621 0.011899293442785737 330.10795166015623 
30.370007647907645 0.030911419144782997 212.0651494140625 
31.204895526695527 0.018991354291400912 201.26571476236978 
30.88270288600289 0.02053261457062723 186.25792057291665 
32.05561378066378 0.013665734405376908 290.60120658365884 
30.510962193362193 0.02726464377599951 190.5660223795573 
34.88040620490621 0.008266042709829804 433.7691260579427 
31.368626406926413 0.014766740469667894 356.8787191162109 
32.99803802308802 0.010808165197696682 366.32107047526034 
30.369743939393942 0.03211548594297403 189.98486466471354 
31.585327272727277 0.025439401356782913 154.0969024658203 
31.511221212121214 0.027628044041798114 156.73755432128905 
30.43466825396825 0.034408791681196746 179.38615006510418 
32.78209213564214 0.012060158161878592 266.8739365641276 
33.01539841269841 0.010544772415373327 363.02754549153644 
31.04142828282828 0.028366952401647567 174.27473693847656 
31.2501468975469 0.015189923642215733 264.35954919433595 
33.23663672438673 0.009242135013678066 425.59154846191404 
31.228265656565657 0.018870526940593692 205.18715767415367 
36.190898629148634 0.008330368326339713 398.01522900390626 
33.80339105339105 0.008845213462114337 433.3321159261067 
31.911816883116884 0.015484871768810733 231.74289937337238 
34.759724386724386 0.008847498241484163 389.81811177571615 
31.8533095959596 0.012276641695406439 453.5934640299479 
32.25106580086581 0.01231543832312585 326.5518421630859 
35.37621984126984 0.00934533636181116 322.5144416097005 
31.713498629148635 0.013934593467235558 282.24217232259116 
31.42689769119769 0.014350913734474174 317.93349247233067 
31.469320851370853 0.016857803351900548 200.00891947428386 
30.816298124098125 0.020655187783501155 213.0972967936198 
31.758722005772007 0.01809902854894635 182.28774003092445 
30.449297402597402 0.029988060104486958 179.86251639811198 
32.19593528138528 0.011854560657262803 411.4492181396484 
30.88134184704185 0.029478436042060865 160.20574975585936 
31.696824025974028 0.013780073877632627 334.6482919108073 
30.554340981240983 0.028474470192995018 187.8181134033203 
35.04997691197691 0.009559273886263367 340.208825764974 
31.938008513708514 0.011620072253916256 500.42180826822914 
33.06729639249639 0.009334457415580748 525.8456726074219 
30.806490764790766 0.030477839131221783 163.77770910644531 
31.405105050505053 0.02400012112452748 157.75923392740884 
36.10469538239538 0.008407287094631193 409.57787207031254 
31.86847878787879 0.012214748928203583 404.56082100423174 
30.87510613275613 0.029616296835329497 159.0445965576172 
32.07779336219336 0.011442599065866475 437.3402139485677 
31.555109812409814 0.01958955593358038 174.6294881998698 
30.91963145743146 0.019016403566286547 229.29568880208333 
30.751623520923523 0.021538117159464357 214.39236393229166 
30.144459018759022 0.03467022582172389 190.13141276041665 
31.313892929292933 0.024889713938524686 160.60980407714845 
30.807452453102457 0.03017653472562789 173.9291633707682 
34.68952633477634 0.00894704755087138 407.10936454264316 
30.65538362193362 0.021398993306753645 256.17907548014324 
31.721437373737377 0.02003377921669243 170.03640604654947 
30.493715584415586 0.029887935705301724 186.51031062825518 
31.169793434343433 0.021442138095953453 165.7175516764323 
30.930603968253973 0.015358987031176084 347.4747409667969 
32.52832922077923 0.011071037700464732 374.5611434733073 
36.0353272005772 0.008646196505167476 371.88559077962236 
36.47082662337663 0.006463097238600254 580.2379549967447 
38.18947352092352 0.01044396181682587 256.80891682942706 
35.903921861471865 0.006711497633745673 582.7918212076822 
38.18119357864358 0.009484045266153816 311.3401383056641 
37.03440995670996 0.006678708746550086 556.6267906087239 
30.628046825396822 0.02537924316103219 223.3101729329427 
37.656810461760465 0.01144940258732797 229.64287491861978 
36.64996471861472 0.006636888044061662 564.2927228597005 
35.72989112554112 0.006927371138572693 548.8312264811198 
36.264650360750366 0.008902036623182301 369.68850944010416 
31.705751010101007 0.016350177279481914 234.33864843749998 
31.98748838383839 0.01505553329055072 260.56357002766924 
31.670336868686867 0.01650987575584647 244.88313321940103 
37.581414502164506 0.007050368107080456 510.6616423746745 
30.85923585858586 0.024386945443830483 203.97385799153648 
37.141393001443 0.009020750562906263 341.15827079264324 
34.036146248196246 0.00912440804964304 409.3298353271485 
35.979264718614715 0.0067915772691369055 568.115173421224 
31.72456746031746 0.015690640362205494 242.61038224283854 
32.439069191919195 0.012835966007099166 270.914982788086 
32.68992503607504 0.012692891554059971 258.4096236572266 
34.13725418470418 0.00891426569467783 416.37848775227866 
35.00757481962482 0.008532802258398545 420.3276263427735 
36.3499551948052 0.006495366486933234 571.1186992594401 
30.826771212121212 0.025073332342996614 205.26789656575522 
33.02293037518038 0.010138320195820331 401.7469480794271 
33.81786125541125 0.00905709255668879 429.68036966959636 
32.16322777777778 0.013291778576586234 284.98930871582036 
31.98712647907648 0.014102044461634166 268.4709501953125 
36.76969329004329 0.0067977911658883075 545.330517171224 
35.54062950937951 0.012131488684008103 222.47335534667968 
37.350666594516596 0.00963219131700755 305.16561779785155 
33.73773932178932 0.007767007796213626 521.8315941162109 
34.97510995670996 0.008701177286207683 404.59828426106776 
34.6037678932179 0.00941324647126437 383.1982940266927 
33.89201897546897 0.009757835377588259 363.43456111653643 
32.94264841269841 0.009532813694772727 470.0160278727214 
33.51869357864358 0.011375846315622336 289.5638723551432 
34.28774884559885 0.008347562214663028 453.82191174316404 
32.53725707070707 0.013334489269294732 233.33557364908856 
32.839217243867246 0.010335717548122401 390.3569531250001 
36.869893290043294 0.006618513345243932 559.494075764974 
37.09744884559885 0.006981451065256594 524.0002642415365 
34.719826334776336 0.008982356757879258 395.8543282063802 
34.4352272005772 0.007913279158821108 483.5366176757813 
31.832054040404042 0.014369527037832725 272.55098128255213 
34.1103556998557 0.006950792713651657 538.1591765136719 
37.681080230880234 0.009885306774368295 290.73066003417966 
29.76602828282828 0.04690223191100364 223.95538513183592 
29.219937373737377 0.03228145721777913 321.36476509602863 
29.965510101010096 0.04581458097722286 216.22190791829428 
29.225413131313136 0.03932628296667332 306.6171409505208 
37.549135786435784 0.00905085679707766 337.24137292480464 
29.900510101010095 0.03771425256291392 218.9379079182943 
29.9715101010101 0.04442160682053802 214.29533443196613 
29.65430101010101 0.038845208856203496 250.72742561848958 
35.56961976911977 0.007600160342047213 460.7927180175782 
29.434297979797986 0.04148524097702268 259.50158138020834 
30.00775036075036 0.021656883443548686 322.6630157877604 
29.65372828282828 0.04364724302369356 250.60912593587238 
33.627042135642135 0.009903071007528314 372.3373338216146 
33.37532972582973 0.00789447427882194 507.0451514892579 
37.304391197691196 0.009412433839559564 316.40766227213544 
35.86327424242424 0.009107800688984384 364.8947930908203 
29.813518614718614 0.031317421210625175 270.42596822102865 
29.308285858585858 0.036900768528327965 291.6170487874349 
33.18651154401155 0.007861850831661226 528.8985472819011 
30.3321746031746 0.01942345974951031 348.244583984375 
30.135876767676763 0.03383490032750371 211.0054870198568 
35.28306998556999 0.007197657750418184 499.4568455810547 
29.671161616161616 0.04288195988399745 240.54579158528645 
35.62430007215008 0.008109961004793642 428.46915698242185 
37.020351659451656 0.007783380476000308 442.5803156738281 
33.03728874458874 0.00972019277755976 387.1031173095703 
29.695980663780666 0.03445419931346175 282.93164888509114 
35.43321067821068 0.007567970893383025 464.6641574707031 
36.07556911976912 0.008637405143127443 385.28018530273437 
34.70849884559885 0.009359898750581732 378.2846712646484 
32.30607770562771 0.012049743926486965 355.35324202473953 
34.61741630591631 0.007780772394409183 454.76075659179685 
32.148339393939395 0.012264968115923414 352.85019498697915 
30.903897979797986 0.01982717942578555 266.4827606201172 
36.71828138528139 0.008631318614532946 390.49819348144536 
35.97959927849928 0.009606444958076473 314.2607844645182 
29.525918181818184 0.035177064945757335 282.8512442220052 
34.293884992784996 0.007300773552916052 515.2003647054036 
34.47506118326119 0.007918935467264647 480.90758032226563 
31.587319624819628 0.014022676415255066 359.5651198323568 
35.486221500721506 0.007311639330923558 496.56906762695314 
35.38220404040405 0.007625681708261972 470.647066040039 
33.789422077922076 0.007697606145432 489.60749890136725 
29.75413261183261 0.026129350114586388 331.14910437011713 
32.70870230880231 0.011486022207739343 343.67110546874994 
33.70287734487735 0.00948757396812677 394.1236462402344 
31.3770038961039 0.014842774182322035 333.8999509277344 
32.66684090909091 0.010650014889850616 407.355217976888 
33.55483217893218 0.009258970792684552 419.5863836669922 
33.1390088023088 0.007926161166467665 524.1008754475911 
33.48044992784993 0.009634086740076547 408.70395886230466 
33.683111544011545 0.008223909808788295 493.00540795898445 
30.241149494949497 0.024128409897825748 278.3127318522136 
34.81552871572872 0.008306767111208445 433.3714549560547 
36.33529855699856 0.007760006146719459 448.1123005371094 
29.315158585858583 0.035694469369878794 287.2133947347005 
30.65605945165945 0.017589544963419447 361.54927994791666 
31.094585425685427 0.016437888763239393 272.93557511393226 
36.36072344877345 0.00838948551851512 396.0318859863281 
36.843686868686866 0.007744449854507441 451.0823713378906 
31.634133477633476 0.013811410306885234 349.33259989420566 
30.167511399711398 0.020928598956718437 401.8078400472005 
34.37052741702742 0.007049600646708014 514.9238531494141 
29.728394949494945 0.03277690314221622 262.42250362141925 
29.381048484848485 0.031942693154811914 320.57281856282555 
36.894480303030306 0.010172936298847201 277.41934008789065 
29.612276767676768 0.03507447867031334 253.81437727864582 
36.14531067821068 0.008187035427389142 417.32560961914066 
29.8060101010101 0.04423242238813633 232.16433284505206 
33.06640591630592 0.009588169175148006 438.5254538167318 
30.80702525252525 0.02037592914991617 264.5661888834635 
29.95740101010101 0.025233255421020964 277.99571179199216 
32.749472294372296 0.010929470268318649 334.9388045654297 
30.756740404040407 0.018350925487234597 294.25970458984375 
30.28317417027417 0.0220504804358697 313.025487874349 
35.75476277056278 0.009800574879429336 310.3548166910807 
29.33130101010101 0.03594771554733279 286.64668526204423 
29.37432525252525 0.03724251428800818 261.5582239583333 
36.76100678210678 0.007953423685874943 433.93015600585943 
36.63077388167388 0.00747625232559442 482.8126492919922 
30.18751818181818 0.029907815155067474 247.38816939290365 
33.43934300144301 0.008324626323893063 474.76545068359377 
29.45941313131313 0.03717573591609961 271.05074947102867 
36.21518008658009 0.008154186825392247 416.3879272460938 
34.381568109668116 0.008436400973377228 424.7335272216797 
36.28171976911977 0.00823019985729457 413.47754516601566 
36.44631673881674 0.008081259800901417 433.892642578125 
34.311002308802315 0.009532285125732426 381.18172583007816 
30.676451226551226 0.014475536001682287 369.96519921875 
34.408998629148634 0.009032183341503148 398.6339130045573 
31.72629538239538 0.012935298082783223 366.8922643229167 
33.425546608946604 0.010891414326879987 346.22071915690105 
33.159654401154405 0.008628428532049655 476.9399554443359 
35.78899884559885 0.00921523465271949 342.2799342041016 
30.168246248196247 0.022730557244548772 316.2439560953776 
29.967628282828283 0.03337816710597276 229.28485493977865 
30.231355555555556 0.02557749486036538 254.24411702473958 
36.25157388167388 0.007357573981955056 486.59146118164057 
34.16947287157287 0.008495608144190318 422.277490234375 
34.911938455988455 0.008235608395311839 436.40693823242185 
33.80660245310246 0.0073778792020702385 524.1952302246094 
30.50283997113997 0.02744449116952179 225.58145438639323 
30.51876248196248 0.021358386183559893 271.3397193603515 
34.735584992785 0.007716579509928232 483.2737067871094 
30.644171139971135 0.02264694299243927 260.54283654785155 
33.30169653679654 0.008084149460115436 511.08031551106774 
33.24468535353535 0.008500774654314515 476.06128247070313 
33.42591659451659 0.008442288383009432 444.36527457682286 
33.146796320346326 0.011750781999943252 305.79096480305986 
33.86644834054834 0.007578459063408375 510.99063712565106 
32.583092207792205 0.009617802128612992 412.1799392496745 
33.108675324675325 0.009374479356107707 454.5249743652344 
33.99549213564214 0.009339146293089393 418.8277643636068 
34.8998468975469 0.008138161565504079 451.97283349609376 
33.363177922077924 0.00774008742284775 527.3301418457031 
30.619374458874457 0.024734475998499397 237.78230135091144 
40.89472135642136 0.007706047364511491 420.1692445475261 
39.2892075036075 0.006665747197494508 531.8605112304688 
39.84187821067821 0.006687548888444901 516.5168978678386 
38.82482265512265 0.006800376528978348 511.66583634440104 
38.51957186147186 0.007333405769691467 478.5768829752604 
39.431841847041845 0.0076449702300644 453.7305751139323 
39.63275598845599 0.007192712978181839 483.7829661051432 
38.97793376623376 0.006917838496675487 497.2675145670573 
40.78588802308802 0.007750783439340586 420.43472111002603 
39.09924588744589 0.006695005551264287 506.65136808268227 
40.59442135642136 0.007959760017786028 389.8702342936198 
38.739811544011545 0.006953128631591802 490.86605594889323 
38.421575901875904 0.007587560649588112 460.9553944091797 
38.09901630591631 0.007153152242479327 502.79702836100256 
38.335326695526696 0.0072786330267930075 495.4854215494792 
40.46938802308803 0.008130906554880147 393.81250773111975 
30.729416017316016 0.024784845629453683 226.94689326985676 
38.90847215007215 0.008207748721182347 397.00514286295567 
39.75134963924963 0.007461624621925349 441.74113468424474 
39.117738528138524 0.008011278102884293 422.95323771158854 
38.66481832611832 0.007304526575698856 486.2466554361979 
40.815021356421354 0.007026838369379046 474.035937906901 
30.65187445887446 0.02403931211054084 246.0417464192708 
38.94717662337662 0.007378670518646242 458.3252880859375 
38.58820750360751 0.007108082539558408 503.4484594726562 
38.185370562770565 0.007532691105127332 472.63732218424474 
39.831049639249635 0.00782246450172425 401.6670819498698 
39.672649927849925 0.007336402892112736 455.6831771647135 
38.263205194805195 0.006848696582040789 505.0717726236979 
38.348922366522366 0.009723203553876876 292.87867940266926 
32.65106291486291 0.033911217943003176 129.692535563151 
31.446252308802304 0.04720553605538355 143.99847074381512 
38.190213131313136 0.009529331467094415 311.02404715983073 
32.281002308802314 0.04079010305172203 131.8771279296875 
37.46519249639249 0.009851661294946681 290.8894124755859 
31.31891897546898 0.050647331043481764 150.97921622721353 
32.35572958152958 0.03849980730690011 131.10341532389322 
35.89844227994227 0.00876448739570618 399.7311326497396 
31.508209884559882 0.04607144675165418 150.5703614095052 
31.091868470418472 0.05500481722198487 151.74122391764323 
36.8209297979798 0.009015176973819736 345.05712320963545 
36.10871601731601 0.00843243408049583 406.4284317626953 
32.75971313131313 0.012412867996587761 282.3417334798177 
32.56044624819625 0.028015965946486053 140.312839070638 
33.28640432900433 0.02776360166954991 136.57844563802084 
35.10910339105339 0.008939561130523686 381.7661499023437 
37.8675051948052 0.010759222239449036 249.756201171875 
31.546522005772008 0.03919638289396522 153.49723246256508 
32.33722453102453 0.03695585274425505 134.46352128092448 
34.25748679653679 0.008120777475299837 483.6736144205729 
36.029358946608944 0.008443685067007536 402.60253446451827 
36.4445163059163 0.010358436254501356 261.78733089192707 
36.87977243867244 0.009766502138426296 295.97181172688806 
35.692375613275615 0.008553087577822211 409.15274670410156 
31.7981917027417 0.0365236015057587 148.04368420410157 
32.70323354978355 0.028510396323873973 139.90347888183592 
36.75623059163059 0.00946239727936745 316.52384570312506 
36.3028163059163 0.010969829356346132 252.8576415608724 
35.32118116883117 0.00808067949208259 450.77972802734377 
37.91028297258297 0.010009114745476246 270.07673828124996 
36.66329963924964 0.010322552420845031 273.43359053548176 
36.395699639249635 0.0103555393769288 265.46094405110676 
32.33060772005772 0.03981350579338321 135.770735555013 
31.404901443001446 0.059499968180952024 149.75556245930989 
30.677353823953826 0.055361636986162706 152.7141952311198 
30.699388455988455 0.05360807471885917 153.4730732421875 
29.857206637806645 0.05116415569072967 188.0969317220052 
30.384754761904766 0.04396990440479278 164.4894657389323 
38.798650577200576 0.007715518045129768 451.284005452474 
39.85978477633478 0.008679760064814097 364.77542537434897 
30.43010541125541 0.04268115799696201 175.6308721923828 
30.64574538239538 0.04182979510814897 157.08412748209633 
30.049421789321787 0.04072579461433651 181.4785099690755 
29.741383910533912 0.050366751637849774 214.9278018391927 
31.86967012987013 0.03626058046260828 148.8766689453125 
30.537132683982687 0.043316782021322255 163.02018184407552 
32.259134992784986 0.05006505519134754 136.93255895996094 
31.186945382395383 0.03900064544851541 154.85746244303385 
30.29079696969697 0.04672825059404616 165.05939693196615 
35.615419696969695 0.009023881187918182 371.1869298095703 
29.956171789321793 0.034550746886482256 242.81839070638023 
30.101151082251082 0.0340549489088058 201.75050004069013 
37.24155772005772 0.00884017958975077 367.15861018880213 
29.798858152958154 0.04830506713335274 221.98928458658855 
30.148692352092354 0.032493582728674406 229.4257032063802 
36.607434343434335 0.009983594562113274 302.2474951578776 
30.14544148629149 0.03839982919102674 188.12003340657554 
29.829039971139974 0.049314815639688925 210.88178181966143 
29.65208845598846 0.04864975796032907 234.37863948567707 
29.745465295815297 0.048091520400276186 237.47694132486978 
31.428315151515154 0.04131264866119383 154.77224104817708 
32.66042582972583 0.012435237583067407 300.01870064290364 
30.298999567099568 0.04653195218702315 165.04175044759114 
31.26813715728716 0.049629086627218745 151.65146520996095 
39.51452936507937 0.008808414648303986 360.89490372721355 
30.632033116883118 0.04029923987957004 161.77393216959638 
29.97992236652237 0.0276807720671558 259.33346704101564 
30.360017821067817 0.028468528133630745 247.06093973795572 
30.394370923520924 0.03146834883711102 200.3103858642578 
30.471040476190478 0.0412542670188546 175.09176257324216 
30.01222936507937 0.049921029992208495 195.23621048990884 
29.886224819624825 0.049615928252458585 206.94975056966146 
