35.939113347763346 0.01020804053264856 481.98227762858073 
36.94368506493506 0.011981242304954526 332.5099027099609 
35.1261031024531 0.01100441075489283 459.74585152180987 
33.44995916305916 0.019778376813325897 334.5259916178386 
36.38035649350649 0.011364238625595564 375.8964924316406 
35.62947178932179 0.01063731274838686 398.96972420247397 
36.07178001443001 0.010429986305906773 472.83767374674477 
35.35085937950938 0.010800312719080442 465.88341410319003 
31.759016666666668 0.04306823166444062 269.3881153564453 
36.46700158730158 0.00961271543865443 515.9461930745442 
32.30113932178932 0.04357518283130881 219.84497143554688 
38.774812193362195 0.011146737276194094 334.58775179036456 
31.87544090909091 0.03923122567667005 255.67008349609375 
32.76591507936508 0.025826308280076957 202.63647163899742 
32.513575974025976 0.029440113764584077 215.9219989013672 
34.55959336219336 0.012529841590585712 420.41035119628907 
32.166206565656566 0.03449804832029585 221.45523909505204 
37.92766500721501 0.010829258471488938 362.2309734700521 
32.07878434343434 0.04143617661454435 239.50954113769532 
35.74833924963925 0.010434249234774111 495.69181689453126 
33.18517474747475 0.020430490814745402 294.8561249186198 
32.35544090909091 0.031055431665287004 229.75378271484374 
34.779853463203466 0.01358427347234725 356.53205403645836 
34.0369101010101 0.015529156550409783 339.2077835286458 
32.529551443001445 0.03302488089250558 198.77408467610678 
36.87233492063492 0.009925166978170875 483.16452624511726 
32.467769913419914 0.023436541546821607 293.1247968343099 
33.4981404040404 0.017603876595594897 301.766771484375 
34.602332034632035 0.011326268867075438 399.9791110432943 
36.58469603174603 0.00976066295534373 513.3954069824218 
31.88518636363636 0.03212284481912611 250.78448291015627 
32.26621233766234 0.03380119121606115 235.3751385498047 
32.86653809523809 0.022726679898188093 236.66803230794272 
35.88735512265512 0.010308028866586683 484.1229563802084 
34.69639025974026 0.01390432055497171 390.86936108398436 
32.145293145743146 0.02488946740579846 247.39712076822917 
33.15216464646464 0.021240243162538988 277.9479667154948 
33.950494155844154 0.014396522620222578 356.7357168375651 
32.80881212121212 0.021445470636262884 336.74153112792965 
36.019882900432904 0.010400784396955963 478.7540704752604 
38.576043506493505 0.044112412419245156 166.2544423014323 
40.516688961038966 0.01734911901926996 236.5250627848307 
40.35596313131313 0.013474630897245423 271.44853580729165 
35.64865901875902 0.01885750829156878 218.45368485514322 
37.818648412698415 0.008554015562012192 508.76497049967446 
38.09988650793651 0.008441375758180616 502.8117755940755 
40.01922510822511 0.010599173781702519 335.4969810384115 
35.739980230880235 0.014067463525936595 311.84286258951823 
39.621813997113996 0.012519335181388862 295.0917948811849 
39.04834761904762 0.008574843707039363 476.29286779785156 
39.281493073593076 0.009519830905439843 404.08569881184894 
35.99743326118326 0.012647673536598665 339.7604659423828 
38.53624025974026 0.01184889000612259 345.5271317545573 
39.480652380952385 0.009283394193174845 431.7485235595703 
38.715518253968256 0.008856380379250042 447.23709549967447 
38.85597272727273 0.009934855925486088 407.367030843099 
37.63871053391053 0.009081896243095404 458.49439062500005 
38.650486507936506 0.00849678510022163 482.0681641438802 
39.221766378066384 0.009879555322706702 391.337645711263 
36.94533961038961 0.011099237710371026 367.77146960449215 
38.39858383838384 0.00985332727517128 412.6587209879557 
36.04904264069263 0.039671171165227836 175.48667134602863 
36.13016385281385 0.03250985435844423 187.67958146158855 
40.764872294372296 0.010542320232257839 329.29412593587244 
34.19282987012988 0.039508851643934306 186.1312071533203 
33.24619206349207 0.030449948112537935 192.40809928385414 
40.136631962481964 0.011153704941186894 331.1398411051432 
39.1842126984127 0.009631657705965042 421.85834716796876 
39.816918326118326 0.010073037779321678 357.8145800374349 
34.81322395382396 0.0144371470148778 312.00894360351566 
32.791772871572874 0.025418519621620214 241.81197058105465 
38.26842388167388 0.010818596852645879 387.39673994954427 
33.82805873015873 0.018325391343116754 225.6983507080078 
38.08688953823955 0.008951503629744055 493.85152339680985 
38.60174126984127 0.008582287677595618 500.3850040690104 
34.06917380952381 0.015120817557334895 263.66860522460934 
37.291678499278504 0.012649059149811261 273.09466988118487 
36.64164920634921 0.009954683039674754 437.8905791422526 
34.97938903318903 0.01419129536201717 254.52350146484375 
33.338834920634916 0.020372626282379604 241.33647208658854 
33.52744603174604 0.02095108347320794 198.8010536702474 
35.294700144300144 0.01277746277462007 317.16658487955726 
34.3544556998557 0.01739389851622821 251.00239396158855 
33.39066825396826 0.023545599708318744 196.53408854166668 
37.88108650793651 0.010201929300997252 396.0199237874349 
34.51733650793651 0.015858534880697724 240.3992336425781 
36.41039552669553 0.01193418042922258 341.4438407796224 
33.89416825396825 0.021991690263090134 189.31303462727865 
36.24928261183262 0.012423804640352715 321.51165437825523 
39.33347287157287 0.01224798179268838 302.0769713134766 
33.88024603174603 0.01630434981827972 278.7941854248047 
35.778676334776335 0.011658759911308299 367.23458605957035 
39.61338492063492 0.010554151564035412 380.29128112792966 
36.055200144300144 0.012887397286806103 280.64869685872395 
33.034249062049064 0.02406056498600008 222.3907957763672 
35.93543448773449 0.015503111342153535 242.4187987874349 
35.956527922077925 0.013295182426617154 287.2393310953776 
33.077779365079365 0.022328044906988177 223.84613940429688 
33.275803174603176 0.024658004045782066 211.14344710286457 
33.528851587301595 0.017519484086046234 227.77949849446614 
39.34710952380953 0.008520855102357859 480.2143046468099 
38.556538095238096 0.008231675128068924 516.5650287679036 
36.27665952380953 0.029118136404619247 181.62006392415367 
38.015207792207796 0.00828285459469795 535.148580037435 
36.71923809523809 0.010071959937193392 402.2721768798828 
35.34763398268398 0.011308353667793283 422.9162095947266 
36.991982683982684 0.010715651004374025 391.2419600830078 
37.91644935064935 0.008981353933641906 435.3575700276692 
36.83343095238095 0.010948907686986926 371.28205436197914 
35.37503095238095 0.012154582511243817 346.6199939778646 
39.14550952380952 0.008386616848144532 498.9069023030599 
37.44151839826839 0.009412995419368743 448.0918967285156 
37.46524112554113 0.009101476618006232 479.07266223144535 
37.2615183982684 0.009118485252580646 463.0446242675782 
38.145538095238095 0.008900202196695805 457.8160459798178 
36.139403968253966 0.02032973886448143 205.49262365722655 
37.30515 0.015404527290365682 250.90624389648437 
38.32795238095238 0.00843655806759834 527.9240006103515 
