31.81732215007215 0.012322728096010673 325.1077397867839 
32.57204985569986 0.011370802311422828 327.57499149576824 
32.003488816738816 0.011369363802232737 359.0648065592448 
34.3521854978355 0.009989734812319283 374.93510380045575 
32.67661046176046 0.01049735846643686 382.202342203776 
33.137289033189035 0.010959454642012114 305.082887491862 
32.778215007215 0.012896761328468334 223.15686966959635 
32.377406998557 0.010567804813597205 369.40965885416665 
33.0971753968254 0.00987407771396876 424.94443583170573 
32.55312842712843 0.013215525704774848 222.2335635172526 
33.25706421356421 0.012640150467834484 217.61721341959637 
32.45938167388167 0.013071725675642475 236.61427213541668 
32.26128102453103 0.011435277804682257 342.1242506510417 
32.810146176046175 0.010898395081999301 337.97213993326824 
32.34591414141414 0.013096782181475157 247.28738199869792 
32.90531024531025 0.012404198092422485 227.67918509928384 
33.13966738816739 0.012271166673812868 227.20574589029948 
31.812417388167386 0.012073646697332857 356.0227655436198 
32.094354617604615 0.01154421866249085 341.93783719889325 
32.35176789321789 0.01621930973535774 220.74135546875 
32.12212215007215 0.017958700591840755 222.16931599934895 
32.11483484848484 0.014808786361083988 244.89277587890626 
32.63432344877344 0.015222585329592211 207.55931966145835 
31.960185642135638 0.01748474863886836 238.0053887532552 
32.31292373737374 0.018732301473734374 221.1078513997396 
32.36972373737373 0.015443398715994362 229.36613818359376 
31.752604834054832 0.017575688625528805 268.2676577555339 
32.044775685425684 0.015016493549585331 240.48410205078125 
31.777612049062046 0.01850229413436889 234.40268164062502 
32.43896183261183 0.013372092541456215 243.67024133300782 
31.954780880230878 0.017085202835485945 252.5357576497396 
32.21456659451659 0.0175792649519539 227.0213477376302 
32.31608246753247 0.020099883263418657 212.72786083984374 
31.82545548340548 0.01760819594102862 249.93991153971353 
32.12561204906205 0.01602765405632018 231.71855224609374 
32.36420425685426 0.019373990600111503 207.99120662434896 
32.874204256854256 0.017838541225016095 205.0778243001302 
32.33903759018759 0.017825581566085845 224.20487263997393 
32.06378759018759 0.023678174996528606 215.5964462483724 
32.17147698412698 0.025381611800193746 206.4608113606771 
32.40320425685426 0.01873678903243302 215.55738350423178 
31.548504256854258 0.023948800790359978 267.5713052164714 
32.017476984126986 0.0192753728132248 233.50806233723958 
32.68990122655123 0.018904610754654376 201.76317061360677 
31.59179098124098 0.020100844511988136 232.70249930826822 
32.05606875901876 0.019579347964563384 218.94017293294272 
31.566174819624816 0.019140551597824088 284.56532035319015 
32.17587987012987 0.03157537713539358 189.32396822102865 
32.48998939393939 0.030026805890092812 190.40002164713542 
31.63721161616161 0.030045726008799088 222.98706962076824 
31.305275829725826 0.03107214356803896 240.87287528483074 
32.55451161616162 0.026449493684389636 192.7647013753255 
32.236563203463206 0.015814143243923176 232.4425517171224 
32.058211616161614 0.030537698004782204 192.06681026204427 
31.40130815295815 0.025900066633071858 311.78520145670575 
33.80112272727273 0.016133395218858718 191.87520328776043 
32.40291161616162 0.022191026883850093 203.48640812174477 
33.10984494949494 0.01722236751034019 194.26738936360678 
31.405529797979792 0.029087913892984422 260.7837412516276 
31.674957647907647 0.03168843151432273 216.66697098795572 
32.12747987012987 0.026853029506609408 191.2012070719401 
31.085275829725823 0.03147297092491153 244.08811747233074 
31.99902979797979 0.030142643724384334 209.86168900553383 
31.59485663780664 0.020089608396914 264.9803608805339 
31.17388434343434 0.029252128617753996 273.4228154703776 
32.65376161616162 0.026437530323221648 191.84292989095053 
32.56040209235209 0.020016440395891677 191.86247025553385 
31.687356637806634 0.0204968718491578 220.49276273600262 
32.423902092352094 0.019746189990923386 200.24289034016925 
31.552068759018756 0.02957421113115547 231.38293558756513 
32.28997987012987 0.026473852207186233 205.13257434082033 
31.267752597402595 0.02595300984954832 311.910678507487 
35.2817595959596 0.015540340552618503 194.26391243489584 
34.68865483405484 0.014365530315229896 198.23166035970053 
35.110078643578646 0.013418258755323893 197.51352355957033 
34.45211197691198 0.01763568393526318 188.09446740722655 
34.905863492063496 0.016073714715769315 192.68709151204428 
35.522885714285714 0.012310229731619349 213.8950675048828 
34.91804531024531 0.013967982715120302 196.69770247395832 
32.4716658008658 0.012283937946913251 239.12742700195315 
32.9757658008658 0.011094799660112866 277.98982934570313 
33.51538802308803 0.012694228435907357 202.6493829752604 
33.208899134199136 0.011343366179285047 250.55125154622397 
34.0628158008658 0.012425345989694614 198.25848193359374 
32.01014357864358 0.01190136091810466 336.360822672526 
33.39651919191919 0.010207280611381537 362.33491406249993 
33.91454357864358 0.011715824337542044 219.44455387369794 
33.6549658008658 0.011149237141191967 241.7428495279948 
32.2624038961039 0.011571087559785831 297.64739062499996 
34.93594696969697 0.010352362010099894 279.5756248372396 
34.4339183982684 0.010980201427927024 243.78834798177084 
32.73973246753247 0.011466306576814644 270.15068082682296 
31.769332467532468 0.013172935188791741 256.076162109375 
32.92425468975469 0.0128426187673211 202.9394113769531 
31.762116305916308 0.012150731588830939 333.89695581054684 
32.9198658008658 0.01185244794200896 247.29948876953125 
32.72765252525252 0.010293216126098625 353.4822203776041 
32.71200014430015 0.010695136426200876 350.85278743489584 
32.776699134199134 0.011560494875452514 253.8023922526042 
32.942732467532466 0.014710860615959154 199.38801163736977 
32.96743246753247 0.010753795084383488 313.69970068359373 
33.24153246753247 0.011858734038412557 217.82435009765624 
33.19434458874459 0.010511986475334169 303.13338354492186 
32.66491818181818 0.010976650849237437 303.9757072753906 
33.36303246753246 0.011701862646868228 230.69743603515624 
34.37531601731602 0.01021035241150856 315.8252937825521 
33.31631125541126 0.0111805603535676 266.52023876953126 
32.7772038961039 0.011258001825735562 291.98887841796875 
33.88124458874459 0.01016199972844123 318.1833887532552 
31.82467186147186 0.012530082622232435 310.7550041503906 
33.545011255411254 0.010409165177652842 298.6551496582031 
34.0615658008658 0.010768959081888192 277.34526733398434 
32.97319913419913 0.01170112939359904 239.27717024739584 
33.16443246753247 0.012221652355730538 218.5470538736979 
32.3678658008658 0.011770794368829735 266.35677783203124 
33.029259451659456 0.01046472441295624 340.05768741861976 
32.40932135642135 0.013825087285540105 211.22805989583333 
34.16119913419913 0.010938452232553953 268.48798453776044 
33.37865974025974 0.011034586057875145 272.26633658854166 
34.19434458874459 0.010381941967620843 291.17862866210936 
32.699165800865806 0.011998761615774633 235.13079077148439 
32.13753246753247 0.012203334766855251 248.22104663085935 
31.895777922077922 0.011956737351419939 279.8159865722656 
32.06391630591631 0.01157807584863902 354.6862360839844 
32.23904617604617 0.010819267756464482 352.2522348632812 
32.03639913419913 0.011862354342863549 264.8337750651042 
33.321344588744594 0.01086643209320306 298.52517195638023 
31.860827417027412 0.012382311036636826 314.7347025146484 
31.704999134199134 0.01275264588669776 273.597861735026 
