34.44286551226551 0.008594367043972016 555.1887808024089 
36.17910822510822 0.007167215611877437 523.8340190022786 
38.886665440115436 0.009556164269485475 303.0262747395833 
37.122198268398265 0.007768697993621822 445.09175325520835 
38.70593816738817 0.009270730367860804 309.05394307454424 
38.60199660894661 0.009445080729112616 310.5161370442708 
36.279644516594516 0.008126968710660935 431.2754157307943 
37.523527633477634 0.009647141581773759 317.93260152180983 
35.47566695526696 0.008500256786861426 400.1188059082032 
37.755527633477634 0.009727519446907033 298.70813863118485 
35.294309812409814 0.008724820189704904 396.3639072672526 
34.61259444444445 0.011347888882753857 288.0777311604818 
37.30633441558441 0.01004606496916055 286.27345886230466 
37.668282323232326 0.00961044423233033 328.78231013997396 
38.06484581529582 0.009508114219248291 313.3724615885417 
37.92753917748917 0.010027561554231653 288.8027985432942 
37.98110483405483 0.009369778602888578 321.82135518391925 
30.567166305916302 0.029053913726570638 259.72920088704427 
35.666664862914864 0.0070277597846984865 539.5143135579428 
37.43922958152959 0.008367451989212033 393.35063598632814 
36.75731255411255 0.008435136337938309 381.110368733724 
37.055329581529584 0.00869532554130792 361.77258764648434 
30.648581168831164 0.027909612128078964 297.3163131103516 
35.32243152958153 0.007220107594301702 527.1143467610677 
37.055329581529584 0.008555652437975398 379.04096264648433 
32.63599624819625 0.028388109664747745 166.89960396321612 
35.88690735930736 0.008715560068883908 375.62297810872394 
30.999705266955267 0.023229000643446462 232.4881844889323 
34.60470411255412 0.008316746076204773 487.78858333333335 
36.0096683982684 0.008318070829000473 410.9934270833333 
35.45588787878788 0.007862420104026794 443.79538142903647 
34.49680461760462 0.01233380848327637 239.87845133463543 
31.07956161616162 0.026919111238482004 207.65446423339844 
33.49712049062049 0.00975878419071437 431.3418457845052 
31.460002020202023 0.026095387339677787 204.12824275716144 
35.78554761904761 0.007373724312841896 481.6655987141927 
31.229995310245307 0.018713373202791216 243.26576208496093 
35.00045173160173 0.007397494540824889 507.43628133138026 
35.376318903318904 0.011588954840269094 265.83237630208333 
34.29970173160173 0.008812080066671371 434.79883162434896 
34.294645021645024 0.009004268266222474 423.2131698404948 
33.70771183261183 0.010175023137292856 418.16016772460944 
32.088307575757575 0.021819479596521845 194.65374479166667 
30.8054670995671 0.027153967984869482 233.7722286376953 
36.66288008658009 0.008019838146009444 404.7707539876302 
34.948937445887445 0.00811447109699249 500.15880013020836 
33.925497546897546 0.009262874889717105 467.9590270182292 
33.6458253968254 0.009468303693771362 438.4657077636719 
32.4159727994228 0.01649718266317607 228.6811025390625 
31.833183838383835 0.02063178669559715 209.6792040608724 
36.157878787878786 0.008305574880621433 393.7952321777344 
30.582626623376623 0.028911446233570545 270.10658955891927 
34.24172236652236 0.008737392459573749 496.2620151774089 
35.705696969696966 0.008471642407801155 397.0458913574219 
33.231220274170276 0.011487748417892458 310.4206466878255 
34.7231759018759 0.009840688051340571 340.5498273925781 
32.59507481962481 0.011345093322393892 325.5742626953125 
34.75753506493506 0.008632850977728361 450.14939339192705 
35.49129761904762 0.007343300429880621 517.3135708821615 
31.61966212121212 0.022515659057199953 212.70847998046875 
33.86240533910534 0.011767222293875213 257.9169597981771 
34.543278932178936 0.008540099343500133 460.1347644856771 
36.60388008658009 0.008392510112822051 389.33531958007814 
36.500987878787875 0.007925590921125407 414.2141179199219 
36.278980086580084 0.00846510859939814 379.90485213216147 
33.92826601731601 0.008682409284327026 513.4048255208334 
36.077580086580085 0.008637689508438108 368.3189689941406 
34.05515295815295 0.01103104160600901 296.7869827473958 
36.40520735930736 0.008716338584661478 355.56463142903647 
35.274261255411254 0.00817017953876495 457.5317390950521 
35.06128376623377 0.009564678452684886 368.60004659016926 
36.56910735930736 0.008958326723291882 329.01234155273437 
32.874258441558446 0.019280848695316294 178.1908049723307 
33.840059307359304 0.00884834783359528 472.4407269694011 
35.62850216450216 0.007646110410156249 463.62969588216146 
35.22320627705628 0.008297030760767455 455.31772224934895 
31.511990981240974 0.021979747967169293 220.97116373697918 
36.341078787878786 0.007849943420562739 432.770976155599 
31.607331818181816 0.02025401916604281 231.6962148844401 
34.833148917748915 0.00834397173786402 413.00647884114585 
31.906332251082244 0.016055586195945767 250.90958308919272 
30.747648845598846 0.029062760381195568 240.42389424641928 
32.17227070707071 0.01748990713977815 217.4363477376302 
31.573307575757568 0.025519296527693313 189.77017468261718 
33.33003405483405 0.010453521874964235 473.04092887369796 
34.09909393939394 0.009991550337431437 372.13379890950523 
35.743363419913415 0.007542542554495336 497.06934431966147 
35.53312640692641 0.008634333837225436 385.293276936849 
34.90470663780663 0.010858250425264837 289.51079069010416 
30.930614357864357 0.02291926198410033 238.89514147949217 
33.61362121212121 0.010579770542814736 363.0111316731771 
31.71922424242424 0.024190687632677572 190.9768194580078 
35.58524069264069 0.009335687313673492 352.01295418294274 
34.2011365079365 0.009382910524179926 384.3876733398438 
35.15067907647908 0.008964862525942328 364.74399788411455 
32.858307647907644 0.017720049502584947 207.24028483072917 
32.34213946608946 0.015410608545198436 234.10459903971355 
35.11314660894661 0.009735846185121548 333.8082405598958 
34.62903506493506 0.008804316584799292 452.4246879882813 
35.18361341991342 0.009413915733661644 358.78600154622393 
34.756354329004324 0.007398890491065982 521.1099190266928 
34.6254183982684 0.007716956302645204 522.8110354817709 
32.94368275613275 0.026743923717949408 159.75262109375 
34.363995310245315 0.025050550486395356 151.66453499348958 
32.88902561327562 0.027496876392986733 162.78185095214843 
32.31686385281385 0.031218678914318086 156.56869205729168 
37.876284126984125 0.009605089666273605 325.65290079752606 
39.58374343434344 0.010922445347502235 264.94507336425784 
32.13898629148628 0.01878482258243801 198.96946667480466 
31.712652958152958 0.018273236035463797 247.42239099121096 
36.99427121212121 0.009981955817720895 323.8039578857422 
32.05277272727273 0.017509005007610292 208.8811124267578 
33.15182972582973 0.014022942915365686 255.11594490559895 
38.637743434343435 0.011796505139865892 252.69376904296877 
32.20518831168831 0.018067079840183277 197.44126513671876 
32.64056926406926 0.015601004835186026 219.89099267578126 
33.240691341991344 0.0170239739639306 200.8965744628906 
33.7169632034632 0.012747712620267875 261.2755487060547 
31.584795815295816 0.024301428092577425 206.06681595865888 
33.443579942279946 0.013575158362982277 259.09963309733075 
33.096683405483404 0.01503715173990486 222.63057556152341 
32.227454978354984 0.016481627318630242 228.77908068847654 
31.54955266955267 0.024661698947086374 209.6126457926432 
39.17152987012987 0.010446465820550916 283.63398840332036 
31.457804184704187 0.022271475197925578 215.21696451822916 
31.888521645021648 0.018290226487598423 215.48442041015625 
32.98416522366523 0.015885603152647018 212.40864135742186 
35.846383838383844 0.014182796967735316 228.01050231933593 
32.18475974025974 0.01674713359590529 229.56165429687502 
36.60726204906205 0.010646634975531097 275.7178266601563 
33.622124819624815 0.012922586639585483 263.15276155598957 
32.835702597402594 0.015504556828155498 227.03882165527344 
32.004267676767675 0.021869497913990024 196.25063297526043 
36.887004545454545 0.010039519801733489 317.4620484619141 
32.20752164502164 0.01731224080143929 214.507751953125 
31.60747085137085 0.02181634561300277 214.81202115885418 
38.59045454545455 0.011005825952112669 256.1760769856771 
32.63734271284271 0.03670861690035108 142.23646724446613 
31.13675937950938 0.04084745826024056 179.06834041341145 
31.238259379509376 0.04305130111738202 176.14715425618488 
31.847574531024534 0.03804122032438273 152.70086177571613 
32.47220245310245 0.0355698254323506 146.30292915852863 
31.61711305916306 0.025417020786344974 202.7428077799479 
32.10901457431458 0.022007455805227786 175.12214819335938 
31.936695959595955 0.029724354740240554 162.6651962483724 
33.308985786435784 0.015574250401041498 196.56173079427083 
31.4280411976912 0.023628720893707295 217.66645690917966 
33.62612972582972 0.014146605389616498 228.37550024414062 
38.17912380952381 0.011344926938972473 265.47488566080733 
32.30703578643579 0.01602265185379027 237.6999756673177 
32.02813427128427 0.031067013205766728 160.06747432454426 
30.944917965367967 0.027358487957775558 227.2279569498698 
32.894687301587304 0.017888052502605906 194.93750638834635 
33.477640548340545 0.020595686514828217 177.61213618977865 
32.2883373015873 0.03485179821504591 148.7887120361328 
31.175647258297257 0.03632203511925704 182.89600089518228 
36.125464213564214 0.012285037199363717 250.55085473632812 
36.11553369408369 0.011790014348039618 255.44895052083336 
31.814711544011548 0.02131961026251077 199.03759045410155 
33.006112554112555 0.0314831823855042 153.03352164713542 
31.21204292929293 0.029291640632107322 191.64248978678387 
32.81431587301588 0.032323669166920206 155.83221952311197 
31.71227063492064 0.039550388777551654 156.91119771321615 
32.75141911976912 0.016542702715673454 215.00181099446615 
33.28226911976912 0.030221387963809975 143.5665134684245 
33.130722150072145 0.0343583107335305 144.9095166015625 
31.523592712842714 0.039018296799602455 180.29150297037762 
31.331679292929294 0.02433601963301657 210.33473636881513 
32.316722150072145 0.018907610620081443 187.52589864095052 
38.05620562770562 0.011429965577516556 267.96113728841146 
33.254087301587305 0.030562157119617506 151.45853186035157 
33.529057215007214 0.013500914646253588 230.27728670247393 
33.72756832611832 0.013075879375543583 236.36549487304688 
30.901695743145737 0.02836766886964799 227.80301847330728 
32.20003881673882 0.0336199255118752 149.65188944498698 
31.093160389610393 0.026730028274128452 222.87126017252604 
32.52542215007215 0.018242049356462956 194.82839123535155 
31.77942215007215 0.022699741372129892 188.53653299967448 
31.717305483405486 0.04016220333149189 155.2262236735026 
31.391979725829728 0.040175788929006986 168.90710294596352 
33.40361911976912 0.014606528919935245 205.70160725911458 
31.786992712842718 0.03881426447500232 153.09155725097656 
31.693337301587302 0.04339154284253358 158.7659110921224 
33.43409639249639 0.01303981487114192 259.55699731445316 
32.38691305916305 0.028912916573336087 170.87625561523436 
32.69730548340548 0.022215566568853866 167.49609602864584 
36.32950591630592 0.013459771723833093 232.41134224446614 
31.30130851370851 0.02645047925114633 189.54438248697915 
31.63866457431457 0.02783544933515788 181.1058331298828 
32.036438816738816 0.01990118991750714 194.7855887451172 
31.22592604617605 0.044266238510534794 168.53048775227865 
31.52880937950938 0.0331707497171497 185.90674971516927 
33.19193881673882 0.015240905034837708 216.4488643391927 
31.412410894660898 0.04404667686950921 165.91704471842448 
31.29214336219336 0.024729272489872004 222.15740189615886 
32.97823578643579 0.013958917912485585 262.7788495279948 
31.943488816738814 0.0352655665216828 160.9119842122396 
31.668769119769117 0.03255494128575562 172.55979260253906 
32.949434487734486 0.015056729396400459 222.56801538085935 
32.44618881673882 0.028993219398081246 157.44797395833334 
31.835240331890326 0.02410824639311074 180.36624019368492 
38.084023809523806 0.011212607124328613 266.5951301269531 
32.18719639249639 0.021117594240417467 182.9712517903646 
30.44848124098124 0.04294995208062168 209.98101725260418 
33.519149927849924 0.019868668546543154 153.04255533854166 
38.39874422799423 0.0065647014360046396 577.538324584961 
30.142014574314576 0.03219013637995714 232.6188634440104 
38.96106457431458 0.006991962802145482 555.8179531656901 
34.44599126984127 0.009293611959066401 421.0643115641276 
34.96361746031746 0.008571573861398701 409.6434180908203 
33.332638816738815 0.021862807182886607 156.73801700846354 
31.43790901875902 0.03941614913597349 169.0099152018229 
32.565847113997116 0.02322339595156908 171.44398217773437 
30.210768398268396 0.03800257200199124 227.85078385416668 
30.407664574314573 0.030899175600054285 243.0573517252604 
30.66358427128427 0.024145753945972917 254.8884548746745 
30.464726839826838 0.028167336238024254 309.21378694661456 
30.406422366522364 0.04073082233595847 210.94082584635416 
30.722676334776335 0.04181181920198444 192.43116943359377 
33.96745151515152 0.01953907415137527 154.51822794596353 
35.63889393939394 0.009754486694946284 328.6001291503906 
34.2990746031746 0.010820115016043191 301.5147927246094 
31.333309668109667 0.02102072103110312 224.6590841064453 
34.27286341991342 0.017895932041885852 161.75353263346352 
31.09733347763348 0.02082283144551517 260.0733512369792 
30.932072871572867 0.022283286677160244 256.35090665690103 
31.932938239538238 0.015245362125217907 264.89688138834634 
34.16644126984127 0.01061024130668878 314.1019251302083 
30.178123665223666 0.031482878155520005 239.85423974609375 
33.550072943722945 0.01686379311326979 181.94540852864583 
35.509343939393936 0.01011802794965744 320.22136706542966 
30.414850937950938 0.03463531341343161 219.95070914713543 
31.796517604617605 0.020731872935106727 201.53065649414063 
30.69632712842713 0.03973282822871211 197.79212939453123 
35.032204761904765 0.011107358212947845 278.01527168782553 
30.312057287157288 0.03503430448655131 219.77996842447916 
31.567797546897545 0.040439030681648294 168.16090681966148 
30.5823683982684 0.0294093414295411 226.16206542968752 
32.295326839826835 0.013081484733104694 270.09926855468746 
35.20973362193362 0.010454658144655215 305.15406282552084 
34.08714603174603 0.011428578088781838 283.64367980957036 
31.92338268398268 0.018507060494806788 205.61464318847658 
32.51451919191919 0.012930901016864772 283.56816068522136 
33.41700014430014 0.011642313585102551 291.6457962646484 
32.45678715728715 0.012524832069685474 297.18136258951824 
31.629085425685425 0.03324321368417981 174.21613509114584 
32.602477705627706 0.026934601576194702 169.25066284179687 
30.984708080808083 0.036957246724262205 191.38241552734377 
34.5321492063492 0.00955067192726374 374.1156212158203 
33.710983189033186 0.010623899612715239 321.70325626627607 
31.022543001443005 0.037856108922720025 184.62776546223958 
30.275147907647906 0.0357411326350308 230.67980924479167 
32.15636572871573 0.013908229042491933 319.0024485677083 
31.281883477633478 0.033815707567570234 182.21883719889323 
30.718676334776333 0.04233576837869646 192.74635400390628 
31.428080880230876 0.030096014380035355 186.43712772623695 
31.68618585858586 0.017420572028169636 253.1733204752604 
32.06428997113997 0.02964870828901292 167.3635762939453 
33.67676176046176 0.013191527822504054 252.0325791829427 
30.765895382395378 0.02591699238615987 237.66828104654948 
32.91908556998556 0.011657110722181794 287.57491520182293 
31.76057568542569 0.035630886686375214 165.38857710774738 
30.82927633477634 0.02497344309550521 248.99899930826822 
30.782876334776333 0.033987460946617115 192.41510091145832 
31.975509668109666 0.014602282629337325 247.4702782796224 
33.86089357864358 0.016009934380829344 193.4327021077474 
30.19848124098124 0.03736574114068981 230.11335416666665 
34.87540923520923 0.009730833182230005 369.88738407389326 
31.196455699855697 0.02512679384762051 208.83003511555992 
33.70822344877345 0.010308116204798223 349.69225976562495 
30.870747907647907 0.02997801952910419 216.41964147949218 
33.79907633477633 0.010221190948221692 346.23348376464844 
31.936776046176046 0.014959238377287394 275.3295256754557 
30.907031890331886 0.027630405258486302 212.01014225260417 
32.790646753246754 0.018834601802418256 185.19091931152343 
33.20188427128427 0.020017189752569206 177.71142146809893 
31.537747546897545 0.035272981495201576 178.6046776936849 
35.17542568542569 0.009742648101434697 329.47708821614583 
32.46338744588745 0.014150437478258632 228.7481125488281 
34.64396219336219 0.010297858557131294 306.3977589111328 
33.12619033189033 0.012265456938610076 286.8379878743489 
33.169882683982685 0.013597327019157415 229.36267553710937 
31.713477922077917 0.016417524065723447 248.5190321858724 
35.09630238095237 0.01007471446233988 336.4076503499349 
33.324920779220776 0.01099845174964905 343.93981510416666 
33.18930490620491 0.0118370947413659 276.853337483724 
31.006450937950934 0.03626670055774684 188.6191915690104 
30.58638932178932 0.03303457942037822 203.48056640625003 
34.704632539682535 0.01100090229983567 293.6814621988932 
31.16933189033189 0.01979107823763846 235.56885217285156 
33.486299062049056 0.010289099098834995 382.47057767740887 
39.25584639249639 0.010914311507806775 270.2847741292318 
39.44408665223665 0.01145649170199395 246.78852360026042 
39.18967972582972 0.010385920417740342 282.4843590901693 
35.57505822510822 0.007634844992926123 505.39882771809897 
30.127635064935067 0.040150279149713454 291.5777682698568 
30.17995728715729 0.03094063505532504 272.1758260091146 
30.501828715728717 0.030617267934467805 303.6801760660808 
