38.45014076479076 0.012115656867802143 205.68999011230468 
37.59721428571429 0.00859932901883126 361.3229440917969 
38.20837886002886 0.012201546617100252 200.69439868164062 
31.38104826839827 0.0246485063551927 158.25048299153647 
33.36442582972583 0.008182315330955987 517.3274909261069 
36.578273015873016 0.00809322601833581 417.4895866292318 
36.799192063492065 0.008077324450492857 413.6194735107422 
36.69427380952381 0.00806102219133615 432.58446073404946 
35.741459523809525 0.0087584742727375 381.61886071777343 
37.40908261183261 0.01076902852654457 241.70817891438804 
35.3379119047619 0.00919537044449807 345.8790008138021 
36.872070707070705 0.008055249226570124 424.74288191731773 
37.894770707070705 0.011122144207239148 225.5423341878255 
33.28875714285714 0.01026471981231928 377.55081473795576 
36.27736356421356 0.008004089839670658 437.5738478597005 
33.64632857142857 0.010793400536873332 293.71478072102866 
37.84871277056277 0.008059566716578004 412.2676364339193 
36.10963888888889 0.008330750870704657 400.8575525716146 
37.384396103896094 0.011502082932472213 222.40870406087237 
30.686630808080814 0.02259478583798648 190.58806994628907 
34.27008008658008 0.009652139586410518 335.8101913655599 
37.30290800865801 0.007613201807081698 447.73894331868485 
34.644576190476194 0.0101973139136529 305.6421414794922 
36.10506075036075 0.008393285961732869 399.8515547281901 
33.245913275613276 0.008020880265893933 569.873738647461 
36.03852243867244 0.0069230132265949255 539.4007934570311 
29.359308874458875 0.030375021451303906 265.34381469726566 
37.79438730158731 0.00942026637373924 286.15158890787757 
37.55863968253968 0.010384154867639557 245.5954552408854 
29.7304391053391 0.02866786651935817 226.34443298339843 
31.250220779220772 0.015935838769972344 213.5206232096354 
32.7955354978355 0.008460085656645302 564.9897496744792 
29.491842784992784 0.023344716312646854 324.44129162597653 
30.551731096681095 0.025775743033351856 180.41635656738282 
29.50274343434343 0.029299831906197085 276.27936678059893 
33.978257287157284 0.02030122981052639 144.2704684244792 
37.100630158730155 0.009889178049490445 269.1165973307292 
36.671993073593065 0.010756800574600697 247.63180489095052 
29.58506919191918 0.03004828921943904 261.46069576009114 
30.008426767676767 0.031107462398290656 194.76372896321615 
30.396743795093798 0.034685818247559036 169.8248359781901 
30.87343455988456 0.017751743815269484 204.1800381266276 
30.836764862914862 0.01879398675040244 189.54183589680989 
31.095929797979796 0.014574180043623437 324.48886726888026 
30.56923152958153 0.03280760059133529 167.8793888753255 
29.858011399711394 0.03321035197096821 193.50477014160157 
31.4712981962482 0.019682278075516254 165.2191689046224 
32.18887121212121 0.01130972564659356 374.70161527506514 
31.497957287157288 0.01938341188053133 170.93218041992188 
33.54878506493506 0.017403558818807594 148.59503755696613 
31.623620779220772 0.019007961705217336 168.86330696614584 
30.706464862914864 0.02671210999542478 161.86299845377604 
31.122389826839825 0.016230631416521087 225.52744986979164 
31.768087878787878 0.0140175575084114 298.08272294108076 
29.882178066378064 0.02330141091034174 277.5898516845703 
35.16388715728716 0.007306668379869461 531.9129335123698 
31.587128354978358 0.014777684585094432 214.42648494466144 
31.71019213564214 0.01276461111360789 315.9331321207682 
31.64187395382395 0.017931224185345193 172.46362471516926 
31.39652546897547 0.01483923173052074 247.9101892903646 
30.595981385281384 0.013005301227543349 442.29370930989586 
36.37215396825397 0.00950361599906922 309.3353336588542 
30.770147763347758 0.01788756141463282 222.24559834798177 
33.86330014430014 0.015100888144693368 162.3265607096354 
32.22601991341991 0.012499984526386258 305.8810951741537 
30.917282034632034 0.017507664880037313 243.76675410970054 
30.653959668109664 0.024247385033855453 183.98044763183594 
31.261290620490616 0.02008336929011586 171.2478876546224 
37.84583968253968 0.010620556437387471 240.7408436686198 
31.026805627705627 0.017115269780695424 206.4399405924479 
29.707794588744584 0.02936962759257317 214.8611994222005 
31.14334668109668 0.016974137853205194 206.25192451985677 
31.658809307359306 0.01061803687037468 494.11665616861984 
33.3795531024531 0.008292501542208204 505.21120304361983 
30.936545670995667 0.01921203131592036 187.9923748372396 
32.19396803751803 0.012669838717470183 288.24541361490884 
30.624990620490617 0.01703438865996359 261.53942985026043 
29.16316948051948 0.035115574001371885 242.0866953938802 
37.99929617604617 0.0067420213238620795 547.7187193196614 
39.77392236652236 0.0076904867968559274 426.4524568277995 
38.01152301587301 0.0069533334764504354 536.5849010416667 
39.544892063492064 0.00739047493479013 444.2979923502604 
30.58508102453102 0.024069472011032114 187.35244881184894 
38.91119552669552 0.006997699282000069 500.0894495849609 
29.918892712842712 0.02618495227993964 207.10958129882812 
29.307970779220778 0.031799780341932704 240.62698103841146 
39.238755699855695 0.006916884205760951 493.72339270019535 
38.83075252525252 0.007010747084274296 488.0974932861328 
38.7303556998557 0.0074030208984947185 442.02254960123696 
30.182172510822507 0.020714809743464006 289.5364608968099 
37.328594083694085 0.008161666437437529 410.230489461263 
29.419125613275614 0.03274174238830799 231.86253320312497 
34.25238607503607 0.010752744102690216 280.21290836588537 
30.135456204906205 0.027282161799690754 192.94646016438801 
34.362444516594515 0.010293641846427913 278.89045471191406 
30.439473232323234 0.023333502819969675 206.3446601155599 
39.443855699855696 0.007160416488323214 450.9241755777995 
29.21155995670996 0.03191168086945766 244.0513193766276 
33.93811017316017 0.010456457252845757 287.18523229980474 
29.840654329004327 0.03008929237966773 213.93911401367188 
35.1100803030303 0.010067399690065378 298.76696586100263 
33.600840620490615 0.011315092900171289 266.9923057047526 
37.76256854256854 0.007269440396842951 473.1527422281901 
39.359558730158724 0.007100540287497043 475.5892348632813 
37.58150505050505 0.007694143005964752 436.5096009521484 
38.553982972582965 0.007174554475870132 465.2779677734375 
30.653976406926407 0.022949445597765444 190.70008927408855 
38.32489062049062 0.008232549993517399 398.0104639892578 
37.7034422077922 0.007925113945331567 423.9936060791016 
37.93664711399711 0.009313334039535534 303.19448413085934 
34.74241464646465 0.009996218812217707 307.948452758789 
34.161051298701295 0.01095638985986949 260.42704174804686 
30.42728275613276 0.01991176207635165 245.99319624837239 
30.0246398989899 0.022827908819684977 206.36266658528643 
35.12472777777778 0.010344228676035412 274.03940246582033 
39.117552669552666 0.008434925307312022 369.95129056803387 
32.50887561327561 0.013756581856558323 228.00510994466146 
29.97457857142857 0.02175001511640785 257.1245576171875 
37.6603163059163 0.007444847829341892 468.8324122314453 
37.17245266955266 0.008049406091394427 414.95381970214845 
38.27308903318903 0.007701336621572976 434.77108833821615 
38.62108903318903 0.007734951589212415 432.556259765625 
38.88211284271284 0.006904273591578005 515.3645606689453 
33.00654942279942 0.012764153714599607 230.75741357421873 
38.69507647907648 0.007349262326631543 459.0015293375651 
39.08729617604617 0.008626860497894295 356.923857828776 
30.451883333333335 0.022587176307842717 209.97043070475257 
29.745831096681094 0.030186401600084286 212.21951534016927 
38.92709855699855 0.007198433522055146 456.297283976237 
34.160931313131314 0.011554030769910803 238.66553743489584 
37.760366810966815 0.008012440935900216 417.5973704427083 
33.3677562049062 0.012446847245380867 248.364713297526 
38.36938903318903 0.008463926666736602 358.6367963053385 
36.91626219336219 0.007725118870534895 453.15933435058594 
38.202665223665214 0.008478808730802544 365.6447142740885 
38.096223953823944 0.007468725793838493 454.34559387207037 
39.31099206349206 0.007615857492506501 432.78734423828126 
32.40964898989899 0.013041906885471348 264.86278287760416 
38.923846608946604 0.006967182282924648 479.0539161376953 
37.60798297258297 0.007820745393047336 427.9746145019531 
32.72051197691198 0.013216859862015264 237.19442810058592 
37.89328708513708 0.007254613013277052 463.3511431884766 
32.429381313131316 0.012973341308891786 238.58818839518227 
37.82557092352092 0.008456565378668311 384.2696370849609 
37.341777561327554 0.00860590686231613 362.38860148111985 
37.26729314574314 0.00798392717313766 429.09916410319005 
34.33913556998557 0.010897310065612793 278.11938415527345 
39.13235093795094 0.006956564783594607 483.90396508789064 
37.84363708513708 0.007122007550182341 485.20770747884114 
30.39303672438672 0.02235789187580109 210.47389294433594 
35.86085288600289 0.009467628002836707 312.47049654134116 
37.99650966810966 0.0075701601266884855 458.66634289550785 
38.028946608946605 0.007511518672552109 435.84411840820314 
38.98096284271284 0.008092647520532603 394.107325764974 
37.184542496392496 0.008029721538641456 419.383860961914 
37.91692994227994 0.007143041432020666 478.1311944580078 
32.968676118326115 0.012639484622833716 244.76318717447913 
39.35098903318903 0.008252788322925565 373.4980209147135 
29.05665404040404 0.040333194888267476 219.19195544433597 
34.17861717171717 0.0070108353291535395 583.8002454833985 
34.08506738816739 0.007368574607286456 546.451745320638 
32.3395 0.008569712588939661 554.2596264648437 
34.7398455988456 0.007170593075189592 533.2161520996093 
29.918731240981245 0.038939810906562816 171.1727186279297 
33.7074 0.007427241126120091 565.6050015055338 
29.563163564213568 0.04031827238040923 196.41009851074216 
29.60234076479077 0.03271375393515824 207.9909724121094 
29.612592352092356 0.041400698499917954 179.33533776855472 
32.37155555555555 0.009793727127227788 404.6211373697917 
33.64292380952381 0.007157081534624098 570.3006748453776 
29.868259018759023 0.04312564666582104 171.95692077636718 
32.9716158008658 0.010413581675722603 388.91646081542973 
35.24146125541125 0.00831647213953971 420.17174739583334 
29.502592352092357 0.043793732769670496 180.81969641113284 
33.2655707070707 0.009569449126520158 381.27620633951824 
29.82521356421357 0.044626364019155575 167.6693387451172 
34.800442135642136 0.009977192553579806 316.3715681559245 
34.28162380952381 0.009451323976984023 361.16727571614587 
31.08402417027417 0.014188140416383756 338.0762576497396 
29.176020923520927 0.03757890905580753 230.4259738769531 
29.648147907647914 0.04093491813126561 179.1493690185547 
35.3992365079365 0.0073047328016758 508.616025390625 
35.55928354978355 0.008901365421106821 365.9154303385417 
31.343397763347763 0.014068362682714459 262.13814737955727 
29.577820923520925 0.03816435815147394 185.4724103597005 
29.53566933621934 0.0306302211333847 265.1685321044922 
29.622469336219343 0.033887114100036676 195.13488562011716 
33.93200642135642 0.01048294412740708 310.81378133138026 
29.929020923520923 0.03697799997859948 180.67771407063802 
32.4349056998557 0.0097138370317483 443.3905631510417 
34.92177777777778 0.007842185084114077 462.8118240152995 
29.068455050505055 0.0376703486327743 254.2642078857422 
32.145946969696965 0.011330955283758642 333.3312713216146 
34.99533030303031 0.007734294035494322 485.229004679362 
31.2843740981241 0.018594021609306347 188.11614493815102 
34.67217388167388 0.009124560699045665 358.25591007486986 
34.323939826839826 0.007704985725059507 501.08757889811204 
31.188783405483406 0.011599218284883505 416.01880338541673 
33.679344444444446 0.007752824876711365 526.8653111979166 
35.29833333333333 0.008465116586151124 413.65455277506516 
32.6882303030303 0.00878190073013306 472.6968359781901 
29.317620707070713 0.040568553940925546 190.15321716308594 
33.51581746031745 0.010098537660064705 352.07003055826823 
32.260599278499285 0.01205826648882866 286.3414371744792 
31.239665945165942 0.014966948910818114 273.37881193033854 
34.519054112554116 0.009049776109733579 373.3728631998698 
30.169826479076484 0.036535673385343526 164.02011511230467 
30.21082647907648 0.036256589323997536 159.52157507324216 
33.18704444444444 0.009697561909258356 396.20472208658856 
29.219475468975475 0.035960981703112085 230.19316040039064 
33.16997272727272 0.008370132050933841 525.3467233479819 
30.03168044733045 0.02095846669860838 269.3250509847005 
31.794338239538238 0.011059390610656736 376.65409696451826 
30.794126262626264 0.029303384914484015 161.64327290852864 
34.24999696969697 0.008120435899183749 460.5437930094401 
32.17953881673882 0.013616786660394682 239.99719087727865 
32.578256493506494 0.010620532657661434 331.39500895182294 
35.61855627705627 0.00827762386312723 425.2567368977865 
34.34730303030303 0.008007951278746133 466.4322186279298 
32.82644444444445 0.008491662032833098 480.7179752604167 
32.836141414141416 0.009170215604364871 454.5047320963542 
31.048612193362192 0.016816542892637246 210.3182791341146 
33.874041414141416 0.008033459135093684 505.16870768229165 
29.26106356421357 0.04324621503233912 203.10436901855468 
32.90099134199134 0.011519843872950086 304.09358447265623 
31.381329365079363 0.011575206062736505 356.50331571451824 
29.407405050505055 0.034829386164665216 228.94313614908853 
31.023814430014433 0.017113483654651623 239.39587121582034 
34.63508506493506 0.008126710587713724 447.4681660563151 
34.423550937950935 0.009307737858762748 353.74847184244794 
33.91345555555556 0.007228175890169145 549.7444039713541 
33.77815252525253 0.0076670691562295 549.3659580485025 
32.46546363636364 0.01158426363077401 300.62397294108075 
32.51298917748918 0.011789819314241399 282.60661161295576 
35.340511904761904 0.009950543357553484 296.21243705240886 
33.05019696969697 0.00872474535471201 451.07137540690104 
33.497733333333336 0.00796803751440287 522.5493005371094 
33.837672727272725 0.00807273018198252 490.8928519287109 
35.45874675324675 0.008704014325056077 391.31617301432294 
32.04680007215007 0.012396032519400121 317.8612295328776 
30.66140425685426 0.014865535134420403 289.7839575602214 
29.320369336219343 0.03555069749397278 211.42937097167967 
29.38708975468976 0.03515700644811625 237.40106929524737 
31.886891414141413 0.013118903336248386 279.19714286295573 
31.823570202020207 0.013767912389442933 270.34944091796876 
33.7409253968254 0.008180346131250855 465.1527645670573 
32.911142857142856 0.009323714079191676 435.76781827799476 
33.45375728715729 0.010249942977943422 347.610414835612 
29.508726479076483 0.034292218858919116 200.55956172688803 
32.69982236652236 0.009764714657678608 428.92838785807294 
34.889618326118324 0.008003568861982818 440.1371361490885 
30.599778860028863 0.023525656403067127 185.85218920898438 
32.743911255411255 0.008760917105963233 507.07751944986984 
29.83504076479077 0.022640846252336474 284.231594523112 
29.467546897546903 0.043517775298700344 180.8952774658203 
34.72812236652236 0.008122865417242048 426.9542737630209 
32.67306825396825 0.009199028672907342 476.7325778808594 
35.64688023088023 0.008137743162336343 423.8504718424479 
31.947365223665223 0.010193775598623755 439.03560282389327 
33.469374747474745 0.00802330902324677 513.9070395914714 
30.911262193362194 0.017345502961311356 249.5478174235026 
32.22466594516595 0.01095968883329629 329.60875638834636 
33.42407236652237 0.012405261916160582 241.72200447591146 
34.21926984126984 0.00852835948801279 402.57466544596355 
29.477970923520928 0.03338372818966871 214.20120397949216 
33.39712222222222 0.008438312303743362 488.45138293457035 
33.56808903318903 0.00936292582935334 370.732430094401 
30.399097258297264 0.016316251199569694 302.9538943277995 
34.641904040404036 0.00849599232577323 393.0444364420573 
33.30446601731602 0.010516410822572701 325.5489570719401 
32.77942712842713 0.010749896441843518 319.30658524576825 
33.39143982683983 0.008668119982233052 421.65161918131514 
30.114826479076484 0.03740618103274338 164.58895300292968 
33.886228282828284 0.007363732413063048 567.7249162597656 
32.43491919191919 0.011843647610054004 270.64416739908853 
32.948452380952375 0.008449560542128084 518.5790079345703 
33.2895176046176 0.010732125179681782 321.9276920572917 
33.66367777777778 0.00818159484032631 512.2187833251953 
32.55508520923521 0.013451049620571134 229.7041180419922 
30.507755050505057 0.017580120475158712 255.05011092122393 
34.40454372294372 0.007148025183413032 569.6408497721353 
29.97039790764791 0.031655362130155566 177.15672977701823 
32.141374170274176 0.012276193882105341 318.6349704182943 
30.549070707070708 0.026207968389568344 179.23218652343752 
30.184626262626267 0.03035440466196298 176.6470169270833 
32.767581962481955 0.011449597794494623 322.55756762695313 
31.766223953823957 0.011985906897757057 342.5845564371745 
33.653833333333324 0.008648789128019809 457.24704715983074 
33.61581284271284 0.00948309398739099 368.10930118815105 
30.923813780663785 0.01668819465426444 241.04187263997395 
30.467916738816744 0.014646783933868415 368.8738989664714 
31.084007431457437 0.016579010291204434 236.79446048990886 
31.67670007215007 0.013370216852724557 298.80249165852865 
33.339066666666675 0.007991338825883869 523.0350467529297 
32.1217152958153 0.013380458781719213 264.6677583821614 
30.411864357864356 0.03576993087668649 163.95253039550784 
31.29871832611833 0.013128878627035621 341.7714120686849 
30.688445526695528 0.02597515114743469 177.58240018717447 
33.07112395382396 0.009647804390611643 423.2239033610026 
30.58086933621934 0.017364090405807525 257.2199829508464 
37.89753304473304 0.009065605204105388 319.61037170410157 
38.910692568542565 0.009840175603303919 266.83859545898434 
37.443300577200574 0.011884276282360566 210.0329503173828 
38.47268152958152 0.010586784640016556 234.33805940755207 
37.359189610389606 0.008332697133779526 392.4448555094401 
36.96469971139972 0.01083202196314097 244.90532169596355 
37.97886637806638 0.010278148083746441 252.57388366699217 
38.02993708513708 0.00988749025019646 264.2451611328125 
37.24392294372294 0.008272970138607024 399.09129178873695 
37.22173405483406 0.008619671733000284 359.81341516113287 
38.26356479076479 0.0097199180284524 276.60227364095056 
36.83838008658008 0.008191268074133388 401.07632914225263 
38.77458542568542 0.009687638114109049 275.7533434244791 
38.70877186147186 0.009282113613989345 292.582994913737 
36.89788008658009 0.008382562686443336 400.1334658610026 
38.69445122655123 0.009577058021128189 280.19565983072914 
34.74014963924964 0.006863996170749668 565.9918604736328 
36.0951981962482 0.006812803571834562 547.5978966064453 
34.67944011544011 0.007094951677725314 551.4863974609375 
38.38629538239538 0.013777057821915167 169.9418857014974 
34.22142207792208 0.007294949366846085 534.9555882161459 
38.55319538239539 0.012414421115219598 198.1939452718099 
35.06431378066378 0.007373169867334363 510.429649210612 
34.56967027417028 0.007132951181128024 545.0206674397787 
36.53413441558442 0.00766115220529795 455.74653963216144 
37.31528268398269 0.012857788087711342 180.3640654703776 
37.24586161616161 0.011414180654106147 225.1060349527995 
34.711178210678206 0.008182918851861959 445.9433543701172 
36.93812568542568 0.012632279058637626 198.7599795328776 
33.7516525974026 0.008599409585952763 458.58550614420574 
35.46128549783549 0.006940541215956213 548.8765301513672 
30.926909090909092 0.014300909487247472 407.4341176350912 
36.517620707070705 0.00768341190910578 462.20187825520827 
36.33021630591631 0.008498527279853818 374.818262898763 
33.041532900432905 0.010254198667726509 383.08852693684895 
34.65080245310245 0.007409577760031224 488.8010010579427 
34.11877994227994 0.007470341248629091 525.7026765136718 
36.17965873015873 0.01516585465627671 153.7429424235026 
36.81712554112554 0.014782917960617545 165.42878690592448 
34.59086652236652 0.008187107824823854 448.5989714355469 
35.10815873015873 0.007826105662634369 471.25917561848956 
32.77613924963925 0.009787037675497526 428.8213347167969 
34.63666378066378 0.007664627439498899 486.48087036132813 
33.27205670995671 0.009024706874563693 423.4701454264323 
37.78083823953824 0.012602882699050896 190.53153544108073 
39.17124292929294 0.0078215666937828 424.6964330647787 
36.33259011544011 0.007837550770637993 447.25799422200527 
33.811920129870124 0.010755520035765182 289.5359071858724 
39.15130007215008 0.007722634184017186 430.74522481282554 
32.01454956709957 0.012650864150466908 306.8798260904948 
35.48564321789321 0.009059733746376033 357.95680078125 
34.00881176046176 0.011180692910730839 268.8375196126302 
34.588012914862915 0.00938055422320605 331.2682687988281 
33.22048578643578 0.010454988622496122 364.2565204671224 
35.04066991341991 0.009415460485992434 326.02226098632815 
33.747603823953824 0.010099820496294504 337.79669628906254 
30.515845454545452 0.027164176877043263 172.62208418782552 
38.823752020202015 0.006630570931520463 561.7555868733724 
33.299167965367964 0.028332621935186444 111.9415010579427 
30.931470995671 0.03340211086183549 138.26044673665365 
31.519022510822506 0.031865581204988905 132.76636673990885 
35.28380995670996 0.010834746349050992 228.50656713867187 
31.268189177489177 0.03309732466153151 137.04261299641928 
30.60813766233766 0.02083299124050378 193.0599180908203 
31.882189177489177 0.03032708477973943 125.06617468261719 
31.622666955266954 0.02195853029684069 147.15631848144534 
30.711989177489176 0.031267417355775894 154.63318086751303 
30.789875757575757 0.020715232276346682 164.09234102376303 
38.99413340548341 0.006724315741465089 528.877513264974 
34.09408203463203 0.012883386011362059 199.83797037760417 
34.33600281385281 0.011074035992383952 248.17676733398437 
31.93462251082251 0.014165271911058444 202.6863367513021 
34.404084632034625 0.025458083952143166 116.99404553222656 
34.267326551226546 0.010396385484848013 290.51805684407555 
32.77637965367965 0.02274522937875988 133.28613830566405 
36.51505108225108 0.009924410807809831 277.08339029947916 
31.840046320346318 0.014999181051733501 201.3119434814453 
31.768789177489175 0.016891102262725832 176.8612503255208 
32.329086147186146 0.026343560541114835 132.05554187011717 
38.61291392496392 0.006975960383436677 526.2013693847656 
32.748689177489176 0.023862631383857733 133.06165979003907 
33.731584632034625 0.027175222663879332 114.37045243326823 
35.06870129870129 0.010559317035760869 261.5242051188151 
35.109980519480516 0.010243411000921722 296.9045876871745 
32.393761471861474 0.013937374313166124 234.86847595214843 
38.919948989898984 0.00788536419697047 409.91512361653645 
32.459489177489175 0.020279878004477017 147.80824593098959 
31.506182683982683 0.015351978791275051 216.39891544596355 
30.74634545454545 0.02449725499042508 173.7489979654948 
31.817849783549782 0.028807940682890432 139.51000598144532 
35.20022597402597 0.010043890654146686 266.8304560953776 
30.86594069264069 0.026935120849039516 155.00383028157552 
32.15113917748918 0.023092873428926502 137.03908723958332 
34.651192640692635 0.010507760919401634 265.41478995768233 
38.371275829725825 0.008347423053970331 389.58718029785155 
31.728212987012984 0.01717225521328211 162.37360021972657 
32.58232251082251 0.0258448967113876 127.41626721191408 
31.574289177489174 0.016328171812117112 182.23211698404947 
31.050289177489176 0.02517993079286815 152.72318770345052 
31.471031168831164 0.017761712606430037 180.51788484700518 
38.18769249639249 0.00848209856601715 379.3748832600911 
34.845547186147186 0.009548229620218274 330.2759569091797 
33.165169480519474 0.017538116720020782 145.0666690266927 
32.049522510822506 0.017332553842544576 158.37092370605467 
35.11523203463204 0.010038347617266175 274.0789727376302 
32.04408109668109 0.02348889161328317 142.6293955485026 
34.70745887445887 0.009941770096292508 323.5983351236979 
32.19055281385281 0.029174994206116175 131.62497403971355 
33.396029004329 0.012838487831392268 211.9185107828776 
33.830629004329005 0.014564733533384775 167.0631387532552 
32.574889177489176 0.014738905385246297 185.03114697265624 
32.46518917748917 0.01891589239197969 147.17519506835936 
33.47755129870129 0.025344847200682183 128.47785762532553 
32.070022510822504 0.028409291816112986 137.11718986002603 
31.30845584415584 0.016546437767431713 188.04015783691406 
32.518222510822504 0.016609716919794112 155.4011865641276 
32.863189177489176 0.021728311497166145 128.61932250976562 
31.13530432900433 0.01927255064457897 177.21707543945314 
31.858546320346317 0.024233986681044074 144.2744912109375 
32.93094473304473 0.02609852919773099 121.41443436686198 
32.80188917748917 0.02897452998332024 126.2753408610026 
33.914289177489174 0.011514905173912042 244.50649430338544 
31.315258874458873 0.02742061518507238 147.76602787272137 
34.74802698412698 0.011338283826313016 240.85001558430992 
31.29060606060606 0.018047771255006756 184.16246728515625 
34.20002554112554 0.01216994652071239 225.2782732747396 
35.176552813852815 0.01219403346961975 208.09842610677083 
33.65583701298701 0.02484880042815207 123.1637235921224 
32.89087965367965 0.02136529731310848 135.16230102539063 
31.38128917748918 0.024261156294348246 152.49423946126302 
34.7974582972583 0.010859947385370737 258.98262898763016 
33.50712857142857 0.012404685448465338 233.24345874023436 
30.978607359307354 0.02943472483178138 143.16356624348958 
32.68543917748917 0.015541283534109622 165.64176997884113 
32.63938917748917 0.029857774112846784 119.26410343424479 
32.44540995670995 0.024795738083829896 132.15225952148438 
31.467622510822512 0.019812286164131145 153.6932158203125 
38.24724249639249 0.0077911345751667015 431.6484664306641 
34.628152813852815 0.013200277992250913 190.58235416666668 
31.26247099567099 0.01924162125621792 179.79060811360677 
34.524241702741705 0.011848222266170992 213.93892228190106 
32.26838917748917 0.030194923423566757 119.40242696126302 
33.6632512987013 0.015898054987897835 152.76056339518232 
33.13809393939394 0.013445474721968187 205.54428853352863 
34.018400649350646 0.012121716499140251 229.85567468261718 
32.991317748917744 0.016337396155729312 152.03915897623696 
34.44600735930735 0.011649730647077562 219.88097306315103 
31.484742424242423 0.018568037658903584 178.1448535970052 
33.3299619047619 0.01333010894235609 209.0238299153646 
31.204387662337663 0.026742531849291335 150.574559366862 
31.454637662337664 0.02101915856708523 159.12089152018228 
32.24668917748918 0.02004831372787711 148.1889757080078 
31.797355844155845 0.016025508443739404 160.4755577799479 
33.60418614718615 0.013106988312294463 202.6359220377604 
32.66788917748918 0.02977909419185873 126.39950488281251 
33.87911031746032 0.011477159274771219 255.45781827799482 
31.475887662337662 0.025106604932844626 149.7015516357422 
34.978974458874454 0.010990841594278798 255.13117138671873 
33.26005281385281 0.014444708234999194 172.15386791992188 
32.014289177489175 0.01954348566007855 152.99866349283852 
31.714386147186143 0.018118063310623142 154.25776534016927 
32.25135281385281 0.033167149336788576 119.78238842773438 
38.79230656565656 0.008362511019859319 387.4383645833333 
33.271302813852806 0.015700865694704046 162.63727880859375 
32.13516948051948 0.0271012015161133 133.56598881022137 
34.30475129870129 0.02305118212983373 128.30635847981773 
31.86918917748918 0.030053392262372965 125.11101045735677 
33.34043203463203 0.012502840967235578 237.26595092773437 
38.69780916305916 0.0069549368682503745 513.9868492838541 
33.20276897546897 0.012724038167593465 227.61888212076826 
33.17503614718614 0.03129192552891015 118.24150557454428 
33.02782900432901 0.012974119010686885 229.20848160807293 
33.38109783549783 0.011971018540391927 245.80122762044272 
33.37969473304472 0.026080122660086177 124.57177518717448 
34.50490476190476 0.013274003798484821 179.50694881184896 
34.88879927849927 0.011016093281652926 258.5190898030599 
31.301607359307358 0.03166454844188696 134.8136212972005 
33.21961536796537 0.01366277047038076 191.0846504313151 
31.611970995670994 0.024530288943052255 148.49281502278646 
31.43153766233766 0.021534804888353354 150.71655110677082 
31.72153766233766 0.022879290387823548 146.48962056477865 
32.24712251082251 0.01377187797014476 237.57679691569012 
34.41603203463203 0.012288523869524006 222.08389876302084 
33.817286580086574 0.012574884785642608 204.16491158040364 
31.28144069264069 0.019397977361204605 170.40396256510417 
32.836189177489175 0.018719351686439515 147.01774654134113 
32.376267965367965 0.02710967228866571 129.96823608398438 
32.654393217893215 0.013543022030756484 215.77787227376302 
32.016189177489174 0.029508008445587142 131.95244535319011 
32.91690995670995 0.014445595935442437 168.36053112792968 
33.746808441558436 0.023728956903829604 125.06009029134115 
31.603760606060604 0.018821611559927436 171.63058418782552 
30.989109090909086 0.022766620836565464 159.9716053466797 
36.83759653679654 0.009822560854196541 282.0055714518229 
32.078504329004325 0.02121360572017672 147.75750150553384 
38.07667626262626 0.008680260224809649 352.23385510253905 
31.18184069264069 0.031796927966918916 138.6580139973958 
32.90155281385282 0.016640352644875053 152.8241534016927 
32.9594417027417 0.013161101326010225 231.50596228027342 
31.639128427128423 0.031146727153894837 130.36850244140624 
30.297845598845598 0.041421295556452326 155.57348376464844 
34.32667294372295 0.007324615352211002 512.0388021647135 
29.125445598845605 0.033674966620066124 254.08758605957033 
35.48183823953824 0.007082531214342114 498.01699617513026 
35.196451515151516 0.007419822213134767 481.59586531575525 
30.113223376623377 0.03981746316175692 168.8334197998047 
35.29360014430014 0.007754797234461303 455.7715177001954 
35.86078152958153 0.009554167441484938 294.517848429362 
30.296319336219334 0.027135050139465336 174.73628267415364 
30.15533044733045 0.039298405385782685 157.42873970540364 
31.26571933621933 0.027505939112589365 146.9000029703776 
29.43496940836941 0.03346434220725056 226.25496793619791 
36.0209961038961 0.009120682770729057 335.03800541178384 
32.160906204906205 0.02283618747718096 140.14768098958334 
34.5329683982684 0.007849481634140017 459.33420808919277 
29.849445598845602 0.028942597445414095 215.22214575195312 
34.182666810966815 0.008288137682924267 433.788524983724 
34.87871370851371 0.008614473894121653 392.5334333089193 
31.221719336219333 0.026525115071773558 148.23443208821612 
32.08716378066378 0.014057029858589185 242.08851782226563 
31.045598124098124 0.028458311166772807 152.67580920410157 
31.31677994227994 0.03148985731020931 134.6485985921224 
34.267307503607505 0.008394426146087645 431.10487577311204 
33.795365079365084 0.009673474587917326 367.45481001790364 
34.5830556998557 0.008801344500055302 386.8772026367188 
32.77797135642136 0.012136639485552315 267.60493884277344 
29.817812987012985 0.038066491862890676 182.38155041503907 
33.83384357864358 0.009748023550083638 329.97381669108074 
30.355663780663782 0.03859649513513807 155.4669434814453 
29.226697835497834 0.030716328238248852 258.18213700358075 
29.325112265512267 0.0337306109525704 240.44067419433594 
35.34861125541126 0.007927980420007698 446.4421103515625 
30.01063607503608 0.02481959337282421 193.6467228190104 
29.90412813852814 0.03850053997713323 178.23764831542968 
35.62908744588744 0.00841280152740717 388.22994120279947 
35.59275670995672 0.008099790958127979 436.9214849853516 
33.96081544011544 0.008334181613657473 441.42492960611986 
29.980724098124096 0.029296774850943053 194.82694181315102 
33.17391500721501 0.011077497134437564 317.6695677897136 
30.562774891774893 0.03660127879332545 149.98290319824218 
33.70124199134199 0.009050398321189873 398.29454142252604 
29.594930447330448 0.028240869960870715 238.6403406982422 
30.948875036075037 0.016419933058083053 258.87060868326824 
33.585174747474746 0.009860261576261525 352.20524613444013 
31.83512135642136 0.012968331267359266 303.1086669921875 
29.823858297258294 0.035235171430647416 189.57067626953125 
29.71488282828283 0.0330794480314279 205.18920703125 
31.95164386724387 0.012536014872133718 326.0676998291016 
29.78300115440115 0.0350111202015495 189.8773047281901 
30.51912525252526 0.018997952541925888 229.85071407063802 
29.86243116883117 0.02374930425340891 264.3315242919922 
34.28047316017316 0.008961998835537426 383.9509198404948 
31.389061327561325 0.020669512343943094 162.27708732096355 
33.517526118326124 0.010461786291744699 314.85548555501305 
34.12020432900433 0.0081471575704217 462.4182366943359 
30.38699711399711 0.03677063227826112 148.94027213541668 
29.561695598845596 0.029392613968908753 270.46762154134115 
31.975874603174606 0.013918971015903973 248.79287569173175 
35.372250072150074 0.009454106983795176 318.6691425374349 
30.19344155844156 0.03565638884029634 171.95331542968748 
35.05581111111111 0.009708282385673514 311.75176835123705 
34.45586998556999 0.008398871573209756 428.5395308024089 
33.36353015873016 0.011279287138197423 299.1325026448568 
30.641401154401155 0.03218878431705469 152.43864082845053 
31.20687085137085 0.030348894421389102 142.14437626139323 
33.041704329004325 0.012329974650144564 250.82987923177086 
30.33296868686869 0.021735880134508608 217.13108870442707 
30.040623376623376 0.03436725813948872 172.61966166178385 
33.251009379509384 0.011223865788755415 313.9819436442057 
31.022998268398265 0.01750323827320336 225.17879288736978 
34.65390418470419 0.008846898974504462 365.92719734700523 
30.900988528138527 0.023158223454334728 161.1402097981771 
33.90108528138528 0.008311901797590261 444.227422648112 
29.492717316017316 0.03113022884922263 251.1182752685547 
29.67677965367965 0.025176829383935888 256.5777033284505 
30.06255266955267 0.030526663492383917 177.56704260253906 
33.71268961038961 0.009302144225835803 372.8797411295573 
33.42660728715729 0.010399379575252521 332.5447107340495 
32.374201298701294 0.011715003102312082 310.63462251790367 
30.234968614718614 0.035833064530429795 167.39914579264322 
31.873795093795096 0.02562923756247759 137.66108430989584 
32.953813419913416 0.011429526019871234 263.41898767089845 
34.443568398268404 0.007980714223978516 448.6975976155599 
29.871812121212123 0.029772342254886605 196.3998369954427 
30.20679509379509 0.03483236480731004 171.6781036376953 
29.5480455988456 0.03085993254205945 233.68672241210936 
29.67825656565657 0.033793239036276346 191.25532576497395 
30.15907965367965 0.025782254350509605 181.37771887207032 
30.511190836940838 0.023467079362299473 191.06971228027345 
35.46143448773449 0.00876710356991052 374.8128273111979 
31.739421356421353 0.012628166982939237 321.1759116210938 
33.76384617604617 0.009874293297443387 340.1468137613932 
29.587239249639246 0.031882696858904415 212.5264798583984 
30.691625974025975 0.01933303547000883 224.2484834798177 
35.10117157287157 0.007860245176126964 450.78927274576824 
33.629933910533914 0.010298417604448799 339.8390619303386 
33.605789826839825 0.009329919992468353 380.00828938802084 
29.940108225108226 0.037473673775196115 174.70122741699217 
34.04109264069264 0.010022033198168268 312.2510778401693 
32.65855627705628 0.012458182666828618 255.87014644368492 
33.4700277056277 0.009674269529638289 373.06149544270835 
29.593858297258297 0.03171724744150399 223.78137316894532 
30.744235209235207 0.03138182485294341 145.37560400390623 
30.528533621933626 0.021234011464080813 209.81621769205728 
29.883696681096684 0.034162860390760844 183.95391345214847 
29.62212525252525 0.025981164958689233 234.60053698730465 
34.08677301587302 0.010043218903293617 309.584772257487 
31.14882323232323 0.015766020720491408 246.41765787760417 
32.92932063492063 0.012793308318843849 253.31220959472654 
32.877256854256856 0.01197080621433257 266.16791548665367 
30.788952669552664 0.0197173283034897 215.9664266357422 
30.25393650793651 0.0362120833661938 166.34249743652344 
29.729636075036073 0.03036419835979701 195.67639697265625 
30.175734487734484 0.029896413747129386 176.9665167236328 
30.357064646464647 0.024621968221209035 182.06564318847654 
30.41292611832612 0.01959557196215629 290.80696419270834 
35.11870865800866 0.007523159518644813 465.76746626790367 
31.707901154401153 0.02222143852278945 146.6371219482422 
31.454872582972577 0.030034945080041866 136.28975349934893 
30.71384819624819 0.018550645977995404 232.19295963541666 
31.472244300144297 0.02649542043066025 141.12486275227866 
29.788179942279942 0.02417138193928958 286.2064928385417 
35.12143448773449 0.009253242858145237 350.7296778971354 
33.651539971139975 0.011109164487991336 293.39267989095055 
33.94332813852814 0.009241804729461659 393.48274393717446 
30.77445670995671 0.020081306529047476 212.36536730957033 
30.31115988455989 0.022099171354446393 243.07454484049478 
31.554249639249637 0.015228817581942077 236.41227294921876 
33.94827258297258 0.008566710099401466 440.3622153727214 
33.73776998556998 0.009965938015565863 344.4558115641276 
29.894208946608945 0.022312553241369718 229.71570926920575 
34.939692784992786 0.008103215279817584 433.51150610351567 
30.171493217893218 0.0255892033088207 189.31326879882812 
34.04333030303031 0.008558668345034121 424.07948152669275 
32.01516378066378 0.02490963409470559 140.85602868652344 
30.609512265512265 0.03241224956703182 162.75041068522134 
30.580477633477635 0.03457767047709462 153.54012023925782 
30.47567647907648 0.02000957593776941 218.45543863932292 
30.262549494949493 0.02118417841233254 255.55425398763023 
32.023220634920634 0.012035612384548193 335.63374198404955 
30.312441558441556 0.0373672205588436 159.49472794596355 
30.69100505050505 0.02050266357879876 211.6480801595052 
34.066847186147186 0.008176985778067114 450.38417720540366 
30.800950649350646 0.019472882672367083 221.8446153971354 
29.19474076479076 0.028610304397633044 276.71794108072913 
38.26122994227994 0.009373493912496577 296.14877384440103 
34.28571233766234 0.008113238011608116 455.4283846842448 
37.5847854978355 0.010077845929243566 264.3135371907552 
32.2871663059163 0.009336280303776265 484.31035510253906 
36.9493347041847 0.010298679169676311 247.6196571044922 
37.316108513708514 0.010824140646781914 245.6206785481771 
32.09074624819624 0.009313796516230101 498.00041524251304 
37.742152164502166 0.009469123365821827 287.16612650553384 
33.87883816738817 0.009607917178843016 366.771581258138 
33.660504834054834 0.010305604815826422 326.4867352701823 
35.7642841991342 0.00968357445293665 309.4788164469401 
36.6361347041847 0.00982512491665839 273.2725051676432 
29.28309292929293 0.027346086219396604 346.27017065429686 
36.697483910533904 0.009056875176992418 334.26175927734374 
36.34669502164502 0.00910159967514037 330.1713115641276 
31.944620995670995 0.009746028365824215 501.97276029459636 
36.04355057720058 0.008857417945442193 337.1819829915364 
29.942121500721502 0.019229012299194343 370.9637069498698 
36.23509660894661 0.009519587505922312 284.1659700113932 
29.704344011544013 0.021964580535233008 378.2406505126953 
29.403336435786443 0.024737190505399673 298.6115889892578 
36.78251724386725 0.008966001418838507 322.9633976236979 
36.49061724386725 0.009484439815368648 302.4868822021484 
34.447200793650794 0.009015229857113364 382.64634387207036 
35.2160968975469 0.009198762836608877 325.52974873860677 
36.04718261183261 0.011638598017845147 221.39029553222656 
31.943945382395377 0.010633562984154228 459.7584466959635 
35.65869025974026 0.009055095588686477 338.1330623372396 
31.214862409812405 0.013033344672527303 393.09330232747396 
29.586863131313134 0.023954050775826 306.89138472493494 
34.6293461038961 0.008391588869783879 415.49401245117184 
30.255134126984125 0.016224706695833205 362.9486003011068 
32.602776551226555 0.009410422999165058 475.6748819173177 
32.158657359307355 0.009803275294306274 483.0036641031901 
32.360954184704184 0.010000242059192666 425.9270428873698 
31.72900735930736 0.010394378970959186 468.70072208658854 
29.783879797979797 0.02009699881292342 408.90863936360677 
31.75493751803752 0.01071083386111259 410.91958451334636 
30.787137012987014 0.02127463593901631 190.45190393066406 
32.359275396825396 0.00973951787760019 477.49828812662764 
31.007278715728717 0.013608101890823825 350.64744962565106 
36.1461347041847 0.010213931325712198 257.7186697591146 
32.23144321789321 0.010375014114513392 429.4576149902344 
29.322137950937954 0.02563902867257358 343.6571024169922 
30.354237012987014 0.025009110758266475 193.31829968261718 
35.90174581529581 0.01052033383915186 251.98968636067707 
29.48714855699856 0.022951881276407238 353.86304597981774 
30.92495331890332 0.012794836501369476 463.1274018961589 
36.46785057720058 0.009140324153890617 303.8130275878906 
29.466098340548342 0.03181903251782414 223.27030322265625 
32.037099783549785 0.009944259021053312 473.0501540527344 
30.071055122655125 0.01817555555888176 402.7766981201172 
36.42880137085137 0.010338738994429103 249.96765596516926 
29.714353102453103 0.021714710152437693 312.5214693196615 
33.44803946608946 0.012113204495706574 237.98001037597655 
34.709957215007215 0.008370820909652714 422.42313061523436 
30.176297041847043 0.020208365971269626 307.9613605957031 
35.60077467532468 0.012807225288152677 202.00690808105466 
33.29982691197691 0.008906777502920623 405.407321492513 
29.99106948051948 0.021678177773771262 257.62818168131514 
31.271256926406927 0.014158171736958032 317.66207893880215 
35.24439689754689 0.008930159045755861 358.86510371907553 
33.19010887445887 0.00943363517209052 435.7352894287109 
30.07869675324675 0.01697583071298838 465.09824906412763 
29.83152907647907 0.026449592882559273 230.5755852050781 
30.405466305916306 0.020006417600870144 293.65336344401044 
29.80361067821068 0.02087274648047447 352.9496876220703 
33.046051659451656 0.013096929080545898 227.90265979003905 
30.90311392496393 0.01755794822168349 236.27263382975258 
35.81037987012987 0.0087215895251298 355.5979412434896 
30.23252085137085 0.017183765906574708 298.2715056559245 
29.965303102453102 0.020719018022165324 294.33405183919274 
36.12581724386724 0.008683058126509198 351.44398173014326 
29.840298629148627 0.021030869846401207 295.40576745605466 
35.43291089466089 0.009796744684050078 290.30244620768224 
31.246374025974028 0.010959887765667429 467.12930607096354 
30.26346630591631 0.022309514940903195 251.19656742350261 
30.04647756132756 0.019604696040651796 369.7938805338542 
35.555317243867236 0.009968230703356255 264.91792195638016 
31.59308059163059 0.013328579393301017 329.85715852864587 
29.773329292929294 0.020998816549911505 314.89937561035157 
29.73775634920635 0.02344295836703541 306.9286970214844 
35.87011118326118 0.008737009495317933 343.3826835530599 
32.85087640692641 0.009268306524744032 441.4180505777995 
29.423334704184704 0.025382781987831587 287.6977094726563 
36.1043847041847 0.009404305923044675 313.38900874837236 
29.5238626984127 0.02447469188811541 297.49500061035155 
32.05153008658009 0.009895976996660229 498.5738356526693 
34.83904213564213 0.009293620080492502 355.69751851399735 
29.531589682539686 0.028022849798157216 277.08843432617186 
35.42346976911977 0.009368472115614427 317.80569921874996 
32.9482018037518 0.009261320796527868 437.64638419596355 
33.0275062049062 0.009948288095057019 387.3992485351562 
35.03287510822511 0.009564955598833552 326.34595145670573 
29.525404617604618 0.02226634630990028 341.10119079589845 
33.50253658008658 0.011136909863016613 301.05922802734375 
29.721457647907645 0.024248240629434595 264.78870418294275 
31.689688816738812 0.012655989360830774 345.2389691162109 
32.50465634920635 0.010525932099304197 390.14449678548175 
30.40495230880231 0.016212954467394354 430.00461279296877 
32.96813008658009 0.010517956033632753 404.1904547526042 
34.70352546897547 0.008990862846586699 358.16414408365887 
32.34569725829725 0.009797509331703189 450.1573986002605 
