32.073240981240986 0.012506447481384284 212.41219681803386 
31.70627994227995 0.01389349644891976 198.6063664957682 
30.647680663780662 0.013981173777163021 241.41517215983072 
31.25893780663781 0.012164943738195894 274.028508585612 
30.851450505050508 0.01435732050806285 221.4668465169271 
32.1366354978355 0.012629683376848713 200.1387763264974 
31.66828701298701 0.01218142187484742 231.83860005696613 
31.662863203463203 0.012906115768930894 208.571389078776 
33.06016724386724 0.010753944858934883 293.24512858072916 
31.46715209235209 0.013214832686521995 207.8880392252604 
31.09658542568543 0.014377487003564848 203.9520225016276 
30.456342568542574 0.019545512093355682 243.35301114908853 
32.77508946608947 0.012520111435148727 192.79032763671876 
33.10774545454545 0.010012365230562686 324.7538305257162 
36.090598196248195 0.010305909725763802 297.96104361979167 
30.83412510822511 0.01322611779148339 226.84777494303387 
31.425830447330444 0.014083103304445743 197.7771599934896 
30.972204473304476 0.012205970477733606 280.00953043619796 
31.205211688311692 0.012633527718544018 242.38973270670573 
32.00812034632035 0.011920233832552444 234.60888741048174 
31.519387012987014 0.01293302191692352 214.11159330240883 
31.861667243867245 0.011745204241487981 245.47632194010416 
32.19033391053391 0.011159639039709566 268.0328642171224 
31.5596759018759 0.011942702314701079 251.53057649739583 
31.92461962481963 0.010888759351310735 281.4359817301432 
31.87121558441558 0.0106470552955532 319.2504998372396 
31.155187012987014 0.012938510642967239 223.89037658691404 
32.00983391053391 0.012594697606697076 219.80319283040365 
31.332024386724385 0.013629197393248093 201.70310819498698 
30.997373304473303 0.014856178505232352 204.5325533854167 
30.968053679653686 0.01326821116866111 221.4802821451823 
31.40184256854257 0.011937381245615495 256.51450504557295 
32.5454227994228 0.0125782936369157 199.7501843261719 
31.408786291486294 0.012559180193290704 230.94652006022136 
32.6122393939394 0.012252302845153797 210.30605440266928 
31.0907354978355 0.012424429246485243 250.95309134928385 
31.637000577200578 0.01110639726118088 297.52162150065107 
31.719045021645023 0.013441201512358196 199.42005631510415 
33.02166724386724 0.011137344942114349 239.42295471191406 
32.4727227994228 0.012037838782885084 217.59632088216145 
33.329246608946605 0.01056528870615006 279.9353173421224 
31.211842568542565 0.013867417374346271 203.2244747721354 
30.79491875901876 0.012758636076440805 268.3744438883464 
31.575452092352094 0.011363016676387783 315.7656729329427 
31.32540620490621 0.015308353530523783 198.28721443684896 
30.862842568542575 0.012612307794382565 297.67683451334636 
32.9152759018759 0.011251154990615844 253.252784383138 
31.251018759018756 0.01306967315081598 210.05081844075522 
34.047133910533915 0.011398283416032795 227.92524747721353 
32.681219624819626 0.0110614306847477 264.6969069417318 
30.867850505050505 0.014259233226683137 220.84562386067708 
30.698509235209237 0.015566436363222606 213.10923453776041 
30.623080663780662 0.01533139978989599 217.98237650553386 
31.231500577200578 0.012739878794279114 219.26680851236978 
31.03324733044733 0.013678940098724375 211.88476969401043 
32.16788946608947 0.012087012176096446 223.50004337565105 
30.867109235209238 0.012643338093986522 263.7086560465495 
30.722045021645023 0.013534238063070763 263.0110065104167 
30.93481717171717 0.013108765509989264 237.24198063151042 
30.992242712842717 0.014614011508331309 211.39401509602865 
32.57776724386724 0.010318394971170425 333.01964449055987 
30.744342568542564 0.014022724735853658 225.29420975748698 
31.581330447330448 0.013485682762756348 205.23465327962242 
32.2100227994228 0.013491514329910264 192.3973495686849 
31.12542987012987 0.013429977643241895 219.43249955240884 
32.290628427128425 0.013302721116838447 196.33873498535155 
31.4555012987013 0.02106759617607355 157.70829854329426 
31.7146012987013 0.013766202102205733 194.84744628906247 
32.219012121212124 0.01916710183687449 155.3482215983073 
31.30686818181818 0.027741999026777774 157.39184395345052 
30.504475036075036 0.016617157877943493 240.11871948242188 
31.58013593073593 0.018310787026693805 167.22093155924478 
32.10484069264069 0.01637585739056829 165.41871423339842 
30.938940909090906 0.018423516194727395 188.02449873860675 
30.697190909090907 0.018327450553324208 194.40537817382813 
30.613024242424245 0.01707851127491238 200.94666381835935 
30.232705194805195 0.018106872417774228 250.9061716715495 
31.499908441558446 0.020624029691908324 167.63103194173175 
30.55369090909091 0.016756439735796467 215.98353491210938 
32.74042857142857 0.01603256722241401 163.1980089518229 
32.549553679653684 0.011980351724777233 229.78079931640625 
31.68928484848485 0.020087267842695686 156.6239268391927 
30.970478787878783 0.01577256026325462 193.32871630859373 
30.695580086580083 0.019870617893145114 185.74564208984373 
31.869506060606064 0.017473394839346422 165.82898836263018 
30.857312121212118 0.016033447331240173 206.04671264648437 
31.051919480519484 0.017759796966018645 187.185374226888 
31.25327164502164 0.018918439368345745 177.63979191080728 
30.915490909090913 0.015132260125544058 214.36567846679688 
30.255926406926402 0.022915657858431332 188.83515592447918 
30.484240692640686 0.0190768278823495 195.3209440917969 
30.0573658008658 0.021016858038187012 224.99729154459635 
30.18547186147186 0.020809221535742287 208.68491756184895 
30.231348051948054 0.016264853587617867 266.4322086995443 
31.021474242424247 0.021307611399748315 177.7134423421224 
30.331090909090907 0.025155214401934176 182.35420589192708 
30.400102597402594 0.015489772979412082 295.5832907307943 
30.221383116883118 0.019644065403461444 238.59168168131512 
30.098699134199133 0.020680807225761395 237.7663204345703 
33.50497799422799 0.010864315963804718 268.5499431966146 
30.802150432900433 0.02203284699302913 178.15276615397136 
31.42349523809524 0.016848336467268486 190.97697928873697 
31.64572034632035 0.014933324097940926 189.7719989827474 
31.070962121212123 0.021639460843324673 171.0140772705078 
30.643635930735925 0.013601853100588335 275.3282033691407 
31.434965800865793 0.015860040036020286 187.12830916341147 
31.355385930735928 0.01810382786011695 172.90461189778645 
30.559348051948053 0.014648772624495035 256.72561108398435 
31.011812121212124 0.015371683569529036 198.9168544921875 
30.388048051948054 0.015938473582098475 250.66497631835938 
30.162032467532462 0.02065427140001298 223.4176699625651 
30.495119480519477 0.017673389030573396 195.40542553710935 
30.91435606060606 0.025385453089914325 167.0750467936198 
31.925030952380958 0.016363295380830794 178.44351375325522 
31.25315606060606 0.02110154706079721 164.64402075195312 
30.75581212121212 0.01627921536770106 198.9607360839844 
30.498090909090905 0.020807064546644657 186.19813895670575 
30.22676948051948 0.02194347336055995 200.55403698730467 
31.253357575757573 0.01567997567735674 192.24545703125 
30.081532467532462 0.020233776282367697 247.9061543375651 
31.746180952380953 0.017657195500376227 178.6258985188802 
32.81886666666667 0.014110765746593479 178.540973429362 
30.727645454545453 0.016844408907661448 193.0258026123047 
32.14521313131313 0.014687105242195101 185.02430928548176 
30.242681385281386 0.016918767163524626 253.31085957845053 
32.36546926406927 0.013433045665094836 186.85335876464842 
30.635424242424243 0.016537401211550225 207.73094409179686 
33.484934054834056 0.015503045940876014 160.52142875162758 
30.94343304473304 0.02920568955731395 166.16057613118488 
32.39541746031746 0.017641276968309902 164.50527498372395 
32.23319018759019 0.026809573070242378 145.0096123046875 
31.957790187590184 0.027221170093348044 148.16595605468748 
32.99563304473305 0.0185263446667695 158.13386206054687 
30.869651226551223 0.029862224444999693 160.4373557535807 
31.144166378066373 0.029055226711120537 153.64918965657552 
31.93812352092352 0.022166498507759567 155.04511401367188 
33.85920476190476 0.013655264231226434 169.29709960937498 
32.81196796536797 0.020040406403257865 148.4093963216146 
29.848342857142857 0.02681700033020017 259.9002225748698 
33.237767388167384 0.018477743841507417 147.52779728190103 
30.02432727272727 0.02477488531929254 271.69430977376305 
32.323523520923516 0.021080307131233225 151.48880171712239 
31.31192222222222 0.027643190128252466 159.03520727539063 
30.641722799422794 0.014027472290039054 302.0948424886068 
33.504352886002884 0.011693473058090204 215.99163732910156 
31.405225180375183 0.011583192486391064 323.55298148600264 
31.392951154401157 0.011591522924139501 363.0178586425781 
33.355110028860025 0.013070550539877393 192.68418725585937 
30.846562842712846 0.012337678730223187 343.0997972819011 
31.68072258297258 0.010836774720880982 332.84063289388024 
31.99275115440115 0.010633560017547599 349.3995658772787 
30.681491847041848 0.01351721002790691 283.44758365885417 
32.93921002886003 0.011787043752386584 234.52568823242189 
32.58439184704185 0.012380781888208377 215.6315977783203 
32.46407972582973 0.011858007029116144 241.56391772460938 
32.06399848484848 0.015009832438528554 179.13090970865886 
32.74381118326118 0.01179101507902383 231.30220495605468 
32.843803246753254 0.015577735390319787 162.08534871419272 
33.982211183261185 0.011735974517107004 207.61849589029947 
32.03385562770563 0.015873345303556934 177.25304622395834 
34.50767784992785 0.011351164647111904 221.21938439941405 
32.34230324675325 0.02052319482563969 154.08962540690104 
32.73150324675325 0.018997811103820837 162.6766708170573 
33.20856991341991 0.014769376701354983 161.52573120117188 
33.694311183261185 0.011290940115759382 238.1815413004557 
33.00871118326118 0.012022952540419091 223.4191551513672 
32.335403246753245 0.014172142852900001 190.16843005371095 
33.595322294372295 0.012864167377815245 188.09557873535158 
31.870655627705627 0.014644430284109134 191.65197965494792 
33.32031118326118 0.011000113010368353 253.5665867513021 
33.12353658008658 0.014092041316053882 176.98460172526043 
32.907088961038966 0.012308377627909185 207.35505456542967 
32.35849848484848 0.015116143885138046 170.77245137532555 
32.4415841991342 0.014472785448133924 182.91998962402343 
33.46523658008658 0.014193971423838134 167.8028389078776 
34.690620707070714 0.01173192865210533 213.9666728922526 
32.50784927849928 0.013318927860853678 192.79179882812502 
31.801517532467532 0.01583265154408456 189.51558076985677 
31.24866038961039 0.02006813850805524 182.8568317464193 
32.47856991341992 0.016097885520210267 169.04995833333334 
33.16307835497835 0.009981029332611569 366.81438618977865 
32.81991082251082 0.010274806222250459 355.6208529459635 
33.46822712842713 0.009330434918215266 413.09083113606766 
32.32028268398268 0.010123721751425271 388.31688525390626 
34.46688311688312 0.00880666250420571 416.78426916503906 
34.278035497835496 0.009489601285078525 356.9734048665365 
34.02491168831168 0.009452551996614938 386.7462803955078 
32.62222669552669 0.009831739568712708 433.588872273763 
32.62618225108225 0.009962238637163631 376.2063535970052 
35.525459307359306 0.010192047902593603 302.24606083170573 
32.31840115440116 0.009667712047615051 463.78079150390624 
32.81019855699856 0.008979858058035372 446.5765061035156 
34.92977936507937 0.009890098064575187 316.78793990071614 
34.18317835497835 0.009843139746894831 326.6751923421224 
31.892440548340545 0.010428324704458708 395.56413509114583 
32.19864155844156 0.009768429330370419 454.0432705078125 
35.86289365079365 0.01062121622878074 279.7934898681641 
33.84212063492064 0.009087626982059479 424.759708984375 
33.63461125541126 0.008962234481213097 445.60216174316406 
34.387591053391056 0.007945223111250399 467.2620196126302 
33.58952857142857 0.01049261274670601 314.8989931233724 
35.02862597402597 0.009486763962497717 352.73638749186193 
34.80840692640693 0.008188879209518433 434.04747505696616 
33.000702164502165 0.009364397032318122 427.9005986328125 
34.67269227994228 0.010460844592275628 316.8701169026692 
32.283343650793654 0.010489067108154298 389.1587172444662 
