32.55440389610389 0.012417855424787998 184.48963846842446 
31.745024025974022 0.010666732375535965 312.83728271484375 
32.62212864357864 0.012543504617891325 179.24338716634114 
28.753188888888886 0.02179286260673761 257.69926615397134 
30.381600432900438 0.011617693585989464 333.42525000000006 
29.027761616161612 0.02066067014461754 227.8699953613281 
29.55077943722944 0.016297412263908413 188.84770174153647 
29.340581818181818 0.01513309460117578 245.97436588541666 
29.93350007215007 0.013909257241175161 228.05435111490885 
28.816724675324675 0.019988232824861972 243.31126802571612 
28.450096103896104 0.021809412900640975 280.4255217692057 
29.206539177489176 0.015743988043501394 220.25234147135416 
29.573361111111108 0.02096410705063105 180.58619799804688 
29.761688961038963 0.01458134756493567 202.60873299153647 
29.3292841991342 0.016090994098589405 202.0728310953776 
30.749208730158735 0.014982664030733108 161.96723657226562 
30.262743650793645 0.012995086593828191 228.5751633300781 
30.82465028860029 0.021339622562561042 143.96877315266929 
32.49956313131313 0.012507726294174164 179.5966535644531 
29.720459307359306 0.013280772872505201 265.6287774251302 
29.265623809523813 0.013089056570634854 339.34261226399735 
29.75820555555556 0.015287767999269957 193.57909631347655 
31.24179877344877 0.014029152700319297 160.51345198567708 
28.846138744588742 0.015038350931475162 262.3664870605469 
32.61783730158729 0.01191582574995995 189.35663155110677 
29.289379437229435 0.020986443569090373 184.39271236165365 
31.5379018037518 0.010634544779322146 322.0125154622396 
30.001592063492062 0.011684747657587525 338.68872330729164 
29.594296103896102 0.0148578750018215 224.76833874511718 
31.08955634920635 0.015088954961607469 148.2199668782552 
29.83866774891775 0.016400903735961928 174.7790821940104 
30.947390476190478 0.0110298939765191 304.61003389485677 
33.462556637806635 0.012126276331987375 179.35550272623698 
29.53735562770563 0.015347603351976886 204.16571781412762 
32.84685432900433 0.010495394379243852 249.78330883789062 
29.289288167388168 0.013658669962892535 330.4254593505859 
32.41191212121212 0.009526464370272169 393.84527148437496 
32.71365937950938 0.0131848209720039 156.51968347167968 
28.613762770562772 0.021886732797756197 268.949364461263 
28.994104473304468 0.015920934412994362 252.30350252278646 
29.927559595959593 0.012635461339533331 297.66713224283853 
29.623325396825393 0.012608482366964824 312.60969401041666 
30.390813203463203 0.01185083895847559 316.15215686035157 
30.925381024531024 0.01310567673542262 200.8221350911458 
31.468476262626265 0.012244109581813791 203.42492810058593 
30.969898484848482 0.015711709555902464 154.39645381673176 
29.316455627705626 0.014317434031429304 267.2144780680339 
30.682974675324676 0.016849378235456937 149.54032246907553 
29.97579545454545 0.017456630003204358 165.69304838053387 
29.154010389610395 0.014660218097116963 290.64093001302086 
28.915181313131306 0.01681729221983194 235.01742069498698 
29.518618253968253 0.0181660767000294 182.4359666748047 
30.794498124098126 0.012298494568881968 239.37731502278643 
30.22518737373737 0.013682785159208786 213.50210868326823 
31.666242063492064 0.012720492483541955 183.63987768554688 
31.678521861471864 0.015188833073809159 143.84603686523437 
29.18828658008658 0.014547094294188037 260.1470012613932 
29.47807705627705 0.01328214801262855 291.16214558919273 
31.02507647907648 0.010805023342802525 343.1076135660807 
29.515360389610386 0.02160463208381893 170.8706366373698 
32.71209271284271 0.009836103700075143 310.59320426432294 
29.797646103896103 0.020341293122186657 167.3407696533203 
28.81272467532467 0.0204204402495408 227.96445357259114 
32.3685176046176 0.010675860508539666 258.2846719563802 
30.234711904761898 0.012307127011797443 276.6833376057943 
30.257427777777774 0.016252229309473013 165.15264668782552 
28.716795454545455 0.02312855307504891 221.87007246907552 
28.838734199134198 0.019089342127058512 309.83963533528646 
29.231788961038966 0.022968181697502133 170.1358026123047 
31.82903073593073 0.010753742529222975 287.3643730061849 
29.701469913419913 0.014256861825850016 246.20878299967444 
31.847426479076475 0.011535932812311644 232.87759077962238 
29.98899848484848 0.02235905194970132 153.78059419759114 
35.281674819624826 0.009823856024763584 312.21901985677084 
34.76768953823954 0.009823840107879633 333.3126054280599 
30.778012626262626 0.02680153356611491 129.2575440673828 
30.53154595959596 0.021407209131052495 145.652311726888 
30.798787373737373 0.01574478736412284 154.87036185709636 
29.3276601010101 0.019599603883383287 195.80525614420574 
30.251623737373734 0.019116872175791284 157.29692073567708 
30.958679292929286 0.01906199832731489 141.63266617838542 
31.055447691197692 0.02074557819671873 138.95826411946615 
32.56071262626263 0.011691717714700695 203.0322646077474 
32.637644083694084 0.010629777730712895 269.9543782552083 
31.02414595959596 0.015580935248091217 151.0415220947266 
31.54267929292929 0.017853639100573047 138.72648661295574 
30.016762626262626 0.0203171159752464 160.25245300292968 
31.66195072150072 0.01293995027923583 187.88936291503907 
29.58857373737374 0.019729325359270557 180.34180936686198 
33.04424408369408 0.010216709311773774 260.9403800455729 
31.834045959595954 0.013978894950582979 151.13291467285157 
30.478560101010103 0.017914226501677066 155.02293721516926 
31.116477994227992 0.025677320615026925 128.67868745930988 
29.868065656565655 0.02065646690304044 164.17526306152342 
30.824123737373736 0.02029968000751735 145.70219982910154 
29.797254040404038 0.019821263035478567 171.67263134765625 
29.8347601010101 0.017069821101210105 188.35401021321613 
30.469694444444443 0.013023026941683287 226.2567608642578 
31.351614357864356 0.018523276400015328 138.49908605957032 
33.057388528138524 0.0108279852032876 222.87460115559895 
31.612012626262626 0.013439884914495968 160.3366502685547 
30.363260101010102 0.025797552007582242 137.05361173502604 
30.036387373737377 0.01457854936510327 191.76821464029945 
30.64892373737374 0.016100532448198826 155.57216780598958 
30.665790404040404 0.024603104510233426 135.8935841064453 
30.31817929292929 0.020532484267864238 148.07448360188803 
30.77945404040404 0.016017131674673585 152.53276928710937 
30.135190404040404 0.02149427312288522 150.08892744954426 
30.284293434343432 0.023014286714687332 145.2983869222005 
32.80870642135642 0.015039784975054215 128.04651831054684 
31.02267236652237 0.021033292008485818 132.93625105794268 
32.42660642135642 0.013118647175123727 160.6647557779948 
30.745394588744592 0.02696851804119343 129.80067614746093 
32.79296284271284 0.019171694670953764 128.070934366862 
33.964746103896104 0.01263579902649162 159.1151484375 
33.454201659451655 0.010718713458833701 243.53472774251298 
32.29493427128427 0.02539677601152417 118.16250866699218 
30.776720779220778 0.01577202522297862 156.59175561523438 
31.393942207792207 0.020424412672996547 136.07218098958333 
29.749104906204906 0.02808709098856212 150.38870471191407 
29.994486580086583 0.021147610131170752 160.23679357910157 
30.52874458874459 0.021815616636314414 145.7038858235677 
30.186414430014434 0.028356683104267068 140.10153641764325 
31.06120887445887 0.015913109276924128 149.403149617513 
31.01597943722944 0.012876175507662298 196.5669296061198 
34.461918109668105 0.010643207855024341 241.3725286458333 
31.05437871572872 0.02676468582298513 127.4342939046224 
31.841502525252523 0.01504412606600759 135.8243088378906 
32.4593588023088 0.011870382207930099 199.9759980061849 
32.360534271284266 0.014644554380514596 135.9409356282552 
30.734550865800866 0.012893877147867668 204.98321337890627 
30.04298982683983 0.02794364892333985 145.97551436360678 
32.04116594516594 0.014315571328029669 145.8940125732422 
31.61683189033189 0.015342071741678714 142.00636706542969 
30.369186147186145 0.01734844388103486 157.9833810221354 
32.56353427128427 0.02074990969997646 114.03037182617187 
31.36342633477633 0.02735491667728654 118.18816719563802 
29.855986580086583 0.027840503871500548 154.83395576985677 
30.76640331890332 0.01627645952993634 151.0190654296875 
31.316276334776333 0.01614708100111242 139.79475557454427 
30.48412554112554 0.01691381032967804 155.37853759765625 
31.676388239538237 0.021154193906691054 125.10658020019531 
32.675962842712835 0.013591274307012551 148.67821431477864 
31.790005699855698 0.02673245479583743 114.28794677734375 
32.089431096681096 0.02003442353784797 125.24666760253905 
29.99511363636364 0.016757437811908707 170.89885314941404 
30.74721204906205 0.021087295509397995 146.31646858723957 
30.34691443001443 0.0274561353258705 138.89442541503908 
30.828011183261182 0.013629855809297573 181.04159183756508 
31.391558802308804 0.012927055766477598 189.66470349121093 
30.187244516594518 0.021388472351982598 151.7599959309896 
30.883256493506494 0.02289357870632409 132.67437487792967 
30.385776334776338 0.016250604795668137 161.0730349527995 
30.198615945165944 0.012145226355860224 319.3232230224609 
30.476777705627704 0.01138490238849879 396.6211133626303 
31.840551731601728 0.01116415352401972 247.9068170979818 
32.17046919191919 0.010252860249102108 323.1538573811849 
32.66428261183261 0.01112637374775171 216.38617631022134 
33.01461536796536 0.010348846109411723 275.0908526611328 
31.039481024531025 0.010980896524963379 303.5721377766927 
32.7657437950938 0.009989851537523265 304.4125542399089 
34.09346212121213 0.009960354018309117 284.25575691731774 
30.33625815295815 0.01889076521091696 159.70682539876304 
30.62738261183261 0.011321840307474136 316.75826570638014 
29.637632106782103 0.015204785511932368 211.56501802571614 
32.970384776334775 0.012684966636171332 167.56078157552082 
30.09313138528139 0.022589299293577628 150.95502303059894 
31.055655194805194 0.014674338318452829 156.00557674153646 
29.725360533910536 0.01775941162815335 185.12945218912762 
29.796567532467535 0.01289690243885279 296.2518720296224 
29.872379581529582 0.014123632269144072 231.32351847330727 
32.48037063492064 0.009933898099997049 367.92253462727865 
30.2798536075036 0.013997103673133851 197.25815474446614 
30.15536847041847 0.012740878793153767 279.86712093098964 
29.761974098124096 0.021452394220421313 161.9958800048828 
29.224773520923524 0.021598863088788972 185.27372473144533 
28.884713780663777 0.019967745833847524 245.37024674479167 
29.085534126984125 0.01897115409852025 222.72508345540365 
30.24333715728716 0.017064527947082506 164.0176239013672 
31.4956702020202 0.019531229094800907 126.94564294433594 
31.38597352092352 0.01603847133848429 142.53651778157553 
29.648382611832613 0.02278390181660648 156.10343469238282 
30.8721943001443 0.01784781492902994 145.2501982421875 
29.492307431457434 0.021819809657433055 172.11102970377604 
30.177335569985573 0.022890941806755088 147.72618888346352 
29.185640187590188 0.022413322249386348 178.92544873046876 
29.16093412698413 0.02009758748110774 195.3611405843099 
28.952363997114 0.02106372433600664 205.21422786458334 
32.25983686868687 0.014337445525028714 139.5712354736328 
30.35568261183261 0.020608927443504302 147.82575276692708 
31.34465086580087 0.02117574905339238 127.15182413736979 
30.858523304473305 0.019556015077114127 141.29068965657552 
30.522703823953826 0.017379143110706815 150.9008318277995 
29.726963997113998 0.018772448054256426 175.155283203125 
32.16702662337663 0.012504010797998904 199.24469978841145 
30.142366738816744 0.020727683337404726 160.03379288736977 
29.968533405483402 0.023277860290930253 148.8555275065104 
31.88532734487735 0.01863150105554819 132.1971316731771 
29.475855772005772 0.013537356852600576 321.0473743896485 
30.864215945165952 0.021623574008200187 134.41910217285155 
29.881715945165947 0.018577747286322124 170.9385480957031 
29.623140187590188 0.01822527764244321 181.30344014485675 
30.397549278499284 0.018728911533262702 151.6587822265625 
29.39579733044733 0.020216260656919505 185.63760965983073 
30.57427092352092 0.015226103354475494 158.43942704264322 
30.680160606060603 0.011796256362438189 244.27811315917967 
31.356048701298697 0.014507149191095867 146.79573225911457 
32.144783549783554 0.013789620922396157 148.90859733072915 
33.3413707070707 0.010435110382463942 252.11968347167968 
32.67918333333333 0.009985233035802833 312.7431077880859 
30.051105772005766 0.014049120972003946 184.97422066243487 
30.027605772005767 0.014861859629383103 170.20447359212238 
31.210976984126983 0.012548513208065019 189.75468420410158 
30.463272438672433 0.01440910628443716 169.61306905110675 
29.715950216450214 0.019557223796234115 178.69654935709636 
32.38023759018759 0.011885554856100102 196.98543493652343 
31.866715367965366 0.012788817109165164 169.8108214111328 
30.256005772005768 0.015493524327335341 165.37333435058594 
31.915928787878784 0.010778579253616334 236.7971699625651 
31.064366883116882 0.014752398066892613 152.9061534423828 
30.767622438672436 0.024973674999144033 135.39618778483072 
29.712522438672437 0.01453053459500312 203.29306180826825 
29.92799314574314 0.014306162360098377 193.9419811604818 
30.333587590187584 0.014088241558256142 179.55315075683592 
33.22510353535353 0.010001496370077124 278.85988008626305 
29.989367676767674 0.012941569525625696 248.24982971191406 
31.072832828282827 0.01102268070153236 251.26051965332027 
32.81549473304472 0.011403720131304253 196.83381986490883 
29.948895454545454 0.013351945827772615 226.7875078531901 
31.837340764790767 0.010091348650064468 327.4670670572916 
32.67707092352092 0.011734566334173692 179.3661708170573 
31.145945454545455 0.011675495010778908 215.88361397298178 
30.200054256854255 0.020799421819925317 153.54407792154944 
31.856365367965363 0.0194243461069965 131.25910233561197 
32.88071031746031 0.01290497364234926 158.79281754557292 
29.799239971139965 0.013565614499607071 242.5406807454427 
30.987133549783547 0.013674407454309484 161.50188057454426 
31.688212914862916 0.012560644656934732 179.41209322102864 
33.27665822510823 0.012201552935752851 173.49002311197918 
29.99412799422799 0.020437694116916663 160.39446431477865 
30.568683549783547 0.01366946204471588 181.11512910970052 
29.95583354978355 0.01963528419304132 168.31918094889323 
30.21059545454545 0.01313425814637184 216.9970371500651 
31.64813354978355 0.013372312876215008 156.3427860107422 
30.82207092352092 0.015067669028148665 154.4839430745443 
31.245666883116883 0.01400218928050993 156.8026990966797 
30.924776479076478 0.020080022658453 141.01481994628907 
30.07345101010101 0.012329501238908764 280.5538168945312 
29.487689105339104 0.02042524885400773 181.38603397623697 
30.990616161616163 0.01263129669924019 200.3064092203776 
30.701716883116877 0.013705528100779085 172.56485249837237 
32.30916904761905 0.009990367355928429 313.8602225748698 
30.596398701298703 0.013181341625139701 189.92800459798178 
30.852865367965368 0.013150053889811013 184.67000435384114 
31.749388383838383 0.010960529061701302 254.80326102701824 
30.592534343434345 0.011121110110342503 317.8213918863932 
31.3916391053391 0.013069635557975752 163.77344982910157 
29.8641487012987 0.014806024227068415 185.7189784749349 
29.763558152958154 0.013274388307819369 277.36061832682293 
30.540998701298694 0.01995190419541359 148.9052703857422 
31.142638888888893 0.010258998082160959 335.14946903483076 
29.762752597402596 0.014257646317541575 224.4772118326823 
30.258931168831168 0.012777384268817901 229.37246903483071 
30.116337590187587 0.01533826896905902 165.87686324055989 
29.73780577200577 0.020478808401584628 166.53165799967448 
29.919752597402592 0.013926537038919946 210.6701357828776 
30.314939105339104 0.014670542567834823 163.24832954915365 
30.63532243867244 0.025624248201169993 135.2332969156901 
30.236855772005768 0.019534470690310005 159.78509842936197 
30.140702597402598 0.01393557076320886 198.29867915852864 
30.37777799422799 0.013154625711832069 199.55388627115886 
32.03731767676767 0.011734271907541751 202.0036258544922 
30.722534343434344 0.012359851234438416 208.50193680826823 
29.960855772005765 0.015119152319965377 170.91148026529947 
31.40072323232323 0.011645390463294996 209.07000663248698 
32.310115367965366 0.019009946056902413 129.50128849283854 
33.58974047619048 0.0115683982084298 187.29396008300782 
30.55427323232323 0.012581438038828387 224.43718631998695 
32.445337373737374 0.010888979382476807 225.6730293375651 
31.177239105339105 0.01305115365695953 174.83608052571617 
30.71369393939394 0.011108314593076698 260.9323568115234 
31.55765021645021 0.014026949601557244 148.26691780598958 
30.302012121212123 0.011888934148311605 250.11193355305988 
30.76400577200577 0.014331739678881142 159.14185998535157 
32.35498917748918 0.01306560153982404 162.4051217041016 
30.330666883116884 0.013620375584623807 184.86992118326822 
30.884171717171718 0.011896348388731487 229.4213428548177 
29.094053607503607 0.016269841080763365 227.23751326497398 
29.12602936507936 0.029507068551502254 195.43778275553387 
28.63227424242424 0.024101857526063895 228.88591162109375 
28.858013997113993 0.018973930615320208 255.58473270670575 
29.204681385281383 0.0137900930145359 288.03786531575525 
29.543164718614722 0.014991796367743013 225.78082218424478 
29.764596176046176 0.013302821070899957 256.7061465657552 
28.879133044733045 0.03148918509888651 191.41987768554688 
29.62234718614718 0.013662865391731267 282.61389046223957 
29.136946031746028 0.03079084676576614 188.4591261393229 
29.421058369408364 0.014602793197176462 251.24127945963542 
29.117629653679657 0.01998002804049492 221.04214603678386 
29.372595887445883 0.015617572831354131 242.380360555013 
28.517413131313134 0.029606037446794523 241.82326367187505 
29.087662337662337 0.020839221802034374 215.38516235351562 
28.502691774891773 0.02426248465886352 255.009266398112 
29.299703607503606 0.019632220241405995 211.92759476725263 
29.94107424242424 0.012602148798933035 295.12640340169276 
28.77893939393939 0.02133943871460199 249.1048067220052 
28.790057142857144 0.021786660201072713 228.67198588053384 
29.043132178932172 0.015588695299425139 242.5598155110677 
29.109303607503605 0.017127362939417388 221.88838028971355 
29.12607287157287 0.014780317751944074 282.4215758870443 
29.737925036075033 0.014356457548639788 243.7509347330729 
28.89234069264069 0.020045232081403696 228.22209204101563 
31.666614646464645 0.011585668948700424 246.89796044921874 
34.226299278499276 0.009617135261595255 348.8638787841797 
29.166622077922078 0.01988740870189903 205.99840018717447 
34.625044588744586 0.010431617947866914 256.5975515136719 
32.554103823953824 0.00945533627245188 368.64369873046877 
31.443193362193366 0.010249552416822915 352.65836962890626 
31.01180649350649 0.010116426508607858 430.2525620524089 
28.82788398268398 0.02105059548399208 214.43325 
31.837262914862908 0.009700324607660767 394.4020989176433 
31.25923477633478 0.01019012448351145 381.1692021891276 
