36.13042683982684 0.008269299964907164 376.0859961751302 
35.88284855699855 0.007875409176886082 421.87376867675783 
35.63139401154401 0.008049093637011052 395.8471641438802 
33.97772128427128 0.00971613135311364 306.6206172688802 
34.9608196969697 0.009408124604036821 322.1488303222656 
35.77997922077921 0.010732405508050928 247.9689073893229 
34.015760966810966 0.00984816395342112 300.714069539388 
34.02229054834055 0.010218523500063423 290.7875146077474 
32.04543968253968 0.01102576408556938 328.34204829915365 
32.13166544011544 0.011013534396638873 344.4628463541667 
31.85595187590187 0.010880005661585333 369.4542957356771 
31.828332611832607 0.011954589961149677 301.7625963948568 
35.522770129870125 0.009066778445243845 323.7813064778646 
32.87311493506493 0.00930973163614511 423.9844903564453 
33.90204516594516 0.014150261108992089 188.12455444335936 
28.719057936507934 0.021136834651396253 329.53289038085944 
33.33761507936508 0.007380496625032421 547.312276204427 
28.893348989898985 0.043499788452684846 206.79432580566404 
30.772022582972582 0.01007260846166849 576.1894587809245 
29.31318304473304 0.031484000635385465 171.90237443033854 
32.91978326118326 0.007734478630123135 566.4715984700521 
33.293149206349206 0.007707712108001709 542.5182502848306 
29.742276262626266 0.012271049526751041 532.640142211914 
29.123490404040403 0.030397978112795373 178.0354237874349 
34.51551544011544 0.008442184498682016 388.1201566162109 
31.681256132756133 0.008651266346845621 556.6339543863933 
36.116324386724386 0.010681384998610018 237.6464071451823 
28.828085642135637 0.02865385121912007 212.62497896321614 
33.45127402597402 0.00923323347029924 381.76948474121093 
35.058530591630586 0.011103753167629224 242.19378356933595 
31.669860245310247 0.008766002647402286 548.625727376302 
31.737532106782105 0.011255154105911255 333.44785693359376 
31.61943759018759 0.010919348649265768 418.6458385009766 
35.64773347763348 0.010859486008665558 238.21140275065102 
30.54685966810967 0.02579962699110271 152.74020739746095 
31.82254971139971 0.009911058956053253 462.0596564941407 
29.874651587301585 0.01464213436156273 453.56202925618487 
29.625160678210676 0.01900997629748342 222.26055716959635 
31.955303535353536 0.008343863494358072 520.7269772949219 
28.76885548340548 0.028279571136894242 240.18955798339843 
31.849623737373737 0.00914395119937897 498.50744864908853 
30.9038626984127 0.019106885836622692 160.8607373046875 
33.256451731601736 0.008305438110694882 465.59384468587245 
32.57115793650794 0.008354932309541702 494.9647800292969 
31.25231544011544 0.009446249887714387 559.6079993082683 
32.059978354978355 0.008868855192005634 470.8944934082032 
29.67367799422799 0.01587764651113748 296.9964140218099 
32.70544365079365 0.008866842928943637 440.12309020996094 
31.04439112554113 0.010485056986808778 486.92697635904955 
28.783628499278496 0.027930714924335454 231.94958239746092 
31.576453102453105 0.01028982521796226 457.8907245279949 
28.734696897546893 0.0204745922778249 326.5733149007161 
31.02212157287157 0.024294560726072816 146.52862141927082 
29.811698196248194 0.016831675790522093 261.6251931559245 
35.11739314574315 0.009587760348329541 311.1270693359375 
31.19488535353535 0.010655587111196511 450.4541616210938 
30.856245093795092 0.01871401523876428 167.9144901529948 
29.843198773448766 0.015080611139776701 356.8534294433594 
29.2471347041847 0.029529580544397818 182.4513244222005 
31.900208080808078 0.012282226283893574 281.26077734375 
29.5762689033189 0.02689060929489134 175.0232948404948 
32.86316183261183 0.00949019329901694 378.0338291829427 
30.19991031746032 0.016447246573209773 220.55077079264322 
30.37881017316017 0.013369197250022877 349.618730061849 
30.959359595959594 0.010184188555862905 511.00480126953124 
28.95473932178932 0.02000174737191201 308.47784977213547 
29.80578694083694 0.016133118968763346 277.469264038086 
29.720688095238096 0.018049704525663873 245.44637479654946 
29.133813636363634 0.01947293344537975 253.0768327636719 
29.348432683982686 0.02081878917884824 211.54682958984372 
29.168657070707066 0.022794889659702763 217.28766849772134 
30.682451443001447 0.010082378352174768 527.4146053873699 
32.793335353535355 0.009084362776491642 438.1404833577474 
30.869261688311685 0.014521736881532655 235.31775252278644 
30.08702142857143 0.017131968978605278 230.4759978434245 
32.6151007936508 0.008076979040861125 514.9384580078125 
32.0502652958153 0.009577741950571537 431.71729292806 
35.258756782106786 0.009678113704338078 299.25405273437497 
29.612793434343434 0.021592091428015228 189.37095052083333 
31.437817965367962 0.015266259279260605 180.87494612630206 
30.201079148629148 0.015574987965414526 227.30221891276042 
30.477681601731607 0.017810475810060518 186.55625712076824 
30.588452741702746 0.011956866781637661 468.94271492513025 
31.28383181818182 0.012496996735022059 344.38827189127613 
36.2745062049062 0.01034482747413873 250.86843937174478 
32.27621392496392 0.012095954386711136 257.51009383138023 
30.011504834054833 0.02116448167258498 176.42793322753906 
33.03009119769119 0.008702493943550594 445.11221712239586 
31.90471479076479 0.021334806572637553 148.77495157877604 
29.928985353535353 0.020247734754145156 190.4860214029948 
29.187200216450215 0.01932978314765929 294.4069733072917 
31.48242474747475 0.012123126971457008 318.42803145345056 
29.97066428571428 0.01368466900688411 454.335764444987 
29.85237950937951 0.016500408716049176 273.9160621744792 
31.128550577200578 0.013494221060838685 260.75502490234373 
32.493370779220776 0.009278301653578281 457.0505069580079 
31.656256637806635 0.023654094672927835 144.1790938720703 
29.51147525252525 0.019586241116812234 239.84254561360675 
29.418991847041845 0.02886227141247038 174.71395511881508 
30.504970923520922 0.01724384709936379 179.4454942220052 
29.422944227994225 0.027147164698944088 180.1770149739583 
30.44648102453102 0.016381719459345325 201.1634490559896 
30.806029076479078 0.013773768626985533 312.7267178955078 
29.008228499278495 0.028081613354196518 183.38441878255207 
29.309993867243865 0.0162524434676075 447.1887996419271 
31.33959393939394 0.011600984173357492 376.1093276367188 
33.9037867965368 0.010186831328859319 305.62772355143227 
31.82754595959596 0.009058000276803974 502.8499379882813 
29.705329509379506 0.018406948630228064 241.48569877115884 
28.741585642135643 0.029024522663354885 213.4639706624349 
30.14389574314574 0.027588102847311547 151.705573038737 
29.21651565656565 0.030154132148649735 177.21460884602863 
30.21719314574314 0.022644953948080575 166.3447049153646 
29.45580137085137 0.029834374635756052 170.90457930501302 
30.568543434343432 0.012425342020807272 416.99436572265626 
30.838356493506495 0.013277701726019386 329.48449418131514 
29.38587712842713 0.02182830042862893 209.91381331380208 
29.427112193362195 0.015390543640091426 336.36703259277346 
29.145592712842713 0.02760160337437626 192.03914095052082 
29.701069769119762 0.029269994658186468 163.23384431966147 
31.174256060606062 0.010979706101000308 443.8461879069011 
31.242600216450214 0.011625620212469094 350.79298067220054 
28.919641197691195 0.029150261151447296 207.36001607259112 
28.938648268398264 0.02995943684707644 202.9696818033854 
28.882316522366523 0.029660830072462594 210.88167598470054 
32.17872510822511 0.008022965824546818 527.2164993896484 
30.33869098124098 0.02519046299844983 159.11403181966145 
35.150354184704184 0.009676151784763332 307.1354424235026 
28.989183333333337 0.022327003643760654 266.8075621337891 
30.929825901875898 0.022116495090522794 150.17358943684894 
29.2952891053391 0.02465625557709696 209.26462556966146 
31.98248787878788 0.016004237795412563 176.1117881266276 
30.04679776334776 0.02138839856385231 173.918606241862 
29.26211738816739 0.026716043768808845 193.79539123535156 
28.899082178932176 0.01927986634218456 436.21669791666665 
30.111146031746035 0.01290114085417987 459.2752887369792 
30.461670057720056 0.018886919425353966 167.82143359375 
30.665784054834052 0.015214853810157776 230.55513614908858 
29.81956183261183 0.020648298071146005 185.09639241536456 
32.518011616161616 0.008293732533857822 504.451040608724 
29.495226190476192 0.016276467202684865 318.7812235514323 
32.188218831168825 0.010067282291650772 410.7721278483073 
29.398015656565654 0.026041895068838587 183.5934092203776 
31.009351010101014 0.011698162945070258 408.9229992675782 
33.50337366522367 0.008502062356233596 441.7163048095703 
30.304495454545453 0.015477615693845748 263.50064835611977 
29.471764862914867 0.01825979104063271 268.26710408528646 
29.070416089466086 0.020638986133215444 279.44636340332033 
29.91418015873016 0.026499445809364315 169.0940673014323 
30.97487207792208 0.021950914012489355 153.92825663248698 
31.411654473304473 0.00909438341009378 507.60312365722655 
29.729013347763342 0.02785611839870455 168.60474471028647 
30.800237157287157 0.01669864101273775 188.25621805826822 
29.04582950937951 0.024792327858564885 211.05177209472654 
31.915372799422798 0.008861360804560183 490.7415078938803 
31.917488239538237 0.017554518310129667 151.88867057291668 
31.11199906204906 0.020999666626665577 158.89128824869792 
30.346994733044735 0.024496534246406524 158.98785286458332 
29.45222056277056 0.023123583759679777 204.08261088053385 
31.956991991341994 0.011565099885580543 300.0893179931641 
31.091339466089465 0.011071435239050388 413.65936503092456 
29.68760223665224 0.027309533215675325 170.0227578531901 
29.067799206349203 0.022464769600152947 240.1777182210286 
29.155768903318904 0.02536576528507233 199.03566829427083 
29.555055339105337 0.019389217896044274 224.63052311197916 
29.00331652236652 0.023490810550596694 227.87553568522137 
32.60924516594517 0.008775561564943796 484.8685452067058 
30.622338167388165 0.020134267676315286 165.5859559733073 
29.29975158730159 0.024988084528694145 199.4099756673177 
29.15709848484849 0.017331169995043284 342.44197310384124 
29.37213759018759 0.022029851191759122 208.13992041015624 
29.111281168831166 0.01978614057904481 265.5039495442708 
32.93791919191919 0.008622104413881298 493.0870423583985 
30.73044978354978 0.012239505834093098 372.8301577148438 
29.694011327561324 0.01770209495441677 266.2436892089844 
29.259672943722943 0.02633524784870384 193.97439188639325 
31.701458946608952 0.010367813980493544 428.84529911295573 
29.76638708513709 0.014016506646633146 476.16670141601566 
30.567792135642136 0.01170983634973526 513.8188784993489 
29.83896587301587 0.023082160661718847 179.59443847656252 
30.750947691197688 0.019827666698217374 165.73482645670572 
33.01038744588745 0.007599267712070944 559.170246907552 
29.766574098124092 0.02273513928632974 182.60922428385416 
30.355470202020197 0.01792029973659754 195.31447989908852 
28.974346681096677 0.029982138050928083 194.44778149414063 
32.76217907647907 0.009152017273416517 425.3770262451172 
30.77012676767677 0.016581897549459945 197.3685781656901 
30.49337352092352 0.021879474054803828 162.37191658528644 
34.89743759018759 0.008106327877905368 415.9313862304688 
28.85233888888889 0.02310117800433398 240.71802006022133 
31.40189343434343 0.012604895303509238 313.719335530599 
29.72960281385281 0.017506284903850547 248.5627423502604 
29.202126767676763 0.023426980113878258 210.7939962158203 
29.954506132756133 0.026600109046068212 163.14759342447917 
33.09229256854257 0.008527984196367263 434.0241274414063 
29.288087085137086 0.02735443518667457 174.97280932617187 
30.045786940836944 0.026645488902628432 154.74139587402342 
29.57560137085137 0.030320281109430726 167.17140661621096 
30.949203246753246 0.014324613850831973 236.91753987630207 
29.279420418470412 0.02220288902592657 211.42591031901043 
29.22722691197691 0.016467623224089126 288.7747125651042 
30.44082301587301 0.02156964742441418 167.2749284667969 
30.740226479076473 0.012166307478961937 396.79474186197916 
30.361693145743143 0.019255070559084417 175.92249593098958 
40.01823152958153 0.00847101813547373 356.92711128743485 
31.607611616161616 0.030216449127779037 133.28520284016926 
30.807169191919186 0.03292906290479668 142.62320011393228 
31.83071955266955 0.016881631445219553 165.19348966471355 
31.594278282828284 0.026960484965860808 139.33769380696614 
32.385167171717164 0.026720059825935304 130.06894649251302 
30.52772474747475 0.03533938105472564 146.16265779622395 
33.92356933621934 0.010889813852045524 259.40685937499995 
31.96114494949495 0.02735174125596045 130.6434268391927 
31.239167748917748 0.014496591032400117 221.63960249837243 
39.296805122655115 0.007588599508764749 433.0799520670573 
31.14496616161616 0.015927326767816562 189.78558650716144 
29.9184005050505 0.0377697370878435 155.26501049804688 
38.83010512265512 0.008796940911791316 317.27322680664065 
39.795162987012986 0.007108999345026023 457.73999837239586 
31.26836515151516 0.02206640252810716 153.55963468424477 
38.18678131313131 0.00733957800066233 443.3268831380209 
31.775287373737374 0.0225361614365792 143.03753767903646 
31.113262987012988 0.01553473252535103 216.71200024414063 
30.511967171717174 0.035151571155664946 147.24651306152344 
37.510257503607505 0.006885891590356823 494.8992118326824 
31.214103246753254 0.021633004586126804 155.52618318684895 
30.157538600288593 0.0333616012002563 150.0708153889974 
38.541438455988455 0.008499658373298637 350.06332625325524 
35.176271717171716 0.006133074111185074 581.678099975586 
36.83820101010101 0.007429697837088109 441.16136372884114 
35.62677373737374 0.006318034052133556 556.6964471435547 
36.53147373737374 0.007300515062429902 453.5879286702474 
35.321203896103896 0.006318638788607124 579.9353969319661 
34.25503333333333 0.007093303304789065 503.13531001790363 
33.80236103896104 0.008333583849420548 425.25002775065104 
34.431177777777776 0.006713028910696507 537.8925909423828 
35.461534054834054 0.007945072628042697 416.4277633056641 
34.99004747474748 0.008792739204645154 363.8430685221354 
35.0573240981241 0.00856478389191628 347.77728218587237 
35.67706767676768 0.006991745947420597 475.6808401285807 
36.17214834054834 0.007339530423202516 448.94458044433594 
32.00881875901876 0.012071343866751185 266.96019755045575 
36.277307070707074 0.007144718974173074 461.4242242431641 
36.0495898989899 0.007592795235350136 415.66734826660155 
35.215346464646466 0.006791110725364685 515.6368021240233 
32.15290303030303 0.011810694180641181 264.39777225748696 
32.3168696969697 0.010303349613847738 337.4427806803385 
32.954510533910536 0.01057119672491312 305.4279971923828 
33.40240346320346 0.007540505846807961 466.82678767903644 
35.9292898989899 0.00797135996868372 385.99094584147133 
35.84019595959596 0.006593725645277503 523.7238398844402 
33.95352640692641 0.007993200193941596 436.5013435872396 
33.90069393939394 0.006959717815458772 526.4395067138672 
33.972987301587295 0.008721672111570836 376.7292628173828 
33.35963953823954 0.00948735215000152 342.62807873535155 
31.49420447330447 0.012563721331987368 299.4794490966797 
35.50454516594517 0.006464278612604139 544.0304432373047 
33.3170634920635 0.008713638070986266 388.62440848795575 
34.59708888888889 0.008201274707376954 408.3245509440104 
31.471822222222226 0.010997234020271298 368.7348368733724 
34.93416666666667 0.006850222481081486 508.1137598063151 
32.594556998557 0.009866447072753894 356.94685709635417 
36.200701010101014 0.007426549879133695 442.1472402750651 
33.629131746031746 0.00906913401650429 333.37745922851565 
35.98552929292929 0.007463329834997656 433.3391693115234 
33.17418484848485 0.008886077204217909 397.45915946451817 
34.48115757575758 0.006448065881788728 553.3776116943359 
32.2026468975469 0.010262218736746322 359.76596500651044 
35.43541111111111 0.0068852954521775225 494.97351086425783 
32.99665238095238 0.009331305780432227 352.45642919921875 
31.392213564213566 0.015648500387420664 195.18902351888022 
32.59828874458874 0.010447110145628446 318.3991381429036 
34.94987878787879 0.006886835040750505 500.27470951334635 
35.88797373737374 0.006672562427580358 512.6030653076173 
35.773438744588745 0.007600802853822714 450.40622342936194 
34.16709033189033 0.008907623723890782 353.45486051432283 
35.312222943722944 0.0072714735861992815 471.29277547200525 
34.09757474747475 0.008460262018213264 393.391482055664 
32.3878163059163 0.010038087870953075 334.77513777669265 
34.82401457431458 0.008275668502161503 374.037892578125 
32.64021406926407 0.010676880790557867 294.4317422688802 
34.84765858585858 0.007035751272604463 511.1697470703125 
33.80910303030303 0.00961948388439416 312.751267578125 
31.51162222222222 0.011310169447901253 340.3922391357422 
34.31751616161616 0.007972703026106353 429.42826953124995 
32.09759191919191 0.01272716281716586 241.62540055338542 
35.696923232323236 0.0064990692318177236 534.2165633544921 
33.58943318903319 0.00901971169847489 379.563025390625 
34.19298080808081 0.008585142431726454 371.6190258382162 
33.24116464646465 0.009037985473785409 382.65663391113276 
31.89130028860029 0.010716928152742375 365.04810245768226 
35.88197878787879 0.007180469528791902 470.1212506917318 
35.0946101010101 0.00675278333406687 532.8815537923177 
35.60844199134199 0.0066151738874816865 530.828951212565 
35.7312898989899 0.007334939072897428 451.5652395426432 
33.512903463203465 0.007917114672491555 447.36402758789063 
33.0251443001443 0.010234692111387257 301.97196622721356 
34.65106868686868 0.007294102890405654 480.2990697021484 
32.72651399711399 0.011025574535217289 288.9317846272786 
34.7222898989899 0.008564601504936225 370.72504683430986 
32.422196536796534 0.01263893275696038 220.09970845540363 
33.70029379509379 0.009695090748176573 314.5962007242838 
32.45134617604618 0.010788316168282028 319.8547598876953 
35.48522929292929 0.006748922289965157 498.7748289794922 
32.91503318903319 0.009518163197824952 346.46927246093753 
34.667953968253975 0.00817337227559089 396.7411005859375 
30.83036984126984 0.013678339340984814 250.96843758138021 
33.93169278499279 0.007208704057333476 520.465934407552 
35.85157763347764 0.006684609337320324 518.5667851562499 
33.85002929292929 0.006603068662729269 544.5115769449869 
34.0369658008658 0.007434948133859634 462.29875134277347 
32.923112554112556 0.009725227532424921 344.21621838378906 
32.96325858585858 0.009495701766397956 329.5722255045573 
32.363548917748915 0.01140749761396647 275.9296288248698 
34.87187777777777 0.006515572155001164 548.6329025472005 
32.23454790764791 0.009468771311285486 413.86896976725257 
34.90645555555556 0.007135159341833592 482.7376085205077 
34.535468253968254 0.007834472115335469 439.4865892333985 
35.57108484848485 0.0069258478356003786 492.01447375488283 
32.04380923520923 0.011576651204512118 296.7184489746094 
35.13777215007215 0.007691161864206794 431.8536016845703 
30.939867676767676 0.013476031653079978 290.6735133056641 
32.48180057720058 0.012059527558097837 259.98183516438803 
34.874929292929295 0.006343527708282472 551.1228804117837 
32.296830014430014 0.01229019383577345 251.30891495768228 
32.5272443001443 0.010638818110227589 325.726020345052 
32.276315584415585 0.015949503995714157 167.09360229492188 
31.424551226551227 0.01590058291912316 192.7313145345052 
35.27393405483406 0.007693242895898823 428.44313122558594 
33.42936176046176 0.008516992490351195 404.9371803385417 
33.277683333333336 0.007883501588652128 465.4282591959635 
32.773058585858585 0.010183333151724342 321.0010326334635 
34.77153838383839 0.007829248124780653 444.7234299723307 
31.7104772005772 0.012590475363731386 287.6394040527344 
34.07588080808081 0.0072237553741478855 508.819263671875 
35.33867777777778 0.006727279453184604 530.8963757731119 
33.03451587301588 0.008953094127359394 410.928241455078 
34.69200678210678 0.008117305643675328 411.45828869628906 
34.136922222222225 0.008417199361803521 392.5706182861328 
34.52150086580086 0.006355991967680453 580.7671972249349 
34.40508282828282 0.007219052890977859 490.3040760091145 
33.13509393939394 0.009132494466361994 405.52955790201815 
33.87429191919192 0.00730033900737762 524.6733658447265 
33.46636652236651 0.010013054612696175 326.3988838297526 
31.796447330447332 0.01223756733299256 292.59318729654944 
33.80472568542568 0.008462496073172093 399.7034554850261 
32.198357575757576 0.011460708155860904 297.11267077636717 
35.65654444444445 0.007895026390876766 401.9692233886719 
32.99595317460317 0.009185914556159979 391.5684368896484 
34.6156808080808 0.008272097235765455 402.3103008626302 
36.03377460317461 0.0073548048952484105 449.9455096435547 
32.50145367965368 0.014452963529167166 185.36445060221354 
34.754451515151516 0.006841204742166992 519.5124495035808 
32.54999018759019 0.01050508465442896 311.75217236328126 
33.54519841269841 0.008617965217802517 389.79749466959635 
33.530500288600294 0.008258401791629795 445.90833020019534 
33.25931168831168 0.008086997834742067 456.8934078776042 
34.05480634920635 0.0080362206594944 426.59518339029944 
33.765956998557 0.009754393700659262 309.71385713704433 
35.124696825396825 0.006353832357645037 546.7805364990235 
35.1197898989899 0.007738387146303649 427.18470918782543 
31.557310966810963 0.012362400833606712 296.7483352864583 
33.56840144300144 0.009711707301139835 327.2922516682943 
33.677088311688316 0.008361826489546302 429.96898136393224 
35.381472150072156 0.0081285407229066 402.0826578369141 
34.46035238095238 0.006551835065803525 534.0817964274088 
33.62246305916306 0.007376107782602313 484.59540816243486 
33.99741111111111 0.007374056437323095 487.0253017171225 
32.43429163059163 0.009365058677301407 390.73782971191406 
32.70573477633477 0.01122843086416482 287.2551037597656 
33.04830923520924 0.01003882176304101 316.513262898763 
32.33804992784993 0.01085231421875 295.89521700032554 
32.25798621933622 0.010060469593641755 363.9912712809245 
35.41308484848485 0.006954137836992736 487.42880773925776 
30.692487012987012 0.014451233297636503 247.824099609375 
35.57681212121212 0.007306610939085484 454.9017012939453 
35.512911832611834 0.007604860599985128 433.2840850830078 
31.738433044733043 0.012154066392221458 310.05872420247397 
34.35729393939394 0.007113423017790315 492.43744144694006 
34.639204761904764 0.007146875550806526 480.9600404866536 
36.20047878787879 0.006934961825430387 488.6678637288411 
33.13500793650794 0.009277833958837993 384.0614079589843 
32.06801717171717 0.011264545317957403 309.5759816080729 
32.75251731601732 0.010887635846748343 286.1314990641276 
34.41612380952381 0.007635186738672253 458.12220104980463 
33.12186305916306 0.008377183571264745 452.8499832356771 
32.53051731601732 0.010958861638069153 290.81064164225256 
32.78265454545454 0.010725631048860535 286.39044852701824 
34.37624141414141 0.007255146940538878 484.9785935058594 
34.786120923520926 0.007346411596536642 466.09611560058596 
35.48210548340548 0.007876377519667146 406.9159227294922 
32.87560692640693 0.010607629547121522 284.5635806884766 
35.96575151515152 0.007281754640791424 457.7764473063151 
33.5594808080808 0.010303253163232806 276.0271133219401 
34.15036666666667 0.007876528762438299 459.9235699462891 
33.66162683982684 0.010271256415023805 285.5815190836588 
35.22980505050506 0.00845498556844949 364.966551188151 
34.48496810966811 0.007848842894556526 432.62285766601565 
34.548540548340554 0.008569474279174804 380.06841857910155 
32.76054985569986 0.010354158487281793 327.42249666341144 
32.17498520923521 0.013662968786976353 215.45817704264323 
32.50109733044733 0.01351896390546798 193.15100744628904 
31.873241919191923 0.012784715980529795 258.7405278727214 
33.237533694083695 0.013375809731533517 200.8322254638672 
36.94787041847042 0.009571400064620978 285.71994445800783 
32.61522359307359 0.011831756469812396 254.19269384765624 
33.337055627705624 0.012067074576148997 222.28262674967448 
34.78749415584416 0.010010005183801652 291.77724096679685 
32.02116789321789 0.015995578947744362 171.92845979817707 
32.06254321789322 0.017309731468737138 158.6240008951823 
34.70124098124098 0.008813759471037392 371.0308603515625 
30.90956746031746 0.016260282724163504 226.5519940185547 
32.2958411976912 0.01120207853874207 307.2944478759765 
31.980705627705632 0.014076312875092018 194.18446716308594 
30.43679473304473 0.015408388806011673 303.0475704345703 
34.02786060606061 0.011015806825373177 252.3479082438151 
36.50528903318904 0.008536502505609986 357.97179711914066 
32.52326659451659 0.014705036344289794 169.4940311686198 
32.217649927849926 0.010911704285242548 313.15572684733075 
31.767440187590186 0.013880736000766766 201.4753028564453 
32.91295836940837 0.011643451741685858 234.59626066080727 
31.934678715728715 0.012166936083796012 273.4745149332682 
32.25840598845598 0.014548891581776106 170.7117489827474 
33.12155995670995 0.010743055215492243 281.4124768066406 
33.94428088023088 0.010614734677813048 270.47978869628906 
31.17140815295815 0.01501262657352445 203.3859217529297 
31.80486948051948 0.01245558994761466 259.82199784342447 
32.38524711399712 0.012488355031385442 250.70956966145832 
31.745837590187595 0.015846238511524183 177.89908439127606 
34.271774819624824 0.010600548316240313 257.50308003743487 
32.06500974025974 0.012301707128705971 256.5877931315104 
36.137315873015865 0.00822812905111551 380.86299926757806 
31.30920945165945 0.015099080900373454 202.7334785563151 
34.41220642135642 0.010429493592569831 272.0819654947917 
32.64904408369408 0.011475276043608196 255.86500614420572 
31.84284884559885 0.01475612961244583 191.72699694824217 
35.19576940836941 0.009739210056803237 288.35474947102864 
36.420556782106786 0.010167389025058746 255.27887890625 
32.318393434343434 0.013309934252538664 211.27457950846355 
31.190932828282826 0.014860257827351113 223.84814921061198 
31.541889754689755 0.012677709678068177 262.3437413736979 
35.029739105339104 0.009459585114061838 321.62236718749995 
32.84920223665224 0.01120909845806122 283.21386092122395 
31.29817352092352 0.01415361678290369 237.15126957194008 
32.38039516594516 0.03889138984199527 117.21268587239584 
37.467106277056274 0.008808881432304393 326.57447330729167 
32.43857698412698 0.03741870507911675 117.28278450520834 
31.825296176046173 0.03332307377037056 122.84510628255208 
36.90330829725829 0.009048494822599897 315.9176247558594 
37.39024466089466 0.009645885862121572 273.6681898193359 
34.745499350649354 0.008090485659561162 425.97728902180984 
37.23418658008657 0.00879274203014613 335.1694343261719 
36.10618102453102 0.008644217616739279 345.5435329996745 
32.64579920634921 0.030074073479499835 124.73657161458334 
36.464120418470415 0.009200948233664031 308.2454024251302 
35.451211327561325 0.008991538744509227 343.2891319173177 
36.68520093795094 0.009134031946420658 294.88732674153647 
37.06841132756133 0.009299665233850486 280.1666280924479 
33.54879213564213 0.010587185546264635 286.1144535725912 
37.16613023088023 0.00894289540725707 312.3487884521484 
31.227629509379508 0.03256287303394315 131.8977618001302 
36.572404978354975 0.00910919092722177 309.2747982177735 
32.09526587301587 0.029193247683296137 129.48980615234376 
32.77746587301587 0.023936027004549495 128.6134082845052 
33.348814357864356 0.025548306776771567 126.44435929361978 
34.58649935064935 0.008398234920599467 407.9956687825521 
32.509181024531024 0.01755184363853691 140.3612727050781 
31.43264769119769 0.028338661869516377 139.2723125813802 
35.40834769119769 0.009251410424890522 305.84277209472657 
35.7001295093795 0.009297445394575587 299.9989121500651 
35.72732950937951 0.010014058390734205 265.9505707600912 
33.44408795093795 0.02958936288910148 126.0423173421224 
33.47625519480519 0.011749647248830793 228.16130029296875 
35.90770021645021 0.009768845590648658 269.1550927734375 
36.815244660894656 0.009799017620697036 260.53419372558596 
37.085277994227994 0.008530534363641738 352.2331479899089 
33.14344134199134 0.03095833654747969 118.93946854654948 
31.673265873015872 0.030161894191894585 135.25467456054687 
36.54093658008658 0.009641118079397687 280.7854434407552 
36.40050021645021 0.008119525680627822 383.9040506591797 
35.07879805194805 0.010346962553062437 254.7940947672526 
31.536447691197687 0.03241333983844757 122.99408894856771 
35.26068506493506 0.009096946886065008 325.5954168294271 
33.04606991341991 0.018492975759468063 133.15599886067707 
34.36682359307359 0.008280422595682149 422.05937593587237 
36.035488095238094 0.009529482175865175 290.0345223388672 
34.863903463203464 0.011496399039480697 210.2276544596354 
33.067528499278495 0.014129397953138351 188.949526570638 
36.1983334054834 0.009725821890833371 268.5133067220052 
36.313883044733046 0.011578285089552387 201.27938142903645 
33.77053542568542 0.010612003765716556 272.2402663167318 
32.76603845598846 0.009816362913916115 380.812066040039 
34.24692734487734 0.010077881555578703 276.18803108723955 
35.97244466089466 0.008326430889129635 359.52584834798176 
33.14727063492063 0.012466746394445888 229.03978796386718 
31.36778102453102 0.03193494114868406 130.6324756673177 
32.30114769119769 0.03144617337822909 121.89040804036458 
36.22943354978354 0.008273563696691993 373.10911238606775 
33.73211558441558 0.01215437471190453 207.11837202962238 
32.0441295093795 0.03042764011391636 121.97421822102865 
36.27033253968254 0.008519247802581788 358.76842321777343 
35.752044660894654 0.008667921489241122 337.18019702148433 
35.812000216450215 0.00829259280075074 373.76762862141925 
36.37895173160173 0.00952266902069093 291.49556384277344 
32.53531435786436 0.03186517907260904 117.45620198567708 
34.82840916305916 0.011208650807335385 239.5538301595052 
35.594100216450215 0.008908759536733635 330.43245385742193 
34.50280252525252 0.014815054547216919 149.86464196777345 
33.21959574314574 0.01341537620166778 195.77394661458334 
31.40593253968254 0.03154557967472074 131.71241658528646 
32.44751435786435 0.02112382652195932 140.88827799479165 
34.901577994228 0.00997015838213206 284.80000545247395 
31.93189401154401 0.012712498164329535 253.2541647542318 
35.57898434343434 0.012389208723070635 195.8039753011068 
34.04599227994228 0.009566553844988349 328.62735852050787 
35.376254761904754 0.010735872462179647 243.32212040201821 
32.795726911976914 0.013712669370234 192.38614497884114 
33.99957481962482 0.011934218917856223 201.99473404947915 
33.10248463203463 0.014205652520468228 183.89550077311196 
32.157332539682535 0.014749889615299716 186.5861925048828 
33.96605476190476 0.011303222427198882 220.99121455891927 
35.083616233766236 0.011248732894155984 233.03879931640626 
32.91960151515151 0.009428119625151155 376.20931510416665 
31.933932539682537 0.03108889645473726 122.08314034016928 
31.828552453102454 0.01968159878484962 150.86837565104167 
31.64989769119769 0.027160461823961687 135.7279453938802 
36.780247691197694 0.008693544204142105 336.6734738769531 
34.78943268398268 0.008739644449005117 365.9189890950521 
32.98273658008657 0.018912210704901223 133.59389733886718 
35.04836688311688 0.009258388749411118 320.0501134033203 
32.96648463203463 0.01427011497551205 184.59960026041665 
35.99688102453102 0.009590722013056285 291.72652807617186 
33.369960389610384 0.013261214449224451 196.77236755371092 
33.13461406926407 0.01066361126731873 281.9746664632162 
32.846053318903316 0.012292645184156887 233.7801763509115 
36.26358102453102 0.008857915738642226 318.53544995117187 
33.82973917748918 0.01205445682621001 208.77859944661458 
36.73068203463203 0.008850107101175776 336.0143352864583 
32.824728354978355 0.009848104732134332 377.5883638509115 
33.11486341991342 0.013656769742491243 189.71382954915362 
34.935187518037516 0.00990061074373483 290.66206677246095 
32.03173809523809 0.02443363500910042 133.3139912109375 
28.933757720057717 0.022420131198463426 281.4798939615886 
29.011278643578645 0.027785286614954486 226.40877677408852 
32.696753968253965 0.018587421370241643 137.73542333984375 
29.04036089466089 0.02751576503491403 203.88688260904948 
29.32051385281385 0.025000954758396123 196.44145902506511 
32.85675627705628 0.01630079984595534 145.11883671061196 
29.48734660894661 0.025961132097063046 190.76795524088539 
31.248926406926408 0.012495310142099869 346.12292818196613 
29.929801875901877 0.020001045684359085 202.8234782714844 
32.73079523809524 0.0157298247160053 146.09399344889323 
29.15549826839827 0.026997776818523375 208.3622734375 
30.79860072150072 0.023392979878187142 150.45939111328124 
30.157715728715726 0.02362258213387488 161.7700115966797 
33.01078917748917 0.011204878219816689 243.2326435139974 
29.712076190476193 0.02111581694679497 207.58220621744792 
30.438785642135645 0.01321853094188928 367.5285570068359 
31.49697633477633 0.019846258745231615 149.1034267985026 
30.24557316017316 0.02019559420044184 176.5035616455078 
30.213947474747474 0.017867935072157393 212.93575081380206 
31.565340404040402 0.013096000355341442 255.29402685546876 
30.43519264069264 0.017410266639938343 205.93740096028648 
29.903831024531023 0.02575313079731225 173.51811657714842 
30.400993650793648 0.01413605639314651 310.9519448649088 
33.931238672438674 0.011140776629736423 247.06743587239583 
31.928238672438674 0.010373745261230466 400.97584920247397 
31.398754978354976 0.011538554191753871 405.1328079833984 
32.04012496392496 0.011421586118640907 332.36603116861977 
33.10642294372294 0.014476497761478403 157.602332804362 
34.91726601731602 0.010233648050615787 275.14556502278646 
31.836998701298697 0.011076835119869701 362.78655135091145 
31.79707229437229 0.015272473682174707 179.7375194091797 
29.236117027417027 0.024932106838991656 207.77648209635416 
30.557787590187587 0.013987834604024892 322.3547650553385 
29.8725316017316 0.020496103422358036 214.49516524251302 
32.08763881673881 0.017322755222618568 142.52283520507814 
32.27474545454545 0.016872192588283975 143.90860017903645 
31.88463997113997 0.014471341834328147 187.88136275227862 
30.049592640692637 0.019033896746218172 195.22708089192707 
32.12875396825396 0.018957242905893366 141.28416556803387 
30.681623665223665 0.02074007049036261 164.76585384114583 
35.54869935064935 0.009707761737108243 277.1160821126302 
31.285176911976908 0.021921020810244093 148.28834631347655 
31.465214574314572 0.013654458372805095 228.84222460937502 
31.526438816738814 0.014609555669107438 204.6055403645833 
30.5744025974026 0.024642888894796374 150.87678743489585 
31.2038847041847 0.022086887100908732 153.8751173909505 
31.780442279942278 0.02221169430439231 135.00729524739583 
32.244940836940835 0.013744183650674823 206.7873359375 
31.620988744588743 0.011281503328571306 352.5273101399739 
30.92443795093795 0.024309260577383043 144.02154760742187 
32.52324112554113 0.01494514379039768 159.0361031494141 
31.122672150072145 0.016181780783712886 172.93594104003907 
30.74970692640693 0.01387855321007012 331.09463175455727 
30.851965656565657 0.013297667028067119 301.43194014485675 
29.564926984126984 0.015988692890551076 328.4857251383463 
29.819614141414146 0.020384404987499716 217.0837736409505 
32.966060245310246 0.012553027903690329 221.12857189941406 
31.112069264069262 0.01917848112187621 155.66523295084636 
32.57935584415584 0.015059594053325622 158.6968055826823 
28.95931803751803 0.022263879703483577 279.9920283610026 
31.588686291486294 0.016756052683296226 172.61184818522136 
30.19292597402597 0.019085656648695448 188.79125081380207 
30.798716738816733 0.01841241822626354 174.56048779296873 
29.2955443001443 0.026481465125455864 191.37579740397138 
33.348218253968255 0.011367594576587673 237.75374645996095 
30.621868109668114 0.014087611986932765 294.0552094319661 
32.17502323232323 0.016097794473145008 163.1744248453776 
30.86729134199134 0.012983976910076155 324.95111385091144 
29.991616017316016 0.025686696581270718 167.54576798502603 
29.815793795093793 0.016533510635509466 239.57946048990883 
31.33679639249639 0.012656194224951279 309.1875833740234 
32.355835642135645 0.016551655728330575 152.6075373128255 
33.95844898989899 0.011741076227972512 228.02034944661455 
31.661319769119768 0.0118887074123025 317.85427396647134 
29.851085858585858 0.02471346613073349 177.41652095540366 
30.41583968253968 0.014114799443521515 305.89310872395833 
33.65285295815296 0.012521464828729621 211.69488423665365 
29.430202164502163 0.025428830815412997 193.247448038737 
35.3742183982684 0.010165040077219016 268.85649137369785 
33.64280548340548 0.01235425082015991 218.54071439615888 
32.10759033189033 0.02277909494592903 134.379999226888 
30.503797691197693 0.014722870139238833 302.060595703125 
31.733048340548336 0.022968431592390558 133.7560887858073 
32.64851176046176 0.009347039853820798 453.44250309244796 
31.421136363636364 0.013999619331667414 210.45121146647134 
29.997293073593074 0.015926262014017083 258.3379655761719 
30.931456132756136 0.01889141633548975 166.295287882487 
32.16427886002886 0.012992671722326292 222.0001729736328 
33.04377886002886 0.010916727432432176 270.5602026774088 
32.25216212121212 0.013481403879072665 220.05351188151042 
30.459297546897545 0.023648218075990695 160.7014444173177 
33.47284343434344 0.012728792142543776 199.25309867350262 
28.95831327561327 0.022354043904314044 290.9997143961589 
31.958184848484848 0.012046710261344911 285.0498752034505 
30.032345165945166 0.015323109474375228 326.88328470865883 
31.18036825396825 0.012802510212328424 283.665458211263 
29.570445310245308 0.018165156448163994 243.7028819580078 
31.17345988455988 0.012189237847032557 353.0183882242838 
29.56890144300144 0.02639165995307919 176.90882572428384 
29.780241125541128 0.018862504588565802 237.80121427408855 
31.16307373737374 0.013301569699718933 258.1169093017578 
31.70523174603175 0.023133110977709332 140.69027010091145 
33.44304033189033 0.010894108744919292 273.2889942220052 
29.796665800865796 0.02060342729360818 196.79751607259115 
30.815003751803747 0.019609747347280996 162.4279700520833 
30.447621500721496 0.024786361831369397 154.54253381347655 
31.49498643578643 0.018721032263424375 153.40452103678385 
31.67301024531024 0.012167397837295537 295.49146948242185 
29.882122366522363 0.0245832879394913 176.3348020019531 
30.971419480519476 0.012154494487764829 355.0473033447265 
31.546589826839828 0.03137030385818723 129.25526529947916 
29.57570757575758 0.04148700215971228 161.34571451822916 
29.98428852813853 0.04097197650710105 149.7830558268229 
29.59262445887446 0.04017185279377942 159.67750122070314 
30.350651298701294 0.028171454384412726 151.17961364746094 
29.529862337662333 0.026093085468456755 182.46435485839845 
31.93331132756133 0.012355102730789179 264.7731348470052 
30.030727056277055 0.03752110478884934 154.48000630696615 
30.93484523809524 0.029845673949358446 136.27413236490887 
30.82525692640693 0.032850251096286705 137.86266760253906 
32.49038787878788 0.014157423230209375 191.97973803710937 
31.257522727272725 0.023895066287040734 139.70434513346353 
31.827655844155842 0.012798670136489861 222.2318877360026 
30.377736147186152 0.029619129638433495 148.14254976399738 
30.50589372294372 0.02748741090252157 150.28197904459637 
32.07447604617605 0.013778112084779722 207.47887174479166 
29.396751731601736 0.03356270141120904 168.53122009277342 
31.134826334776335 0.015437664588119999 216.90477323404946 
30.053636147186143 0.03337319306011439 153.9596807047526 
30.657721861471863 0.03829708580389983 136.26963830566407 
31.06617424242424 0.01612537090723279 179.6130107421875 
29.802049999999998 0.02924047092934604 162.93717126464844 
28.989057142857146 0.026806104816076717 236.5755666503906 
29.353202813852814 0.03829625151797289 171.28514542643228 
29.266524458874457 0.03787132597663157 175.51332116699217 
29.692292207792207 0.03277843065550083 164.07734513346355 
30.815137445887448 0.027269411765813857 143.2314725341797 
30.43092705627706 0.03705913377123114 142.1242088216146 
30.887751298701303 0.025597507239589656 140.7275254313151 
30.75423340548341 0.023020551216423466 151.6036995849609 
29.299304329004325 0.02413441277694703 210.76547973632813 
34.98334365079365 0.008900149075567713 361.78667972819005 
36.87824682539683 0.010263967402431962 249.38876684570312 
32.22181976911977 0.013521146142711635 212.57674430338542 
30.287870779220775 0.019028444881250862 199.37157165527344 
30.94440367965368 0.028567417811765652 136.55432120768228 
31.7893202020202 0.013241193361875996 255.04682991536458 
31.736055916305915 0.013042199436380858 260.39697513834636 
31.048304112554113 0.016337510783255123 180.35241479492186 
30.98933744588745 0.03398850477586025 133.30610673014323 
31.45476385281386 0.014611492048492452 196.3821403401693 
30.136303679653683 0.02585342890548946 155.67345080566406 
29.92922705627705 0.02428017631493568 176.96035095214845 
30.10882705627706 0.033906853294346374 152.23674597167968 
30.855646103896106 0.026618254109010742 146.85178678385415 
29.647085064935062 0.027482402921495445 169.641643758138 
30.176806493506493 0.02322802130644082 172.12125610351563 
32.64244646464646 0.012393279300346364 230.6404133300781 
30.41859329004329 0.024965058065137852 154.25654911295572 
34.936832395382396 0.009790049252531526 297.6586492513021 
30.64150887445888 0.028314499154207664 142.87144482421877 
32.73561565656565 0.010415475029776109 316.54621484375 
33.20088802308803 0.011104493050072195 251.7410976155599 
30.72940367965368 0.03538896019625671 134.71774959309894 
30.271602813852816 0.036202890767633875 146.007607421875 
30.220228354978353 0.022771840831587325 162.02589034016927 
30.068550432900437 0.03778835771372074 148.79894091796876 
31.329132251082246 0.018202897999134066 156.83068509928384 
30.57772077922078 0.03371296817422867 139.47121236165364 
31.385475974025976 0.0318647325200296 131.11537312825521 
30.063838961038964 0.02462851984280583 172.89854508463543 
28.940179004329003 0.03991946513662578 185.34910502115886 
32.8720398989899 0.011808683382616036 248.98451037597658 
29.974060389610386 0.023503917789545064 175.70416931152343 
31.169134415584413 0.018280413406774963 167.9274462483724 
30.16973744588745 0.018339032618734805 214.21469112141926 
30.058465151515158 0.018470650639352805 235.8324814860026 
29.368060389610392 0.02451671512624976 197.201439453125 
30.90207510822511 0.018018006840000152 173.36432303873696 
32.728202020202026 0.011808767004642477 252.9585152994792 
30.49484653679654 0.036305534735164714 139.41541857910155 
30.62186688311688 0.020823255668222886 158.89326171875 
31.192214502164507 0.017892634475269332 165.3816688232422 
32.80587647907648 0.012598220353577114 203.62886779785157 
29.89946017316018 0.039131392812728844 158.46202616373697 
36.50316522366522 0.009447542200682167 292.48670235188797 
30.962004545454548 0.03167219580160138 135.3810556640625 
30.456641341991343 0.03568829267618423 142.1643504231771 
29.85089372294372 0.03424595489489802 161.01129984537758 
29.93601363636364 0.03671364274477961 158.07107759602866 
29.861603246753248 0.027048522266111395 161.26905277506512 
31.489066450216452 0.030966422605631375 133.35604720052083 
29.232327056277054 0.022685064087030873 218.55358064778648 
29.765770346320352 0.039927510053694264 157.50909513346352 
31.355004112554116 0.0325475323431492 131.15465962727865 
30.482022727272724 0.022235123009242973 157.04288757324218 
29.81168463203463 0.026368855481407615 169.7013712972005 
30.17625043290043 0.03689249237280132 147.0348038736979 
30.60836601731602 0.02213000264130592 160.7890574951172 
34.89897958152958 0.007935225086746217 432.3185668945313 
29.904575108225107 0.025351455211737164 169.89500655110677 
30.52881796536797 0.03601396020885464 141.54494287109375 
31.477158513708513 0.03139246631237025 131.77416560872393 
30.391575108225105 0.03649769022436375 144.87032564290365 
29.864117965367967 0.034596430126669395 158.6017930908203 
29.709927056277056 0.03517834714545246 158.67328446451822 
29.984321861471862 0.03480194319721217 157.79747290039063 
35.062136724386725 0.010748822055816662 244.05348917643227 
30.383294588744594 0.02642610678962703 154.9766407877604 
31.099433405483406 0.02251841128659249 145.02629227701823 
30.1413354978355 0.021007494642946694 181.5287013753255 
30.279608441558448 0.022437726620457163 161.3646700439453 
37.23382049062049 0.01282003288020133 183.4944684651693 
36.6059595959596 0.012174392026424423 191.10910001627605 
36.80626046176046 0.010062592510042183 261.10859248860675 
32.195718614718615 0.011604845255384456 296.7017665608724 
34.96602366522366 0.01291149565505027 194.19599458821614 
35.65186233766233 0.010184387981951233 252.85134773763022 
34.83977503607503 0.01070398049551248 251.0612647298177 
36.75662770562771 0.011161427426636204 197.29145454915363 
36.55314891774892 0.011470225799143325 204.53381970214843 
35.79687712842713 0.01149075318006515 214.6359736735026 
35.9470432900433 0.01037846852951287 239.7090157063802 
34.02557647907648 0.010888016092882152 252.51011857096353 
35.34953636363637 0.013144016026496895 187.88343859863284 
35.390911760461755 0.011063676636755466 216.89371411132814 
34.10027647907648 0.010804920035362257 246.0997227376302 
34.92706204906205 0.013855207159998432 179.57129138183595 
35.979409235209225 0.011354756153068555 215.0441239420573 
34.4254082972583 0.01444708498518231 181.0040400797526 
37.92225800865801 0.00878842007900238 330.5495804036458 
