31.525907503607506 0.02048092481667755 195.761188680013 
31.83157417027417 0.019533176540460606 189.24994217936197 
31.784431313131307 0.021832526091814 171.84004801432292 
32.156231890331895 0.015143422253427529 220.10578601074218 
31.97036464646465 0.020792349486789718 176.11781681315102 
32.61524487734488 0.01388557509494782 237.41073482259114 
32.189191053391056 0.019953365768489866 173.57263553873696 
32.200386291486296 0.020939153758287407 167.7553741861979 
32.324295382395384 0.021334815360615253 161.54701562499997 
32.62298542568542 0.018981046851036527 166.0534482421875 
33.040015584415585 0.014732086010334518 187.62310506184895 
32.791271139971144 0.01783721029806375 171.34222696940105 
32.86022316017316 0.019261274567308403 160.0249404296875 
33.230639826839834 0.0178233566339612 160.6294475097656 
33.80627619047619 0.014236503022232047 175.92198889160156 
33.394212049062055 0.01653888443057298 163.98274633789063 
33.661430230880235 0.016194629900217056 160.65381274414062 
32.922568109668106 0.014929276821413063 189.3357873535156 
32.846468542568545 0.013307027498111699 225.57876647949223 
32.3600176046176 0.014583680826723596 221.15597273763024 
30.05278542568543 0.04620597336385006 336.66136702473955 
30.602215656565654 0.016327983169469852 399.0234021402995 
30.422660101010102 0.02182807474783899 343.3414311523437 
30.290852164502162 0.03823865755566596 244.79383789062499 
30.595182323232326 0.021398267533600333 282.9480628255208 
31.178030808080813 0.014973345072040569 329.07247172037756 
30.920883189033184 0.01682978111676217 278.28810685221356 
30.82766731601732 0.018312688913669557 277.01026013183593 
30.753842496392494 0.021799431293489956 247.94091239420572 
30.72203297258297 0.022621645906069295 229.37635493977865 
30.724988528138525 0.026387368971779342 213.72322635904948 
31.248908585858587 0.015044053650531757 311.6902297770182 
30.93448896103896 0.017596277300357833 243.82768766276044 
30.8142461038961 0.022192481388339978 218.58668713378907 
31.1814987012987 0.01769015721911433 242.2061455078125 
31.65180606060606 0.014640750905725945 256.438993367513 
31.210512770562772 0.017375485514488188 222.78626216634115 
31.811148051948056 0.014597358131840217 251.1886190999349 
31.80242077922078 0.015654729334404482 235.39402205403644 
31.57742467532468 0.018808641837444316 210.38296850585937 
31.94232987012987 0.014315213502466678 235.13858675130209 
31.68925800865801 0.01693443842250107 207.88621333821615 
31.606722294372297 0.018526025750219815 202.56580802408854 
31.48040670995671 0.02089350210199594 182.15739689127605 
33.111608874458874 0.012430951592979437 260.2021025797526 
31.81551082251082 0.017037516690015776 197.11481534830727 
32.846589826839825 0.013174295742235179 236.79864733886717 
32.3957064935065 0.014288618505201314 203.70134163411458 
32.261146969696966 0.01873059661952019 174.98391524251304 
32.76813542568543 0.018532430671427288 170.16469848632812 
31.972163203463207 0.013510952231743322 338.28956844075515 
30.89202972582973 0.01773749610136986 292.9976893717448 
31.346912770562767 0.017071307043552426 240.94423645019532 
31.39951724386724 0.02442984999181985 170.6035391031901 
31.564625180375177 0.02904639806395769 163.7803875732422 
32.15448448773449 0.011840922900221342 348.7380289713542 
31.883363564213564 0.01334144571181298 344.0730232340495 
31.640031529581528 0.025569186559095358 161.63646154785155 
32.27867712842713 0.011961315279541022 342.3135588785807 
32.074852020202016 0.013268786862089644 296.0071914469401 
31.990913347763343 0.02253954438496588 166.36010249837238 
31.99154581529581 0.026075949074366136 157.11638476562499 
32.89445678210678 0.012082000183393959 320.598825358073 
32.270185642135644 0.013447910038921831 285.23722416178384 
32.44925591630591 0.013506250967607486 250.72017704264326 
32.17200642135642 0.015329272484674427 197.3041795247396 
33.10178621933622 0.012196207781782153 269.7464138590495 
32.74701911976912 0.013407739614877718 232.19530708821614 
32.70569444444445 0.014267938934936523 220.62020552571613 
32.660083621933616 0.018941762763748187 171.39748213704428 
32.64594711399712 0.019824943514585473 157.87460754394533 
33.245461111111105 0.012607254325964443 245.39335209147134 
32.64133975468975 0.015109410339233862 187.85295829264322 
34.39542777777778 0.011757080173180088 266.919180460612 
33.12369747474748 0.015416520270416727 177.34232678222656 
33.53870916305917 0.021703589370250673 146.2380106201172 
33.627079292929295 0.013024361395225519 198.43272709147135 
33.415108008658 0.014375756288471203 183.14805529785156 
33.0033126984127 0.013831269159853478 213.51585306803386 
30.817324747474746 0.02136470609175918 252.06035371907552 
31.056903751803752 0.02043578336266516 227.9430919189453 
31.18098708513709 0.021753978736460185 210.97756958007812 
31.15482691197691 0.021825178388128273 200.829227742513 
31.951460245310244 0.013724873799898635 338.8920107828776 
31.72407929292929 0.014306526683866966 289.88034077962243 
31.400738167388162 0.015207772290983211 258.11019576009113 
31.2718595959596 0.020988049458799382 194.06319755045573 
31.90159877344878 0.01389113819558381 284.62488057454425 
31.56943903318903 0.020789963125517386 193.5421387532552 
31.71598059163059 0.019913046651258474 195.2626223551432 
31.708214790764792 0.02033636477369308 189.24493680826822 
31.84211955266955 0.019343876876115808 187.95048307291668 
31.816850937950946 0.019632945855035756 179.06578279622397 
32.05639963924963 0.01946066668261531 182.18855090332033 
34.562206204906204 0.011753846004068867 260.85956250000004 
32.74950577200577 0.012588663936159619 326.09764127604166 
33.99683088023088 0.011667437143173228 314.4484202067057 
33.589316594516596 0.01232517146297454 251.04366691080727 
34.28994516594516 0.01145151641010285 268.3865349934896 
34.17961183261183 0.012171767092049125 248.30403177897136 
35.02731024531025 0.012386095577802646 240.40275939941404 
30.270021572871574 0.02287477062301873 289.5227178548177 
30.183419191919192 0.02801375757360697 306.72146691894534 
30.306642063492063 0.029786965169727838 225.43917862955732 
30.526529148629148 0.016970562528848668 319.1617668050131 
30.539812626262627 0.022255366399309636 295.6189237467448 
30.52684415584416 0.023926510963401787 255.26481359863283 
30.499720923520925 0.0246967928628945 233.22719482421877 
30.491603318903326 0.0319921780633545 207.23352966308593 
30.854551875901876 0.016091823200473764 339.36536617024746 
30.72064776334777 0.016876738389418153 293.43901033528647 
30.725945598845602 0.022621008446750652 254.08228247070312 
30.70227525252526 0.02390760328037501 240.38936808268227 
30.69193044733045 0.024143858019247042 221.30331986490887 
30.704955988455986 0.028149054925928108 203.71285998535154 
31.107174747474755 0.016746290901472567 281.59362325032555 
30.888879437229438 0.018566617521801002 259.42560502115884 
30.839543867243865 0.02051113095498085 225.76588053385416 
30.798827994227995 0.02287503407554868 205.4958649902344 
31.28738448773449 0.015251584850320821 278.4620267333985 
31.109686291486288 0.018518894284937405 226.6340275065104 
31.039449350649353 0.022036920002040872 207.8283762613932 
31.339996176046178 0.017136688098490272 223.10472717285154 
31.305880447330445 0.018975965534708494 218.36999959309895 
31.228006926406934 0.02205896854519844 194.0748643798828 
31.593960822510827 0.016571236123774015 235.02355106608073 
31.380950577200583 0.016613046347618086 212.17698014322917 
31.600908874458874 0.019259251469061343 209.40643575032553 
31.36143427128427 0.021480452902879747 185.5897772623698 
32.41885634920635 0.013901831522789015 280.10919348144535 
31.715525396825395 0.01879413495064737 197.45338826497397 
32.068770202020204 0.014541863864421864 225.1293676350911 
31.786084559884568 0.017624809500277033 190.40748010253907 
31.85723427128427 0.019164332444276816 186.3762048339844 
32.317037878787886 0.014933304095897701 210.11340795898437 
31.983722799422804 0.015527548669397848 196.64896626790366 
32.404758225108225 0.01579463279381035 183.65805448404947 
32.17387575757576 0.01683991675902369 177.4261629638672 
32.444584704184706 0.02049784615825653 167.5462615559896 
33.08591984126985 0.01469028016742708 195.5395762125651 
32.660114069264075 0.016238533540632726 176.89598384602863 
33.31596428571428 0.021019487404718363 154.8732821451823 
30.28653477633478 0.0237696400222039 256.27886397298175 
30.5795582972583 0.023883967125616086 246.7940164388021 
30.564050360750358 0.024716859453203642 231.68811381022135 
30.414211399711398 0.04087629387593267 193.36357775878903 
30.816033044733043 0.03968157489015824 187.83767826334636 
30.917703463203466 0.039831765296640426 177.3444932047526 
30.853639826839824 0.02231773814575434 217.76081054687498 
30.826860606060606 0.024136210575685525 187.1990273030599 
31.059677344877347 0.03843791971596711 183.69318155924478 
31.10266305916306 0.04077534483281132 170.29311869303382 
31.582588023088025 0.0151412983650112 300.50040816243484 
31.017032034632035 0.021002900412619114 221.6161076253255 
31.124258297258297 0.029967577924463692 176.49868505859374 
31.288496392496395 0.036720028912124676 169.30426098632813 
31.257774963924962 0.020580081980905492 210.7039212239583 
31.207917748917748 0.027654570471289112 175.14686470540363 
31.429419624819626 0.02052258283760306 199.49973551432288 
31.298740836940837 0.02119900517101524 187.36521077473958 
31.251427272727273 0.02160559031978606 174.74289042154948 
31.788142857142862 0.03254330814637192 160.7194014078776 
31.64400216450217 0.019025703819665903 200.85148234049478 
31.537855122655124 0.021175775951995837 177.66231453450519 
33.04878347763348 0.012455451484956748 292.4401474202474 
31.940304329004334 0.024791640241622916 165.0511073811849 
33.291673737373735 0.012048483589639674 261.98008329264326 
32.989124386724384 0.012937949742469774 234.28149361165367 
32.807595093795086 0.014082459046423437 214.84122371419272 
32.23002077922078 0.018759752998151757 174.4777002766927 
33.51172135642136 0.012486321926269542 215.2443564046224 
32.95912337662338 0.014066754215135573 199.24408589680988 
32.65465930735931 0.022241265483973028 156.26020035807292 
30.286837012987007 0.02300099070409776 274.12965466308594 
30.19557727272727 0.025059221697828735 268.59881787109373 
30.487765584415584 0.025054874983367923 248.63917159016927 
30.40202878787879 0.025931638201296292 239.9554873046875 
30.55033124098124 0.017122288553371442 315.97480749511715 
30.61816659451659 0.018555748611376294 267.3031993001302 
30.597460389610386 0.024531431645812955 242.2364747314453 
31.115765584415584 0.015977274792501942 249.36266463216145 
31.125667316017317 0.019367597618505945 221.44821854654947 
32.606393578643576 0.012618912295401108 306.80743745930994 
32.01257063492063 0.013974131007692837 242.8041838378906 
32.72429834054834 0.012647436666510088 252.78593880208334 
33.246174098124094 0.01240739693331957 247.52084875488282 
32.36384264069264 0.015489734018554668 186.9151220703125 
32.83339386724386 0.018778439382753406 169.14669266764324 
33.01399487734488 0.021314034837379477 156.2296806233724 
33.25514639249639 0.013528609566214062 183.5358643798828 
33.178494877344875 0.015554533370687986 167.64602465820312 
33.040662987012986 0.01799605339364051 158.35990299479167 
33.55709487734487 0.01427073390822652 167.91064575195315 
30.71444653679653 0.023467261566736695 251.60820666503906 
31.902991991341988 0.01424299508915184 273.2908884277344 
31.762273953823957 0.021521620793066014 172.2401698811849 
32.964812265512265 0.012576124518206106 304.408711710612 
32.23055173160173 0.022957766622295338 158.71050036621094 
32.20469458874458 0.024180843550787014 154.01774129231768 
32.38574336219336 0.019833704864799996 171.06387609863282 
32.33546536796537 0.021692368701555758 160.76875500488282 
32.95113225108225 0.0163431203004265 169.66112483723958 
33.02481103896104 0.022374984086897386 147.74105704752606 
32.78431536796537 0.023714346720888596 145.41205008951823 
32.93470367965368 0.01712047977193833 162.278755859375 
33.26461190476191 0.021518130050668695 153.27448612467447 
33.07090627705628 0.023237327304670808 140.66147892252604 
34.58635822510823 0.01574662509405376 162.3693231201172 
31.97346240981241 0.02475184311457638 169.00857926432292 
