34.564721284271286 0.01123232101285218 216.07472989908854 
33.039206998557 0.011719207548818581 220.69488236490884 
34.35247366522366 0.011923486586735265 202.8400461832682 
32.88565937950938 0.012987289227345 197.7953087158203 
34.06402474747475 0.009447458229639527 388.2218872884115 
32.741206998557 0.011562150163068781 235.5104023844401 
32.73551868686869 0.010167868950605402 351.0203939615885 
34.23716774891775 0.011191009316644655 217.9945107014974 
31.64099256854257 0.014935502333650581 212.22386743164066 
34.833248268398265 0.012256659637024415 189.58085217285156 
30.761061255411256 0.01737640248728035 263.7067044677734 
32.56277842712843 0.011023558531675337 269.2393867594401 
33.12627092352093 0.014812122798225904 180.91163863118493 
33.02613080808081 0.00995124604692698 359.69135978190104 
34.503164574314575 0.011573538641216748 206.86576464843748 
34.07322922077922 0.010725754653558732 242.56188773600257 
32.20275259740259 0.01218640801197291 241.95196630859377 
31.418111616161614 0.01579029769207002 209.29420658365888 
34.02305346320346 0.011539195389070523 208.52652396647133 
33.21038535353535 0.009637015745699416 387.6753682047526 
31.4878145021645 0.01129710409704209 368.15381119791664 
34.30402922077922 0.010910358179330823 228.76999711100257 
34.455648268398264 0.01263941944026945 186.8439833984375 
32.03998275613275 0.010945701317510593 333.4115356445312 
31.931180663780665 0.011532238982915874 279.42200769042967 
33.043133766233765 0.010381358940124508 292.0520065104167 
32.808324025974024 0.014197543208322522 190.4574793701172 
31.95711176046176 0.013302593863954538 223.04965779622395 
31.36923189033189 0.013121478967545048 258.32694612630206 
31.912212121212118 0.011056374883463378 331.90364408365883 
31.452484343434342 0.011599872568752763 330.6475411783854 
34.29336558441559 0.010294875609495635 261.65221744791666 
32.14898434343434 0.010439232053937922 371.8810040690104 
34.41779675324675 0.012937798859605758 182.29750972493488 
30.765646248196248 0.014314382650890356 310.909603149414 
34.86869588744588 0.011991462271585476 194.98914591471353 
30.392963997114 0.017021188225891607 308.7016135253906 
32.153831096681095 0.020295786182603838 175.96364497884116 
30.46934754689755 0.02008875630460027 240.3493017578125 
32.10060288600288 0.010632832463264465 331.73255383300784 
32.28940497835498 0.013929991224310413 200.95569665527344 
30.87202352092352 0.012237142236759662 335.55178967285156 
30.859883044733046 0.013643196844913956 330.3548088378906 
30.88857352092352 0.02006314853774072 230.65490303548177 
31.814687950937955 0.011878583546278475 269.85012890625 
31.066411616161613 0.01653531569850208 213.0773155110677 
30.60826847041847 0.014806334177770619 286.68473897298173 
33.63909112554113 0.013292174433290942 180.40482336425782 
31.275508585858585 0.012181589852020726 305.4519755859375 
31.026460317460316 0.01311868736396789 300.977762125651 
30.98493513708514 0.015785734250118717 234.44045499674482 
31.167511616161615 0.011674486466953748 351.8070911458333 
31.201062409812412 0.0140954168869114 247.11626831054687 
33.42149588744589 0.010970075327455989 239.2535645345052 
33.359068831168834 0.00982621140962838 337.72055529785155 
30.754402669552675 0.01436130999232291 276.4087697753906 
34.14932987012987 0.009850305959150785 299.86342159016925 
31.06472907647908 0.022348841982529163 204.32032698567707 
33.03949227994228 0.009898626455023282 361.8744543863932 
34.707411327561324 0.011984876496136186 196.57729382324217 
34.57938896103896 0.0088698828604126 383.402581258138 
35.49445028860029 0.01109632327199221 211.35998010253905 
33.35856847041847 0.011359301593840122 240.888317586263 
36.052279870129865 0.008680476317873007 404.5084707845052 
36.053105266955264 0.009085259772672643 332.4130207519531 
36.466946536796534 0.0083513864099884 418.30563533528647 
34.70291825396826 0.009079759436569223 349.3150619710286 
34.86716457431457 0.012238448617019662 191.53753674316408 
34.79505634920634 0.01039681661248446 238.56266577148438 
33.731213924963924 0.011877463614139556 210.7792137044271 
32.5376424963925 0.01814057680367469 169.74212341308595 
35.38134855699855 0.009818484776995184 276.00016357421873 
35.18611507936508 0.0095694391135311 287.78412915039064 
36.17792344877344 0.008945960543289177 345.27314746093754 
34.685083189033186 0.008664079375956061 435.8167664794922 
34.74512777777778 0.01007874717974901 256.6659050292969 
36.67749891774892 0.008757307938613889 376.1388503417969 
32.67295101010101 0.011682004407081604 250.32051395670572 
35.52258492063492 0.009293602461397649 311.97726558430986 
33.52340223665224 0.009110704323205949 394.1673385823568 
35.14688102453102 0.009521422270224083 293.7797807617187 
33.68277597402597 0.009697613363895425 305.87253186035156 
33.38045923520924 0.010407372929861552 286.12696004231776 
32.66234624819624 0.010545604636192318 319.9502746988933 
34.77188492063492 0.010269782728493198 244.2406104736328 
32.605773376623375 0.009918790166018017 373.2877070719401 
34.672223015873016 0.010495277383110522 234.60299768066406 
35.44977712842713 0.010144186279296877 252.01671203613282 
33.72346976911977 0.010965666199018946 238.45504838053384 
35.347984920634914 0.00985486451416969 260.62482434082034 
33.25915937950938 0.008838571242907047 418.72408768717446 
35.32408665223665 0.010595752401266085 229.52903255208332 
32.585657359307355 0.012467378904345041 233.0293334147135 
33.21044004329004 0.009484873384237287 371.83628238932283 
32.10179227994228 0.015016845060465325 210.58629801432292 
32.51563080808081 0.01012887265038491 388.19271891276037 
34.34205158730158 0.011317808504345422 211.96118713378905 
35.00408665223665 0.010960318015072362 217.5650525716146 
35.542086652236655 0.010793890257835378 222.01577766927085 
32.3339044011544 0.015495816642859 190.56856319173176 
32.37506096681096 0.010297132600128649 404.8826714680989 
32.48708275613276 0.01128974821091652 292.1079404703776 
32.917802236652236 0.009329472581377028 400.225873819987 
34.072471933621934 0.010442188505232335 251.79770259602867 
33.47013311688312 0.0096156155480957 337.40500520833336 
32.57236544011543 0.009742502798674108 402.268546468099 
33.116930663780664 0.010714300088789468 284.9658280436198 
31.89262344877345 0.017652156354427313 192.48226814778644 
34.515827200577206 0.013009228396644605 180.0195878499349 
32.80845735930736 0.010171554065599435 315.1014391276042 
34.635558080808075 0.010748819624900817 227.4547801106771 
35.46612128427128 0.009730925406763558 283.70248848470055 
31.898094877344878 0.01895250008916852 184.64165942382812 
34.26339595959596 0.012001766524925218 193.01819482421874 
34.65651284271284 0.01107050063410044 221.46145711263023 
34.40679855699856 0.011575416937410843 199.9405917561849 
36.342112842712844 0.010751014311304095 222.87609908040363 
33.556688888888885 0.012309604644069655 203.12695259602867 
35.81470808080809 0.011457976121256343 194.69597713216146 
35.620565223665224 0.010964006112310899 212.74232368977863 
35.7543683982684 0.011134788498938075 205.6143614095052 
35.53426522366522 0.011289384282705782 201.4205050048828 
32.91330187590188 0.011004380370225903 298.5660045166016 
36.925574963924966 0.00950275502480506 311.9441900227864 
32.36958953823954 0.010986682718584537 331.5697877197266 
35.811485858585854 0.011688107761442676 192.2503457845052 
35.306374963924966 0.009320750359954827 348.4086138509115 
35.275679509379515 0.012313977706089002 182.84612141927082 
35.44446767676768 0.012038097465250499 184.29816825358074 
35.292145165945165 0.013331227501080033 171.07014090983074 
36.02270173160173 0.010635934409866335 228.40192476399739 
36.318279509379515 0.010494487715818887 235.42646419270832 
35.079801010101015 0.012685529077007793 176.53736153157553 
36.14294617604618 0.010818211779596805 216.3083633626302 
35.86187950937951 0.011350379150390612 195.95758894856772 
33.964129076479075 0.009535220983324048 367.33410066731767 
35.46434076479076 0.014350462673578292 151.615068359375 
33.28710822510822 0.013522492044792177 178.7307706298828 
32.73099393939393 0.014250679913101185 183.09956949869792 
35.31677647907647 0.013626333486368634 159.60863155110678 
34.83987647907648 0.013374583272638314 170.98791426595054 
34.22756435786435 0.015674792548046126 148.47507324218748 
34.839169336219335 0.012689819583561421 176.23738692220053 
33.512362193362186 0.0126440642013645 197.00896748860677 
33.70599292929293 0.020933233973131193 140.05341772460937 
33.46288383838384 0.020328823090612912 142.2085598144531 
34.51563362193362 0.012514704256143587 183.5171132405599 
32.82960735930736 0.024313322176160862 141.2227548828125 
34.39381435786435 0.02132353428727388 139.30994091796873 
31.73448253968254 0.015255047843799597 210.80322757975262 
33.252577056277055 0.021726367079555997 140.01085327148436 
33.671598124098125 0.014876592407760618 151.06709423828124 
31.65458614718614 0.01815950980038884 187.98853934733074 
34.79049076479076 0.012719209891071297 175.8429403889974 
33.678977056277056 0.0219720351223946 139.6199523925781 
32.53135757575757 0.015573381083538562 175.18575504557293 
32.16374069264069 0.022493153748273872 159.18015861002607 
32.338519336219335 0.014171634340822708 197.4927598876953 
32.01760259740259 0.0259623388553834 154.5605778401693 
34.10985526695527 0.020447056956529614 141.60813476562498 
34.01923838383838 0.013634403499994294 164.64028088378905 
32.33318816738817 0.012806398504390708 225.16102925618492 
33.804050505050505 0.01979076549120184 147.46361735026042 
31.049157575757572 0.01919319114327429 224.10736381022136 
31.944471861471857 0.015923896441020973 191.2537031656901 
32.826796536796536 0.012902632893145088 208.09633276367188 
31.800974025974018 0.02565145440773013 159.55362117513022 
31.425245454545458 0.019493505008850085 192.77593334960937 
34.370955266955264 0.01518734331256152 150.19758251953124 
31.78120375180375 0.013029025116026417 268.0787508951823 
33.10393896103896 0.017511934955313217 151.2125516357422 
31.433850216450217 0.025156885801038698 172.0978212890625 
31.615994660894657 0.014025777643499382 242.49306400553385 
31.410910822510818 0.02282022215689661 179.1417353922526 
31.962748917748915 0.01385382796277047 218.57530806477865 
33.17265656565657 0.015288033380529904 158.94171459960938 
32.64171212121212 0.02155194237577678 143.03990885416667 
32.31753116883117 0.02619746388387675 146.52975557454428 
31.131372727272723 0.02589904980421064 181.98678153483073 
32.18863708513708 0.017227085174379334 169.82034619140626 
33.56183968253968 0.016199415217516434 147.96235827636718 
32.610574025974024 0.01697524120615963 161.3297800292969 
31.10845974025974 0.019388509035434733 208.6673126627604 
32.73462323232323 0.022661778773043113 141.60942370605468 
31.100443290043287 0.022133720128443266 206.9511096598307 
31.366516883116883 0.03129667967387201 180.12574251302084 
31.601674025974024 0.02484094024199481 165.40314721679687 
33.580592929292926 0.015559108082601998 149.0754982910156 
31.87294805194805 0.02642277480942012 159.13628169759113 
31.54766233766233 0.032710741724147806 167.67307267252605 
32.07621847041846 0.024564365982294077 151.53362520345053 
31.62845021645021 0.026056072254896128 159.81147884114583 
31.901262337662338 0.01730752341243979 177.5541866455078 
32.385178787878786 0.02495708211588855 142.92122408040365 
32.838656565656564 0.015847433143675316 160.58794995117188 
31.548027994227986 0.014751984122374056 221.01850610351562 
36.46303528138528 0.00873079634742975 401.90623885091145 
34.128739538239536 0.008681701585712432 442.39406998697916 
30.914119264069267 0.021413492226686485 217.31418269856772 
31.387726406926408 0.025298225309870265 182.45996818033854 
31.355369264069264 0.024079584064600475 188.47649454752604 
31.776150288600288 0.02262238475936886 175.5585577799479 
30.337803896103896 0.020456499450244917 311.9392556966146 
30.363677705627705 0.01724364841294289 327.220618733724 
30.58344357864358 0.02063038191066028 231.49520332845051 
30.50789913419914 0.018437192126932157 288.98587898763026 
30.953733982683985 0.026407310581445673 201.06617138671874 
30.71801500721501 0.020387035743763472 230.90951118977864 
30.86687683982684 0.026871234385833755 201.45100854492188 
33.1166404040404 0.009646061709642417 392.58715242513017 
30.582547113997116 0.019450941423454268 262.79843086751305 
30.594970851370853 0.015566798970463288 334.4136796468099 
34.417609018759016 0.009005982158842083 413.0885959472656 
32.925331240981244 0.00991283664182663 390.82861002604164 
34.813620707070704 0.009565337818357939 348.9949449869792 
33.10318838383838 0.009793964206066125 378.34309879557287 
31.6654222943723 0.012003783365783689 329.8750535888672 
32.77203253968254 0.018907939851293572 158.3076786702474 
32.94342005772006 0.01373325858614209 192.21653751627605 
32.81949177489177 0.010046106588175294 372.0075546061198 
32.27144264069264 0.015636309593496336 191.20321459960937 
33.45150238095238 0.01073854901605845 280.362271891276 
33.50868015873016 0.012066246804773823 214.68693595377601 
33.294734704184705 0.011215782463934428 258.9447515055339 
34.57988506493507 0.01484323850255968 163.36186718750002 
31.657688095238097 0.021568625470771822 180.75729264322916 
33.2837992063492 0.02154786952663423 150.84658850097657 
31.71386038961039 0.010611215228140356 408.54364066569013 
32.737296825396825 0.009625152484617235 438.1197867838542 
32.95391031746032 0.020255794772186267 151.99836442057293 
32.04066349206349 0.012498833246824744 243.77208333333334 
31.682223593073594 0.010732052948474884 407.4496872151693 
33.885108730158734 0.013661405039129245 170.74527400716147 
34.2025336940837 0.012654090476379378 185.10972892252605 
34.43361702741703 0.012248693742678179 191.60471118164062 
31.664821428571425 0.01688956707698106 196.75857352701823 
35.048606998557 0.009575258862676623 317.78355013020837 
32.09945245310245 0.010611613775358204 380.7692974853515 
30.987758802308804 0.020947725126161578 208.77151310221353 
32.37837914862915 0.012979969378635865 211.7015791422526 
31.941270634920635 0.009843129970133301 454.458338663737 
34.442805699855704 0.013073362649526592 180.02069197591146 
31.506054761904764 0.02200155448453188 182.41526721191406 
33.64483672438672 0.013107990814437857 175.96431095377605 
32.31065793650794 0.011410824807837014 297.43941357421875 
31.74232049062049 0.012385911496307847 279.91645072428383 
31.74376385281386 0.023146360762891782 165.8260946451823 
31.423744227994224 0.014454350608339307 236.44220865885416 
34.56939083694084 0.012380403936758027 185.88700935872396 
31.850864862914865 0.014486792330503468 223.28110294596354 
31.74920533910534 0.011659801413586142 321.9526548258463 
30.868923015873015 0.016641543510255815 237.72876790364583 
31.089881601731605 0.011529024670124056 407.4765478922526 
32.963102453102444 0.009130181278536318 486.22600345865885 
34.940013059163064 0.011208472808418272 216.22324178059895 
30.754225396825394 0.02247993198543547 220.02749414062498 
32.44152575757576 0.02157393381625175 156.70719002278645 
31.389679942279944 0.01637527668230297 216.59339973958333 
32.286879148629154 0.01381312430587051 204.79525655110677 
30.785957503607506 0.022483330502798524 205.5309393717448 
31.157373015873013 0.014518931293001166 261.8214328613281 
32.83191031746031 0.019875900651028178 152.17938895670574 
31.340695743145744 0.011183434681091302 415.64606669108076 
32.533652741702745 0.02115663547669411 156.27774173990886 
30.249608802308803 0.022399421134462364 256.0993573404948 
30.566584992784996 0.021800346679270256 232.81145548502604 
30.987615945165945 0.024650436121275404 195.2356581217448 
34.266108730158734 0.013315520297231702 174.07582137044272 
31.06010634920635 0.015578921828279482 233.09204134114583 
35.7703816017316 0.008817865782060626 430.56099291992183 
35.51348665223665 0.00883005705094338 433.3247451578776 
33.5150549062049 0.01520543247658966 164.13491841634112 
35.24489227994228 0.012850019477424611 173.69496431477864 
33.00465346320347 0.010149295338191979 314.708029296875 
35.38817907647908 0.01158516198773621 194.79161568196616 
32.01904668109669 0.011231307519674306 313.71681335449216 
34.81039227994228 0.012862501527366631 173.47202290852866 
34.72230743145744 0.0096659884649849 324.2283884277344 
32.116427200577206 0.014048333841345325 202.7951526692708 
34.96964624819625 0.012067307376899735 184.28649629720053 
32.25089343434343 0.01567999359565018 177.6450928141276 
35.068535137085135 0.011897663988151565 184.82953169759116 
34.886330591630596 0.011732455285217776 188.23960530598958 
32.267575252525255 0.01989329315162657 162.3899823811849 
30.70690101010101 0.02235088074638604 224.9449035644531 
31.51195620490621 0.02007559201818706 180.79206404622397 
31.950174386724388 0.012253035099222667 260.6677647705078 
33.02591810966811 0.012405162758197773 203.29505379231773 
33.96385187590188 0.009871782698621743 297.0593148193359 
35.56951948051948 0.01114553413172006 210.75527119954427 
32.63806096681097 0.014368753095731702 186.13224751790364 
34.47186702741703 0.01334828098317148 172.55595845540364 
34.294360533910535 0.011045765761146555 222.3131328938802 
31.887836291486295 0.010978973366680144 370.86257250976564 
31.881484343434344 0.02042774809532401 170.2853632405599 
30.601385858585864 0.022897092941381918 226.0535734863281 
33.80160036075036 0.014688194084634785 167.67856400553384 
34.35695187590188 0.009822998590204716 282.88866613769534 
30.81088910533911 0.02018732521562815 225.10392081705731 
32.834970057720064 0.011410073729667663 245.4931385498047 
32.55278434343434 0.015296573305788076 173.55722111002603 
33.46739227994228 0.014254007953598513 169.69835957845052 
34.85684574314574 0.011292168329324724 205.21724633789063 
32.196753463203464 0.01056034894416093 341.7682921142578 
32.68947164502165 0.010307691454231742 314.96317480468747 
31.898102958152958 0.013140171521379952 228.33124963378907 
31.070734343434346 0.022222633903429486 196.49268518066407 
33.275312914862916 0.010093653728868966 293.5885004882813 
30.88122676767677 0.022387346070501815 207.2429053141276 
33.40071608946609 0.011227188987693789 230.39124658203127 
31.90419862914863 0.022603096856698958 164.39131575520832 
35.64629725829726 0.010971814986000066 211.9868581136068 
31.087150577200582 0.014523320887424933 255.0507385253906 
35.13316392496393 0.011468649798605447 199.08380318196612 
31.419586291486294 0.01495536121338846 210.99500150553382 
33.60448520923521 0.010551189986982346 259.04516796875 
31.594979581529582 0.013255608352758892 252.5057811686198 
31.35648434343435 0.02213896765520334 184.39178088378907 
31.151865295815295 0.02090137575284001 192.698748046875 
31.143748629148632 0.016551297934093444 205.05870068359377 
33.82321154401155 0.01212294108073471 192.0137471516927 
30.434151010101015 0.0205834554231739 308.41558630371094 
33.70593773448773 0.01344923683905842 175.87530257161458 
31.745593434343437 0.02292014523591045 171.77293408203127 
31.703622438672436 0.015666525326967214 192.6351927083333 
34.15021291486292 0.010380518247911932 255.212208984375 
31.670865295815297 0.022910555414199826 177.90460498046878 
31.734996681096685 0.01158966940856933 353.7348903808594 
30.976726767676773 0.022367401738557807 199.84470267740886 
31.20223434343435 0.022571014113352335 191.43663439941406 
34.18785187590188 0.010087111815989022 263.2815968017578 
33.13581291486292 0.009979793518469322 313.70009106445315 
34.51700743145743 0.009690917721483703 326.8797479248047 
30.84028694083695 0.015341331364414686 267.3088703613281 
33.29535533910534 0.011836415246524805 215.70273669433595 
31.490936291486296 0.01278923639622689 287.41993896484377 
34.10335187590188 0.009983407354650484 276.9477242431641 
32.263902958152954 0.011948709623680116 240.0637868652344 
31.761007720057723 0.011875071985933789 295.56898059082033 
31.93533001443002 0.010640149959316256 362.77770043945316 
34.18374725829726 0.010609079666569236 238.9096318359375 
30.962165295815296 0.015922399570360176 237.0637588297526 
32.71331868686869 0.013254360312244902 196.78460310872396 
