31.40226688311688 0.0180337911609864 276.88910217285155 
33.22892922077922 0.016865111595203895 191.41303316243489 
33.72867922077921 0.014848445519199373 197.0396047363281 
32.64275057720057 0.013911197231829145 237.58807877604167 
32.77865678210678 0.017248738129138942 198.1700684407552 
32.90109112554112 0.015383859943392282 214.2277890625 
33.391297474747475 0.015190707471218107 197.54871553548176 
33.438994877344875 0.016269722088489518 190.31951603190106 
32.17345476190476 0.01700162255010844 237.3920203857422 
32.30400021645021 0.017465038245012776 219.09554626464845 
32.66095476190476 0.01686577581482887 208.83590852864583 
33.37845678210678 0.013916632285807116 217.86090454101563 
31.754984920634914 0.01638574852056741 286.7782767740885 
34.00505548340548 0.014091388802089688 195.5221043294271 
33.562856204906204 0.011885468278467648 257.2614272054036 
34.641627417027415 0.011492843728640074 249.30943233235678 
34.23562287157287 0.011442476684913635 261.66475354003904 
33.279210750360754 0.012299696270713789 260.55055049641925 
33.643672871572875 0.013391464118578444 217.33758052571613 
32.76418694083694 0.012729874958124165 265.1430278727213 
33.722527417027415 0.011673250009193422 274.5453333740234 
34.10142287157287 0.012204107106420996 234.9471599527995 
33.22371075036076 0.01131110930252075 289.66925687662757 
33.79767287157287 0.012691374776480205 223.1958959554036 
34.423956204906204 0.011961014805605403 237.26030871582032 
33.27676810966811 0.012567690607664599 250.8883847249349 
34.66128398268398 0.012476405016481888 217.8977294514974 
33.25618953823954 0.013682876193106153 231.77504276529947 
34.126827417027414 0.011433954612770074 277.65019470214844 
34.114053823953824 0.012968192253293981 216.59553841145834 
34.21168953823954 0.012066072500288476 245.98476818847655 
33.72465382395383 0.013270106380560398 225.73508150227866 
33.91308953823954 0.013013108858034623 221.53314790852863 
32.95251572871573 0.01195955092147827 291.65340246582025 
32.80218694083695 0.012161223922691334 273.7913569742839 
33.30992287157287 0.012989105807056414 234.34190425618488 
34.30528398268399 0.012375629235460766 226.1291552327474 
33.452587157287155 0.012248074080667502 252.94385363769533 
32.77679199134199 0.017537676357328905 206.87727270507813 
33.586172150072144 0.012808625972578534 233.466842569987 
33.6877531024531 0.013784385291852934 214.35163334147137 
32.70084776334776 0.013754876805458047 233.31076212565102 
32.700994083694084 0.015540883575830465 218.15847798665365 
33.111645598845605 0.01278991994392635 244.90395906575523 
32.17325382395382 0.015058716316511598 246.92248754882812 
32.849385858585855 0.01269725508600473 250.2262626546224 
32.76881443001443 0.012404753169920447 264.4652607014974 
32.549541702741706 0.012495626240386954 275.54994140625 
32.71028109668109 0.013448606009244912 243.46763069661455 
32.226647763347756 0.013785302404940105 263.5824395751953 
33.01185988455988 0.013543652373590452 233.01145255533854 
32.3122810966811 0.013319020712137223 274.041870320638 
32.316433477633474 0.013082532921562187 281.91196740722654 
31.90592049062049 0.016129851006605626 238.97692089843747 
31.926914430014428 0.015989706740579597 265.9375047607422 
32.60271443001442 0.0127997847496891 256.07010221354165 
32.5475417027417 0.01200007803875208 296.5550959065755 
33.472445598845596 0.01227172152508736 249.61364819335938 
32.27245382395382 0.015437352948572632 238.94418237304689 
32.880100144300144 0.013165298092462994 245.1439327799479 
32.834481096681095 0.01629630932098624 199.451860555013 
32.772362049062046 0.014100081517372118 218.15866544596352 
32.32638715728716 0.012971904282846454 266.87956876627607 
32.457914430014426 0.013678536457083215 243.27973311360677 
32.044814430014426 0.014870311830043805 279.06234859212236 
32.18224776334776 0.01581216527378324 228.1674543457031 
32.88260014430014 0.013842102478086964 222.03473994954427 
33.28781226551226 0.012438666487369528 237.33207637532553 
33.405312265512265 0.01330525864727259 228.19479215494792 
31.997087157287154 0.015574023576202365 254.49437023925782 
32.867900144300144 0.012471246046469195 259.4707802327474 
33.32535988455988 0.011865242940485481 258.335526163737 
33.736766810966806 0.01286303685530663 230.0986701253255 
32.510766810966814 0.013441659412727364 257.5257823079427 
32.45214776334776 0.01517560579309699 241.63201045735678 
32.44903953823953 0.012245313021204471 291.65355326334634 
32.95776681096681 0.01407609388077019 200.5485041503906 
33.0264075036075 0.012048890464842308 263.6427357991537 
32.50407287157287 0.014154413187906752 220.24549291992184 
32.34064776334777 0.013523425526580826 252.32212760416667 
32.677647763347764 0.01280743503713609 246.57011934407552 
33.21620014430014 0.013013161973323846 232.2045696207682 
32.511266810966816 0.015867423439600434 210.24393286132812 
33.40331226551226 0.013414477310714738 217.76575569661458 
32.73535988455988 0.012285915181257732 277.5785175374349 
34.31798802308802 0.013476599781265248 198.47405265299477 
34.408624386724384 0.012235101680185807 225.2117598470052 
35.39642525252525 0.011886586932108402 224.2329738769531 
36.25204069264069 0.011278628665878776 242.49333532714843 
33.86625468975469 0.01324995186876297 220.21412223307289 
35.39909191919192 0.0121144733941555 214.22658239746093 
34.65954646464647 0.010988811207771294 287.0690185139974 
34.76030404040404 0.012258876207551964 208.28402612304689 
34.548410101010106 0.011869898864984497 228.46490970865887 
34.50863737373737 0.011721030867483613 255.97493570963545 
35.2674404040404 0.01071759553708077 278.5241302490234 
35.22222828282829 0.011760574306831346 234.70124182128905 
33.6663051948052 0.013618056048452868 217.02932889811194 
34.229988023088026 0.010922488366365432 287.36870279947914 
34.07505555555556 0.012577000748262417 218.33228120930988 
34.20976075036075 0.012484648410120027 225.54853100585936 
34.74936464646465 0.011301476230850219 253.14575992838542 
35.27936464646464 0.011366478066911705 238.00415917968752 
33.72754256854257 0.012962239978780732 228.13280802408855 
34.775394949494945 0.012560836196317657 202.08194812011718 
35.20466767676767 0.012139162454369072 219.23226704915365 
34.61442525252525 0.01255751954374552 207.81842187499996 
34.0283062049062 0.012228257622156133 241.0055487060547 
33.49758802308802 0.01294649587178232 231.51132230631507 
33.55753347763348 0.01231280103216409 247.0556034749349 
34.53569191919192 0.011295527592375273 275.49106591796874 
31.458527056277052 0.01459243275857926 377.7413370768229 
31.91436515151515 0.013899004011392588 286.7464562988281 
32.09796471861472 0.015104219597520811 268.5211397298177 
31.635345238095233 0.015116358252801885 294.2992443033854 
31.78648809523809 0.01547299885839461 279.87335563151044 
32.13932186147186 0.013313199306049357 294.7622046712239 
31.402974242424243 0.01596563382946015 304.0148505859375 
32.03422489177489 0.012433988000001905 383.0924874674479 
31.35722424242424 0.024649501266787076 312.3164366048177 
32.59475995670996 0.011999138807773592 362.2812141113281 
32.28407943722944 0.012547654866695394 294.0276418457031 
32.08053614718614 0.0141539501671791 282.5047578938802 
31.609436147186145 0.01467778310490607 330.4052870279948 
31.887767893217887 0.02477943666940692 243.75753515625001 
32.106712770562766 0.012713616673555368 327.47864900716144 
31.87212056277056 0.013581168730745314 309.25031209309896 
31.79225 0.02195051083141326 266.31155607096355 
32.962276623376624 0.011862419391765609 322.2755639648438 
31.811845670995666 0.014266519972743981 306.27249658203124 
31.26494047619048 0.016131539223518378 312.76359334309893 
31.641307575757573 0.014682009188280101 311.30310994466146 
31.7912461038961 0.013642860401067748 324.18196215820313 
32.75584567099567 0.012768296046886436 272.75443892415365 
32.18503852813853 0.012344690838336931 353.9630983886719 
31.902964718614715 0.018874282618999493 263.3640203450521 
31.944877272727272 0.013796442641506207 308.7075179443359 
31.651011904761898 0.016533648975791907 273.11453377278644 
31.898536147186142 0.014610146022081365 283.3316621907552 
31.83424047619047 0.02072530616799356 272.9465854492188 
31.349222294372293 0.015293516340818396 317.80185896809894 
31.30982142857142 0.0258413343764329 294.69893229166667 
32.831937373737375 0.013312172187843325 235.4440684407552 
31.892873737373737 0.01264693320030213 360.7472464192708 
32.2500404040404 0.013070891402206408 290.3844163411458 
33.62563737373737 0.013397670872840889 228.08732918294268 
32.839049062049064 0.012000605627784718 270.59286539713537 
32.479558585858584 0.01216737548660277 309.48929353841146 
32.71295815295815 0.01278331197048188 252.97701700846352 
34.24523997113997 0.011817663914797312 253.11054329427085 
31.892873737373737 0.012937610623703 334.1879866536458 
32.1275404040404 0.012740052602157588 310.9047913411458 
33.45840663780664 0.01150845398781061 279.6484308268229 
32.224873737373734 0.012281850913772591 342.3212962239583 
32.977404040404046 0.012478898379325856 258.39062638346354 
32.94544891774892 0.011470747446098334 322.80621110026044 
32.575604040404045 0.012965989306488042 271.15008162434896 
33.306125252525256 0.01244120577808381 234.43646427408854 
33.045137373737376 0.013019724293861397 234.7321543782552 
32.67649148629148 0.012294798349342355 285.5388236490885 
33.13585512265512 0.011470447617361539 307.2200367431641 
33.954199639249644 0.010850289034309393 320.8454222005209 
33.30001132756133 0.011823392734215272 273.80084798177086 
35.17458751803752 0.011454721840450774 251.05029956054688 
34.339359379509375 0.010372717988491051 344.82122298177086 
34.2494018037518 0.011423986255505097 263.81785457356773 
34.52091493506494 0.010125027410449971 365.7874651692709 
33.81954668109668 0.011177773886623393 290.4191270345052 
33.772944660894666 0.012332892321846499 238.43444881184894 
34.707245093795095 0.010631500645008077 316.0938138020834 
33.917687518037525 0.012308829744865898 238.67185115559897 
33.41476688311688 0.011470645204880246 286.4042312825521 
34.48131479076479 0.01083578898205996 293.55662312825524 
33.55632445887446 0.010924034576473224 330.51980940755215 
33.737689538239536 0.010566080888853073 337.6832767740886 
34.473243073593075 0.01174020244354249 250.60196492513023 
32.3733652958153 0.012522965599873075 315.72915836588544 
33.53490974025974 0.01110910097451449 300.5475296223958 
34.04808751803752 0.01198883287316559 247.15809334309895 
34.47673398268398 0.011042637017116561 283.101233968099 
33.10712561327561 0.011878463291332726 317.90057063802084 
33.736900216450216 0.01167732554890871 256.58783357747393 
33.05776688311689 0.011405311938164232 326.0399821370443 
34.58401608946609 0.01157250700132609 251.76844307454428 
