33.31920757575758 0.010784215028164392 276.1199968668619 
33.36443917748918 0.010508715779945839 301.6954251302083 
32.81945281385282 0.011350981733105184 251.80362947591144 
29.894520129870134 0.01716856342525723 267.0672090657552 
29.733071356421355 0.017704148638250844 324.4376595052084 
33.05255028860029 0.010497312999906533 315.9918750813802 
31.75125836940837 0.011196806426048287 368.0518705647787 
30.92313924963925 0.016176959816935038 176.5450919596354 
31.79987157287157 0.02454434720297098 141.34327189127603 
32.049805916305914 0.013275734000742459 179.45257853190105 
32.34331702741702 0.026546781535170136 129.9582667643229 
31.33127561327561 0.015443834692308922 164.79308451334634 
31.55470418470418 0.01675479328968286 159.78646553548177 
30.531805916305917 0.027218133188555257 162.4927550048828 
30.487305916305917 0.02151966960597042 174.36049357096354 
30.575234487734487 0.02829449408943411 149.28983752441405 
29.997234487734485 0.023892696933746363 187.30923966471354 
31.104996392496393 0.0205274343876743 161.29668900553386 
31.895120057720057 0.01721626390686991 150.667331258138 
31.51824227994228 0.02123113663870099 149.9310784912109 
34.157217027417026 0.010998537486352917 220.91034940592448 
30.49369227994228 0.01716198577171564 185.11196402994793 
30.960396825396824 0.017510384503080872 168.38443965657552 
30.64240115440115 0.023623877553675163 163.77810388183593 
30.617716810966808 0.01604439577045679 183.22561002604166 
30.86727561327561 0.021896962572298024 161.99283850097657 
31.940275613275606 0.02854671396732337 126.67250626627605 
29.877234487734487 0.029194985463867243 181.4265563964844 
30.260234487734486 0.028293735140333107 163.7752927246094 
30.352620851370848 0.021381333536043146 183.49086673990882 
30.380704184704182 0.022006127830982217 170.45797696940105 
30.63409227994228 0.020290692569293986 178.7344100748698 
31.59325036075036 0.013927703729667668 182.54566556803385 
30.07860490620491 0.020461212489912485 200.13378971354166 
29.94203924963925 0.0209000319339776 222.37135184733074 
30.781805916305913 0.020063197428045264 172.24603556315103 
31.113942279942275 0.01631026935434338 168.38914347330729 
29.8302455988456 0.028505135020837766 188.78807604980472 
30.997205916305916 0.025583587233781856 151.0741680908203 
31.120775613275608 0.02704339720344543 144.374046875 
31.570452380952375 0.028196535009443736 139.61648413085936 
31.47918903318903 0.018188855014047642 159.69215547688802 
29.891169552669552 0.022667577160348916 193.18878019205727 
29.6514937950938 0.022271006978819376 225.99183341471354 
32.672942279942276 0.02303121486544611 131.16496720377603 
30.505722582972584 0.01653378524954079 199.72392911783857 
30.74959379509379 0.026518056271765164 151.32660119628906 
30.33717712842713 0.02102089262010813 192.7940663248698 
32.06687157287158 0.014186690726206264 162.2849276936849 
30.736896825396826 0.017452487360117404 178.74913264973958 
30.344205916305913 0.017485742728319157 198.01187967936198 
31.823008946608947 0.015694381403684603 159.21902998860676 
31.232396825396822 0.022367189381275167 149.23817985026042 
30.081854906204907 0.017228594954225986 207.44080643717447 
29.651505699855697 0.023071513669738773 210.14199772135416 
30.111174603174604 0.02219933461488721 184.32406583658855 
29.93992712842713 0.021297816470911488 201.64694816080728 
32.686485064935056 0.011402458783533576 231.0713388264974 
33.36367900432901 0.010915447610101684 237.6060368652344 
32.88018506493507 0.014944901719629738 141.2996180826823 
34.487900216450214 0.01071327363682031 244.94385432942707 
30.91671608946609 0.021677192769346227 162.32246260579427 
33.659542640692635 0.013361740529272564 159.46205253092447 
32.49556688311688 0.015360611223945593 142.04660782877602 
31.381767604617608 0.02447542633524185 143.4259670410156 
33.110754761904765 0.010934574006273743 258.1601754150391 
32.61818809523809 0.010796532318899644 303.6346464436849 
33.088254761904764 0.010682952656176099 285.6486190999349 
31.59358578643579 0.017373203179359444 150.17515405273437 
32.19635649350649 0.015504840759336933 149.57325138346354 
32.07305173160173 0.023508573648474248 134.58074963378905 
31.45330497835497 0.020436349136412124 157.17920381673176 
32.46715173160173 0.01492824368485448 148.53809708658855 
32.03414466089466 0.016756811290094827 146.57746378580728 
33.335944660894654 0.01518189253871202 140.75605273437498 
31.581698917748916 0.016421681817362286 157.48539615885417 
32.13636688311688 0.021133767863485847 138.69376338704427 
32.55130137085137 0.01964002132367135 139.68110725911455 
33.1929183982684 0.013211744519760635 171.9351193440755 
32.18129415584415 0.016530062047243145 144.2569844970703 
30.895850937950936 0.024187035628082765 159.58207275390626 
32.720585064935065 0.022160393160879577 133.20074572753907 
30.94363427128427 0.023443542130396358 152.71766259765624 
32.23798275613275 0.014140627283182172 160.12735701497397 
31.836185064935062 0.02189403106289859 140.02307902018228 
31.312270851370844 0.013728132992804043 190.71355529785154 
30.51943275613275 0.014999861400613775 201.62415816243492 
32.69136782106782 0.018485217698738537 136.3739443359375 
31.123802453102453 0.01308076374864816 204.96164912923177 
31.99810115440115 0.018575505103447423 142.67839038085935 
30.02858831168831 0.016243767979052078 225.93132165527342 
30.27204574314574 0.015641394131698586 202.92802388509114 
31.06002972582972 0.01979178472848178 162.0728643391927 
30.396232756132754 0.019900672776689547 182.82825923665365 
31.977001154401155 0.017634946187736998 149.69481420898438 
31.98770115440115 0.02443841360293389 139.33251000976563 
32.110946608946605 0.013412683920385826 173.39976053873698 
31.78721803751803 0.01258868518917323 202.46335990397137 
32.56732972582973 0.024335301054813817 132.74277864583334 
30.61469942279942 0.016073424555063255 191.9715565999349 
30.678226695526696 0.01881332836860658 178.71433801269532 
32.369767821067825 0.02470532528596169 126.72317488606771 
30.023054978354978 0.018736425752165334 209.41778552246092 
29.902435786435785 0.022221377809419615 223.9444141845703 
30.019032756132752 0.02085868973511695 203.3177597249349 
29.78869942279942 0.027192700280199066 203.73228381347656 
30.757626695526692 0.014129691227569588 205.38442907714847 
32.9282303030303 0.010685018802366258 303.2129949951172 
31.487029725829725 0.01916191621215108 152.9990118001302 
31.302366089466087 0.01426627497025489 181.18748164876303 
30.983366089466085 0.014005234347734475 191.28219958496095 
30.109032756132752 0.01681047224766016 210.69240181477863 
30.50536002886003 0.014200204460382459 215.15228560384116 
32.73460548340548 0.010447734845354556 368.41532914225263 
30.34683275613276 0.018624693156328195 190.0308456624349 
30.19307619047619 0.028073799681856648 180.00825931803382 
32.2719696969697 0.012303608107814803 191.01530399576825 
31.97375497835497 0.012259460611972823 202.63096431477862 
30.314029220779222 0.014729188978662513 212.10183072916666 
30.375804112554114 0.013251801675770305 245.6003436686198 
30.32329545454546 0.019121227730276556 194.85213338216147 
30.477785930735926 0.012543649353411181 276.3045820719401 
30.836895021645024 0.011847691184065338 294.9131434733073 
30.92026645021645 0.012911794593753799 211.77719401041668 
30.82576731601731 0.012853801763775334 224.57519877115885 
30.419029220779223 0.015144800323107232 201.9992529703776 
31.430421645021642 0.01220244774341584 227.0212120768229 
30.070553030303035 0.019591042793474157 203.3156590169271 
29.919861688311684 0.018318287252426124 228.77937715657552 
33.198160173160176 0.012584478380098367 182.31714473470052 
30.35636168831169 0.013768637753107547 232.34744694010416 
30.097029220779223 0.014814852882921701 221.44189506022133 
32.18792640692641 0.012917739871978758 182.80209928385415 
30.210173160173163 0.013348295928165908 312.4959883219401 
31.050405844155847 0.01360342939549447 202.55277848307293 
31.649228571428576 0.011767806231460579 245.23666764322917 
32.397045887445884 0.011923098740293993 195.3213348795573 
31.544129220779222 0.012101301910831945 208.55975056966145 
31.10342640692641 0.012860921171257485 221.74816288248698 
30.434424891774896 0.012606329078207003 255.4545137125651 
31.892129220779214 0.011806144218370911 217.33347037760416 
30.791514069264068 0.0148369677710533 190.29324247233072 
31.867095021645017 0.011013454933643342 286.76824137369795 
30.21650541125541 0.01507351294239998 215.13819645182292 
31.146250649350648 0.012268200459480271 237.53533317057295 
29.711861688311682 0.018833605946197488 230.90656953938802 
30.583362554112554 0.015386286658563585 194.8094084472656 
30.84243398268398 0.012145684295914174 249.44439481608075 
30.535286796536802 0.013986846458826068 205.56630900065102 
32.19654588744588 0.011467333533346648 253.30190425618488 
30.35040584415584 0.014354678916904917 227.2457006022135 
31.316299134199134 0.011243022276124953 306.06846390787763 
32.22100735930736 0.011487229304134856 236.24557161458335 
31.208633549783553 0.011415000938150888 275.9214210611979 
29.937576839826843 0.013897962114706024 286.82424454752606 
29.98102922077922 0.014620337214097986 235.95717081705726 
33.692418181818184 0.010423810314676768 307.744724609375 
30.843642640692643 0.013986495831272615 202.94477323404948 
30.593234415584412 0.012134315478324895 316.9749041341146 
33.919857575757575 0.010371789077341565 267.9832082926432 
30.969109740259736 0.011756928841829294 266.2459133707682 
31.678896103896104 0.012780866543054565 202.76387980143227 
30.021213203463205 0.01408658012131691 280.2491721598307 
30.118004978354975 0.014181723119029979 233.48061942545573 
31.25870497835498 0.011202344990112774 326.2354468180339 
30.51892402597403 0.01303093122107745 215.614252726237 
31.705338311688312 0.011968457347986712 230.96139908854167 
30.583779220779224 0.015034682823143011 200.79424076334635 
32.57037878787879 0.011908900732491033 206.45101977539062 
32.79217532467533 0.010550295065405366 321.28988236490886 
31.793768614718612 0.011384357967855929 264.61732100423177 
29.783504545454544 0.018289018316183105 239.85324629720054 
31.205359740259738 0.011917028670682917 251.07415201822917 
30.724800216450213 0.012489158520460134 240.06716520182292 
31.240352597402598 0.01307795671791075 201.73775227864584 
30.599834415584418 0.012634112420752065 251.52628275553386 
30.05684393939394 0.01365925013849499 243.07332767740886 
31.231593073593075 0.01245108244633911 210.55999601236977 
30.468400216450217 0.012704037576971059 230.59964835611981 
30.792514069264072 0.01323570048814776 204.22686844889324 
33.47935692640693 0.013772451495764275 159.94718379720052 
31.496880735930734 0.014397784728148 167.15899178059897 
31.71825743145743 0.013430430122613905 178.07487837727865 
30.925280086580088 0.018793918541882063 169.97598091634114 
31.15754632034632 0.014016335109064556 185.91437239583334 
30.723083116883117 0.021976298678705694 167.55646126302082 
31.551166450216453 0.014924722189047326 160.12203304036458 
31.513734054834057 0.014017533909692728 172.0227842610677 
33.94140093795094 0.011740529714968218 189.9949590657552 
33.5259818903319 0.012645900317690355 174.23259887695312 
32.52528722943723 0.013761205632247898 163.25761478678385 
33.15602568542568 0.010904360527536872 246.88070056152344 
34.564200937950936 0.011850612119200217 184.27335009765625 
32.07634769119769 0.013901366220474207 161.54724173990886 
32.89160685425685 0.012915065695962893 172.3503046875 
30.92700627705628 0.02207402113797425 160.36977087402346 
33.0674494949495 0.011080044764139653 223.2256162923177 
30.53968917748918 0.0212492179845071 173.29887093098958 
32.26150043290043 0.010983999082729803 255.23952380371094 
33.29071406926407 0.01310435622327089 163.13833809407552 
32.5951854978355 0.013994160176992388 152.07315767415363 
33.834456493506494 0.012749443560371382 165.0717362467448 
31.472221067821064 0.013319254528143391 185.51891267903648 
32.51870187590188 0.010828464604284771 260.31539786783856 
32.2822437950938 0.01427377844419718 154.11125252278646 
33.19971883116883 0.013970941467180214 154.66057849121094 
33.33833282828283 0.011220697631034863 200.6404074707031 
31.728063419913425 0.021835017574310268 146.13812528483072 
30.68536738816739 0.01601730891980171 180.43917521158855 
31.627420562770556 0.021955257237293746 149.58446952311198 
31.827298845598843 0.011650235044119352 264.095732014974 
31.931061399711396 0.012152430664656178 204.81800122070314 
31.014559307359306 0.015926501957550063 174.50504451497395 
34.50292085137085 0.014486126009418936 147.87184834798177 
30.88144314574314 0.014340904037058353 194.04781966145833 
31.232657431457437 0.012718665172090526 210.29557283528646 
31.905866450216454 0.014564874379396417 158.29128955078124 
34.76124624819625 0.009889584416093838 330.2629629720052 
31.550101515151518 0.018527770755112204 153.75518216959637 
32.98697943722944 0.012375898971557638 184.35931225585938 
31.72491457431458 0.012621209585514088 190.7467204996745 
30.992083116883123 0.014585967952012993 174.7644590657552 
30.853200721500727 0.015072542355358622 188.16880725097658 
31.6759347041847 0.014000799905493229 167.76080497233073 
31.83218152958153 0.011790858402023319 229.86227669270835 
31.1768411976912 0.018983171817531574 162.71600268554687 
34.53517366522367 0.011350362415373311 198.404977335612 
31.42987344877345 0.013019395174560557 192.08028255208336 
33.62488023088024 0.010509996066687117 245.54398177083334 
31.16225735930736 0.015910704727556714 167.95299568684896 
31.9332235930736 0.014688940243532624 152.01071948242188 
31.098163924963927 0.01339195402535437 191.3196974283854 
30.84222453102453 0.015607307223567977 179.379000406901 
30.897900216450218 0.016394334632875887 173.10611775716146 
31.32691392496393 0.01409088789963724 178.96336926269532 
32.508383621933625 0.01303274941044808 178.1857814127604 
30.745367388167388 0.015611276981661324 189.03233072916666 
31.79419487734488 0.01290584673496244 183.7984718424479 
32.87116854256855 0.0113459940087533 224.30462630208334 
31.337052813852814 0.014593432810041917 171.36627115885418 
32.221878860028866 0.013410246789512628 169.35152478027342 
31.875351082251083 0.013727073435308924 175.11344584147133 
31.26621406926407 0.015254537981786711 166.14348742675782 
32.192120923520925 0.011539644944667828 225.5160242513021 
30.797530086580093 0.022582779623033962 161.20866569010417 
32.79092171717172 0.011540973546028148 205.54173510742189 
32.56109314574314 0.012348260363695612 189.5495897216797 
29.614500000000003 0.024963586633741847 247.5927174072266 
29.27435714285714 0.028701411830034253 251.14253454589843 
30.7769531024531 0.02070779677449229 173.35748746744792 
29.989036940836947 0.02105149191461561 189.24074674479164 
31.9265025974026 0.019746199830391414 149.70745353190102 
29.24002380952381 0.026760863478853716 252.76264090983074 
29.528390476190474 0.02400662719661 277.65646818033855 
30.32731471861472 0.0178849968640804 197.57312467447917 
29.922973304473302 0.01896086193256614 224.5004863688151 
30.445564213564218 0.0195087711072564 182.1629308268229 
29.04521774891775 0.025442062701046476 269.5380196940104 
31.071280375180372 0.021153765482780945 152.8943575032552 
30.07967532467532 0.018894381737768674 198.32147420247395 
30.00714805194805 0.01799197681903837 209.81419173177085 
32.23208636363636 0.01122190098181009 283.70634724934894 
29.922484415584417 0.01732086721837281 236.51752018229166 
30.836724819624823 0.020036375037374474 164.1743967692057 
29.89700057720058 0.017481469644918434 266.1859086507161 
29.687284415584415 0.0182870714931226 240.5798828125 
30.063707070707068 0.01680101086354258 215.99849385579427 
35.214028932178934 0.01020019982422828 283.1338081054687 
33.43214083694083 0.0099933531024456 374.401185546875 
30.584612049062045 0.019674587228164654 182.00882971191407 
31.170882683982686 0.019541856392488486 158.55159444173177 
30.912659307359306 0.019410788192548753 166.54757491048176 
31.698722294372292 0.011131436951086517 373.7811764322917 
31.602869696969698 0.010954656196346287 417.50417293294265 
33.61945274170274 0.010110981595728395 361.8658532307943 
32.16208448773449 0.0107823606090641 346.1534172770182 
31.205846392496397 0.011668657301034937 341.2391944986979 
