28.60396911976912 0.025234625257112942 196.8299714355469 
28.181812987012986 0.024646704425096512 270.4831055501302 
29.28290663780664 0.031720544450571535 148.894556640625 
28.43497012987013 0.03265274075984948 176.12957641601562 
28.00412431457431 0.032545608991682566 240.91011747233074 
31.078769985569984 0.02647127743840459 130.23559594726564 
27.893886219336224 0.028834375927457807 263.9495055338542 
29.810284415584416 0.030817554639396692 137.81615498860677 
28.757678066378066 0.019451460201799848 220.97678149414062 
30.15821529581529 0.02844490314111945 138.79991003417967 
28.56281154401154 0.01827243711422921 257.1589373372396 
28.84612106782107 0.026407983575270206 171.28882470703127 
29.638914574314573 0.019525800217344732 162.3349865315755 
29.194247907647906 0.030905881318094658 155.2260711263021 
28.48578297258297 0.023031917081775627 234.27882157389325 
28.335121067821063 0.025530238066675693 238.15128495279947 
28.285170129870124 0.01801921918468714 273.05805008951825 
29.54403520923521 0.025103299115631583 155.29171240234373 
30.995120634920635 0.013678696723654247 179.80041446940103 
28.803259163059167 0.024763280454924125 184.81520263671874 
29.898581240981244 0.0185722337439442 159.2372637125651 
29.15346695526695 0.018478805497286352 187.05486458333334 
28.491282539682544 0.01628137621804237 305.84550500488285 
29.400622655122657 0.03012284636078112 156.89864880371093 
29.147759018759015 0.024996958107366546 166.20602083333333 
30.111806637806634 0.016984683298149096 157.4024891357422 
28.4008163059163 0.030349055772504806 212.34664514160156 
28.536944877344876 0.01694043719679114 259.0454718424479 
29.02717012987013 0.020008298686981202 186.56993945312502 
28.794200288600287 0.017564554189529416 223.99286120605467 
30.89234790764791 0.028634426851389495 124.06794177246093 
28.34686955266955 0.02108320309620857 258.7678387451172 
28.098869552669548 0.028248462842941288 281.41740384928386 
28.519765367965366 0.02613468684772494 188.55613024902343 
28.734217748917743 0.03107830942732102 179.04036417643226 
28.53203492063492 0.020189077149727327 238.71431193033857 
28.814474891774893 0.016556678597030625 242.64797635904947 
28.32953621933622 0.02680442793913129 226.1269396972656 
30.296340981240984 0.02063290309668542 149.61488814290365 
29.601800793650792 0.012707569015893948 281.75502982584635 
29.190707575757575 0.02042168534432412 174.99644189453124 
29.613014935064935 0.01606317593841793 174.5282978515625 
30.220091197691193 0.011282611637315754 315.00788871256515 
29.929769047619043 0.019922611550524227 156.99600476074218 
30.145961904761904 0.015290449920473117 163.91983447265625 
30.143973232323237 0.012916540739843859 235.82442651367188 
30.269470707070706 0.014058111906111243 189.0981678873698 
29.804600432900433 0.01356119455080269 231.44315226236978 
29.207066666666666 0.019964798807802216 184.95302368164062 
28.52668535353535 0.02157984493231771 205.82615848795572 
31.65831832611832 0.013684140083084082 158.09447224934897 
30.667374531024524 0.012629704671576035 222.99196358235676 
29.5779119047619 0.015266551737310863 188.71067602539063 
29.197181601731604 0.02211506495929004 163.21254659016927 
30.62297142857143 0.013501297472963324 194.55131103515626 
33.47386132756132 0.010178229187049853 258.27210750325526 
29.928811111111113 0.02099005728081703 149.02191650390625 
32.52463665223665 0.010070316252138617 262.3151649983724 
29.312685353535358 0.016710586705019445 177.3003518066406 
30.366388095238094 0.013353530623724455 204.4304374186198 
31.944479076479073 0.011715626940717712 212.33179833984377 
29.15368535353535 0.016662995022680788 187.08500463867188 
33.36043578643579 0.01136674780749321 197.96808516438801 
30.957620923520928 0.013186458685324184 181.14235030110677 
32.01765743145743 0.012919531851377467 175.73010347493488 
29.40957857142857 0.014777443470575795 215.46692407226564 
28.757185353535355 0.02041711023742915 204.00538061523437 
30.92086911976912 0.015807729606389966 149.3889971516927 
28.807805844155848 0.021020678565778758 187.39727022298177 
29.58771349206349 0.021190193762161743 159.85448571777343 
32.70287878787879 0.011928433944532857 183.2410459391276 
29.9307873015873 0.01205908317585229 283.2716446126302 
29.888002813852815 0.015535642192087173 173.38146228027344 
29.875106349206348 0.012540521515905862 249.73347578938802 
30.018069480519486 0.016551474159777143 165.37082332356772 
28.904316666666663 0.021791367605688547 180.42249772135415 
30.416733333333326 0.014026644535293554 179.56981477864582 
31.497538961038956 0.011618938468217863 219.61243973795573 
30.296275036075034 0.01673148271131755 155.7284774576823 
28.832103679653677 0.024542301819801347 187.29329150390626 
30.06601075036075 0.028436413135740798 140.7534042561849 
29.357379292929295 0.02054588199430702 172.455703125 
29.7024652958153 0.020682833404562465 160.7631913655599 
29.151243073593072 0.027958278139593645 165.21761372884114 
30.471457070707075 0.025683919319212444 133.78140966796875 
32.47445230880231 0.01929774588256838 129.47206274414063 
29.938865295815294 0.020197741862966998 154.94239709472657 
30.788110750360758 0.025769554736998098 130.4472802327474 
30.593329797979795 0.013961702492640012 177.95247233072917 
28.837490115440115 0.030919770229234724 174.5201875 
31.05629949494949 0.013711050043821343 173.79933182779948 
30.569490115440118 0.021044517838537655 142.14160982259114 
31.99425620490621 0.012974486865463274 171.30475659179686 
28.819398629148626 0.027216105630018722 183.66944523111977 
29.385420851370853 0.014433044337275054 219.901360148112 
31.836277417027414 0.015415862894747284 142.11461478678385 
32.22448232323232 0.01417290508596658 141.5649210611979 
30.253512121212122 0.012512651292803299 246.50949483235678 
31.91131565656566 0.020644069367945193 127.98068424479166 
32.725765007215 0.012747820703194118 166.89038631184894 
32.321605988455985 0.023853959900286156 120.50675899251303 
29.541660245310243 0.026974654372332055 152.26691385904945 
31.853022871572875 0.014073280292704084 148.07691870117185 
30.339011760461762 0.01371723168888332 188.2106053059896 
31.774023737373735 0.024676870661582903 119.24368436686197 
32.853952308802306 0.01379205760035752 141.01056201171875 
30.07114408369408 0.013919998844740392 200.09231888834637 
33.487928499278496 0.013110053430404691 156.97104744466145 
30.968098629148628 0.02015687332725759 136.55031905110675 
31.086932395382394 0.012534940793275818 205.1131707356771 
30.134844083694084 0.024543917825281637 143.18980480957032 
31.20731782106782 0.02449940359794851 126.4118214518229 
31.83228896103896 0.012164181005754456 185.49493819173176 
30.531878715728716 0.0160278376637101 150.67613993326822 
30.512650144300142 0.014164825663397312 175.67245654296875 
30.669883477633476 0.012795234979727295 208.2828420410156 
31.80925252525252 0.011360471216020596 225.4678223063151 
32.59667395382396 0.013604294237098717 147.35862475585938 
30.445449134199134 0.016945338518438366 143.30276477050782 
31.64018347763348 0.015649464178621755 130.63125777180989 
30.83468347763348 0.013494848610725373 179.99271142578124 
31.93251681096681 0.015383903919813612 130.74562422688803 
32.15148347763348 0.013435726228866572 156.63747554524738 
31.570183477633474 0.013816258512735366 155.9629531656901 
30.65671681096681 0.014366221155226207 162.52356457519534 
30.16581204906205 0.015452055324480523 163.74141520182292 
31.73112871572871 0.010415154444906718 268.84586881510415 
30.719950144300146 0.012328791195452226 221.85833614095054 
30.441983477633475 0.014758251183626638 162.17878076171877 
31.114583477633477 0.013674187128927724 166.7645263264974 
30.989427922077923 0.017968049674472786 139.08255025227862 
30.689850144300145 0.021739339497604336 132.8987501220703 
29.947778715728717 0.0167331522165322 164.29388916015625 
31.27181681096681 0.014772040140688454 143.4242567952474 
32.018877994228 0.011476571732351759 199.23206404622394 
32.203861255411255 0.014358276510772726 143.1069814860026 
31.491093001443005 0.012249988589861406 198.7170837402344 
30.8384310966811 0.012913114375343338 189.69341434733073 
31.023361255411256 0.014907904771234977 143.64304423014323 
32.58100165945166 0.01297515455206872 161.15204561360676 
31.274512914862918 0.012894331263601781 179.53962430826823 
30.231694588744595 0.016999774350881607 150.94797001139324 
31.27320252525253 0.011475246226332192 229.78621944173176 
31.05878347763348 0.020843961641371207 134.50008382161457 
31.159783477633482 0.01579004876270534 131.35759647623698 
33.19219213564214 0.01055343943071604 247.54943111165363 
32.78769213564214 0.011581039883730417 194.78966666666668 
29.933378715728715 0.015543957588198175 172.85263651529948 
31.060416810966807 0.014312991797819127 152.1018907470703 
30.34681681096681 0.021724183617422607 141.51249621582033 
30.249331962481964 0.013501671838858103 201.69216520182292 
32.34966839826839 0.01016489468583107 263.1060452473958 
33.883324458874455 0.009823154168233861 299.0215049235026 
30.782050144300147 0.01511968801885845 151.71965930175782 
30.22747871572871 0.014288310424807098 186.88684505208334 
29.729171356421357 0.01632137562850953 169.7307277018229 
30.77965014430015 0.016115965450248702 142.17384468587238 
30.87356370851371 0.014224290937254452 166.4764314778646 
30.179744372294373 0.013090820528802859 214.65619002278646 
31.924899206349206 0.010413752160131927 263.50272892252605 
30.939518253968252 0.013326800086021415 186.73707576497395 
31.675740476190477 0.01263120001268385 178.64093843587239 
30.99852835497835 0.01126231130260468 260.2069108886718 
30.17355093795094 0.012641489948179707 247.38318143717447 
31.138304978354977 0.012436926787853218 204.91243318684897 
31.38506370851371 0.013354550831911598 166.29654451497396 
30.595669047619047 0.013528146220972544 190.94897835286457 
31.45939199134199 0.011079716595306384 252.7141397705078 
32.29804567099567 0.011546843100967397 198.02649841308593 
31.297035714285713 0.014758655954971311 149.59707600911457 
31.204612626262623 0.012420043868467819 196.2135963134766 
33.29422157287158 0.011179034030570969 205.27405944824218 
30.5773095959596 0.012831969472620492 202.80951208496094 
31.021873015873016 0.013541761297247393 174.30608357747394 
29.32669523809524 0.013934425589010731 239.20415722656247 
33.41693347763348 0.01123450706115723 196.80264770507813 
30.94788968253968 0.014194721311769447 167.04089038085937 
31.972914935064935 0.013971076292905817 149.00249141438803 
32.14367215007215 0.010737508707621095 246.17689949544274 
30.469372727272734 0.011818669880678654 259.39616455078124 
30.62047373737374 0.012472458606054783 224.0451357421875 
31.637001515151514 0.010780163023855689 256.4602245686849 
30.0464696969697 0.012205350862503047 268.7159699707031 
29.295499422799427 0.015351118944189526 212.45305261230467 
30.048024531024534 0.014890046673736551 180.4228135986328 
32.455219769119765 0.010145294965705862 284.12220149739585 
29.554357142857146 0.013214874645128247 246.94453125 
29.31250865800866 0.013492880374193194 258.9344249267578 
31.394485642135642 0.01272590807523965 181.7742917480469 
31.181864935064933 0.013530459237291797 167.9260985921224 
32.81203903318903 0.012743369050264344 165.92210115559897 
29.433757575757582 0.012973305717430113 280.620548828125 
29.58820461760462 0.01439794484945299 216.44490319824217 
33.76908499278499 0.011756283613979825 184.36857556152347 
31.370898340548337 0.014211113935050946 156.00230952962238 
32.506912770562764 0.01237981220012902 172.7090528157552 
32.09582056277056 0.012385053326771246 180.83806795247395 
30.377668470418474 0.014159924641668825 181.71865417480467 
30.524996825396826 0.013607153034212614 194.2440339355469 
30.681149422799432 0.013603580753424159 182.78935095214842 
30.645435137085137 0.014043705933342006 174.88951501464845 
29.97475396825397 0.013255913386688219 226.62769580078125 
29.66412330447331 0.013601601337740443 223.18626908365883 
31.095984343434342 0.012991905291769515 173.5620586344401 
29.150968903318905 0.014572044079802038 232.62924076334636 
30.588341486291487 0.014487707500364775 158.22299540201823 
31.386669769119766 0.013917969965040711 149.1332089029948 
30.675330303030304 0.012329735306587214 220.41317508951823 
31.927497979797977 0.012464686390459548 179.2473270263672 
31.992797041847037 0.014452824755058309 139.8494385579427 
30.059950577200574 0.015963912119302714 159.42998600260415 
29.853201082251086 0.012264333804740896 270.80535986328124 
29.367714213564213 0.014546811341676714 222.32212528483072 
29.02881897546898 0.015656728042032733 213.41394181315104 
30.09594797979798 0.01209538406795501 250.3010449625651 
30.047376551226552 0.014383686801967593 180.74954361979167 
30.232735858585862 0.012809702508459109 213.38007071940106 
29.600544949494946 0.012417370126428597 287.0656210123698 
29.77828867243867 0.015048570685865863 181.3363586832682 
29.272280014430017 0.013215848751726156 284.62289237467445 
32.52474704184704 0.014003043229780186 144.71435070800783 
29.226673953823955 0.016315522732355578 186.6041144205729 
29.344383044733046 0.016477248566057666 180.7340518391927 
29.58527005772006 0.014492624489786643 205.36733732096357 
28.720062842712846 0.015752840202560403 266.2686418863932 
29.896263708513708 0.021112108170893155 151.51592907714843 
30.93210101010101 0.011420841890344608 251.14822623697916 
30.046274819624823 0.014989882687568647 166.51276310221357 
29.46093874458875 0.012248435628244878 317.7269798990885 
30.7160626984127 0.015352212094306957 151.3602176920573 
29.329264862914865 0.015108092626800518 202.65136222330727 
32.178704906204906 0.010730978084623815 251.58433048502604 
30.37721565656566 0.01365264746410606 182.2897268473307 
28.944545526695528 0.014645932961425794 252.8262530924479 
28.725052741702743 0.015437260679056635 271.21239713541667 
30.694395165945167 0.013725043096125095 175.54794816080727 
31.539035209235212 0.011066343666133889 239.59770292154948 
30.018846320346324 0.011598591998577112 313.1731385904948 
29.433266161616157 0.013578731366178981 236.71355131022136 
29.503998196248197 0.016476463535308863 173.69335001627604 
31.823197835497837 0.01131227343279124 228.81465482584636 
29.79717886002886 0.01395765888524053 193.07382047526042 
29.538281313131314 0.012862529889795781 260.18548758951823 
29.0565968975469 0.013728293863000882 278.57914009602865 
31.15120815295815 0.019946826904394664 135.61483882649742 
30.272227272727278 0.011451073705313215 282.8393295898437 
30.11907481962482 0.013673198027849215 197.35507084147136 
30.30027178932179 0.014543445388593692 167.01091166178384 
30.481822438672438 0.013000898905954376 199.46802030436197 
29.785435137085134 0.015872840235290526 167.31890209960937 
29.080621139971143 0.01340666455566644 308.2459482828776 
30.09751767676768 0.012921363510248671 230.55542118326824 
29.594136075036076 0.01511788888739587 190.80576794433594 
29.496045382395383 0.01569277168130873 179.397461710612 
30.3285056998557 0.012063046342744823 234.49825895182292 
29.227122005772014 0.015883590984878574 191.32200553385417 
29.209469408369404 0.015191091471519487 218.04864453125 
29.20790685425686 0.013571669309351433 253.67375614420573 
30.691326262626262 0.01223510596276282 223.0685948079427 
32.04584213564214 0.00946965557014703 302.2343348795573 
31.03046911976912 0.01150171985775232 249.31959370930988 
32.172954040404036 0.00919601691395045 346.88927677408856 
31.968701659451664 0.011534071187117105 202.35645613606772 
30.41074531024531 0.01088088886240959 325.13379439290367 
30.66268975468975 0.01156660702234506 262.650391805013 
31.43061118326118 0.012262162435188287 197.2024568684896 
30.957054834054833 0.010380880130090711 300.70456282552084 
30.318750432900433 0.0203716964632893 144.48852449544268 
33.3179595959596 0.009885044178905482 259.1467556966146 
31.876626623376623 0.013599021771087644 155.3396308186849 
30.73328975468975 0.010773234962284566 336.4611990559896 
29.924540115440116 0.02060340618538855 158.26778987630206 
31.66466118326118 0.011582120065119252 219.67513448079427 
31.242388167388164 0.010678484453926078 276.75774247233073 
30.393889754689752 0.011661555421564577 278.6867102864583 
32.344919913419915 0.012615869598255168 170.47149727376302 
32.338758802308796 0.010194371552774912 252.31519173177082 
30.00807229437229 0.013059971165475852 231.1884638264974 
33.475765151515155 0.01004028807716608 235.97285811360678 
32.237336580086584 0.011661929890177265 188.46604854329428 
31.74419769119769 0.010373480201170451 264.3412461751302 
33.60581406926407 0.009138687648735055 315.9352411295573 
32.46903499278499 0.010842251864435682 205.94630037434897 
32.18063816738817 0.010667307500467293 223.67065096028645 
30.259410389610384 0.01149554903764963 300.1662347005208 
31.552531024531028 0.013221229958057386 168.42057613118487 
29.078705627705627 0.014467388316144952 264.5322364908854 
31.713019119769125 0.012280384254846568 183.6541934407552 
31.26606753246753 0.011254815589485156 230.65137679036457 
31.349364357864356 0.012290895413026812 205.66251155598957 
32.17197135642135 0.012741429167177696 174.7612772623698 
33.02330108225108 0.011776370719912064 184.11837577311195 
30.402274531024528 0.014471728321828848 176.43088155110678 
33.27943073593074 0.010605966047003266 231.40275183105467 
31.158358946608942 0.015546799661674509 143.54741760253907 
29.849025613275618 0.015028262012586597 184.44327897135418 
31.4566911976912 0.013220842210378619 168.4712326253255 
30.50654653679653 0.011730205658302321 270.2290621337891 
32.13786724386724 0.010229127805616854 291.664388264974 
30.645261183261177 0.012312086544325345 223.6504580891927 
30.42098088023087 0.012889453853235255 209.14493684895834 
31.971473304473303 0.011458904642012126 210.9911405843099 
31.583875757575758 0.01516154603653192 142.7660118001302 
31.502955627705624 0.012122672034025204 185.6903532307943 
33.6059829004329 0.01198719486834762 177.1626005045573 
31.647046536796534 0.010834652632389065 248.99518941243488 
33.18745057720058 0.00992096150551081 284.3096903889974 
29.462809884559885 0.013485666557636278 270.8219388427735 
31.388124458874454 0.01152324905735253 223.05162056477866 
32.47204797979798 0.011540478653964984 194.97892537434896 
32.9311461038961 0.012897505181219593 160.6180127360026 
30.165091991341992 0.01298067025676726 216.72824861653646 
31.595320274170273 0.010560741291925906 277.527624226888 
32.48398975468976 0.013640597568571597 148.40342732747396 
29.515049567099563 0.021925863048269743 166.9894715983073 
30.19043326118326 0.013600116299858087 203.44089306640626 
30.619561688311688 0.010955913837394714 293.67906087239584 
31.381324314574307 0.010027901227951044 327.89760408528645 
30.806952092352084 0.011466505515635005 256.89520430501307 
30.720357215007212 0.026873737595558174 131.03281901041663 
30.713740043290045 0.014317248290863005 165.2029452311198 
31.956042424242423 0.014389893073234572 142.26619197591145 
30.23366341991342 0.011684672359526145 284.56376127115885 
30.490284487734485 0.015682869339742677 156.55052852376303 
30.746576551226553 0.01393917121120455 167.25355249023437 
28.906515079365075 0.023194079587945903 170.77110896809899 
29.72765476190476 0.02060399452820063 160.25175130208333 
30.306534126984126 0.012914873956224903 204.6596114501953 
30.262256349206346 0.01091585349241257 294.2464050292969 
30.62096587301587 0.011572378624651427 229.57105069986977 
29.083211904761903 0.013575457898352152 279.5250327555339 
31.70808809523809 0.011779990471544282 193.98180240885415 
28.361035714285713 0.02034744284558297 245.10331673177083 
32.650082467532464 0.012454930063984406 171.69114611816406 
28.93751349206349 0.01470545123243331 258.63258158365886 
31.10842142857143 0.011128012688639166 234.6641931966146 
32.39863658008659 0.013407974346163292 149.41316699218748 
28.957174675324676 0.021961870966742052 177.64705704752603 
32.398055627705624 0.012006040264606494 182.12815470377603 
28.719135714285713 0.02217647352447751 202.94362817382813 
28.6031626984127 0.020674933019449702 211.7527226969401 
30.174614285714284 0.022265800540447262 135.66491422526042 
30.401164285714284 0.017545495346746483 145.45982291666667 
29.908795238095237 0.011646101602003568 285.64224536132815 
29.13442142857143 0.01405866282314302 243.4064860839844 
31.186249134199134 0.013176287373580944 170.341596476237 
29.61341031746031 0.01671883595840694 170.60672867838542 
29.507430952380947 0.01572474076849219 179.30529003906253 
29.113569047619038 0.017063791103422668 187.64997900390625 
30.062233261183255 0.014725696099529284 173.85137845865887 
30.81526832611832 0.02027398451642039 135.7950682779948 
29.43926356421356 0.014913181163027313 200.7322684733073 
29.40805793650794 0.012946564764680875 280.77383719889326 
28.680375396825397 0.016558734670877442 231.27717858886717 
29.543457936507938 0.020414996315405377 165.64062003580727 
29.03461349206349 0.015357535183296188 196.3600313313802 
29.895073088023082 0.013339018520233614 232.34141817220052 
30.056819841269842 0.012995401856634628 218.03360302734373 
31.340565873015866 0.014371127572271786 144.96446801757813 
28.888935714285708 0.016112145166132425 196.48713346354165 
29.732349278499278 0.022030803652048073 145.95140177408854 
30.67560988455988 0.016051530708942382 142.60498649088544 
31.22503802308802 0.020962972046492116 123.77667097981771 
31.796482467532464 0.020138710569753672 128.6510332438151 
31.00477135642135 0.013866908156213768 156.3836170654297 
29.271229365079368 0.01793624247917172 173.39082885742187 
29.718234126984125 0.01720397356938364 161.21879532877603 
28.847002380952375 0.01608223709531785 210.23107800292968 
30.068412770562773 0.015708702236518865 158.55839412434898 
30.37892388167388 0.021050664928474426 135.65655021158855 
28.693324603174595 0.02017617931824681 219.06255078125 
30.459788095238093 0.014042092318842427 178.05563321940105 
30.558530952380952 0.020201957585394382 142.9659335123698 
30.096867460317462 0.017412535360803637 154.5548868815104 
29.143269047619043 0.014609805388071537 218.21410498046876 
29.288321572871574 0.01648478809796332 181.46278531901044 
30.419815873015867 0.01186528271372079 247.6574453125 
30.31941594516594 0.016057917970552407 151.37981583658853 
29.61974841269841 0.014638554174432739 188.21319063313803 
29.352363564213565 0.015475880694220078 189.20683732096356 
29.63569776334776 0.023596025320634872 146.06874755859377 
29.93930064935065 0.01771069538575172 151.00645723470052 
28.85768492063492 0.020124543054819078 205.79708447265622 
28.699076984126982 0.025088347524604836 188.52373901367187 
32.49263600288601 0.018966774274446985 122.63697054036459 
30.807127056277057 0.010783074305772777 280.0115126139323 
30.09279761904762 0.02077327991982461 148.48399763997395 
31.669082467532462 0.013110927173004121 156.7100235595703 
29.305721428571427 0.02251032293367621 157.5664504394531 
32.07730468975469 0.014597441312179547 133.3209642740885 
30.804111904761903 0.011957342347834094 207.85675805664061 
29.736446825396825 0.015690721430971652 168.77591324869792 
29.919319841269836 0.014605118870315537 181.39885693359378 
30.983926190476186 0.010730363153040403 268.05197469075523 
31.5124562049062 0.015689816609153785 133.72980505371095 
29.58546746031746 0.012288942842009057 296.36194266764323 
29.50814523809523 0.013608251244554528 223.85141569010418 
31.5415158008658 0.011726626726868155 206.50118237304687 
28.804388961038956 0.01490991829548834 252.008440633138 
30.821821500721498 0.012659061401464949 192.0083059082031 
29.249357936507934 0.021659633454599373 173.44371040852866 
30.040273809523807 0.013677217554113861 205.85726989746095 
30.708168326118322 0.014752517005178918 153.21144364420573 
30.332700793650794 0.014959446431457978 165.05219274902345 
30.29356659451659 0.0138375563173294 190.58255310058593 
29.579367460317464 0.012757052419588548 242.5489814453125 
32.031698484848484 0.010777930221483706 244.1252284342448 
29.538167460317453 0.021772492412805565 157.18473486328125 
29.73227784992785 0.013699443513145462 206.60758959960938 
31.0177562049062 0.015127453856649431 143.81006514485676 
30.011445238095238 0.011945926144657122 270.11739648437504 
28.887874675324674 0.01515496334990499 233.27836356608074 
