34.30988434343435 0.010889451654949199 233.61043587239584 
35.49553196248196 0.010981282469847208 227.0029833984375 
33.93617005772006 0.010786115175046922 250.76135758463542 
29.77694357864357 0.018168931384096133 206.08057661946614 
29.521019336219332 0.02344408624149324 171.23749544270834 
29.90279206349206 0.018469553857138193 169.45628202311198 
30.146086002886 0.017196903366568053 169.16904085286458 
32.081884054834056 0.029287712795498334 115.27544694010416 
30.488481457431455 0.017899468365707435 147.50917024739584 
30.85441652236652 0.015235031878206746 178.3434876708984 
30.81159834054834 0.02490880287438391 125.15283260091147 
31.02512864357864 0.015931698791525385 145.00976993815104 
29.869876479076478 0.017580198681411707 176.2247373046875 
29.742034487734486 0.01993383163810729 169.57684065755208 
30.68587106782106 0.01834289334345105 142.2015819905599 
30.00618167388167 0.027897055769655732 145.52307389322917 
30.209371717171717 0.01537938993412016 204.01667183430988 
31.548047835497837 0.014414384575817585 165.02746280924478 
32.29687828282828 0.014272425783798705 161.9660958658854 
31.58982561327561 0.017340181036481897 129.67199279785157 
31.564012626262624 0.031046660623743456 115.28800459798177 
32.223124891774894 0.02141915958286286 121.40717419433592 
30.14281479076479 0.021770915746364566 152.7676715494792 
30.564860245310243 0.02662250111423491 125.98597298177083 
31.346842929292926 0.02300448265518186 124.33728002929688 
32.01324696969697 0.013089865102348297 179.35579614257813 
30.627026911976905 0.0203500212647343 142.825265218099 
30.148530158730154 0.018311789606630838 162.79986381022132 
30.29675418470418 0.018123847607650793 155.6308377278646 
31.118090548340547 0.03265351368173594 116.79668249511718 
31.656363131313128 0.016356909701321094 140.2482675374349 
30.265371067821064 0.027672263454828296 132.4145957845052 
29.761689249639247 0.026615641345558144 156.06667146809895 
29.650192063492064 0.01907417653084036 178.33238220214844 
30.974755916305913 0.013456663271198266 221.99391796875 
30.65875288600288 0.03363099869164471 124.4010936686198 
29.887117821067818 0.021830537949600205 156.11010017903646 
30.401723881673874 0.022087134868707666 139.91805623372397 
32.556774386724385 0.01370269544411661 161.6093263346354 
30.112132972582973 0.02991606701965575 135.12917720540364 
31.053598340548337 0.02337861289568905 128.74757564290366 
31.822065151515154 0.022053816246232944 124.20033203124999 
31.437098340548335 0.018989752510871868 129.05422298177083 
30.38481479076479 0.018951296001853902 149.5514972330729 
30.25829963924964 0.02410817271839145 137.4968936360677 
30.242757431457427 0.017443418545267545 162.28393851725258 
29.96606479076479 0.016742162787497048 194.25758182779947 
29.55831479076479 0.028033948080024733 160.04896228027343 
29.65599076479076 0.024791767459974322 163.39837097167967 
29.95054812409812 0.01983694913593292 162.3956611328125 
30.58214595959596 0.016406829104063495 160.6046525472005 
30.027951154401148 0.022518551624834533 153.36812398274742 
30.828151010101006 0.015911612377836695 159.54764506022133 
29.772019336219333 0.022539607115516645 169.07510481770834 
30.855721717171715 0.01562160237175225 169.91534004720052 
30.205552886002884 0.02011057560096739 154.77884700520832 
30.840512626262623 0.03338122246389628 117.9585048421224 
30.185466305916304 0.022656273386538042 142.82267244466146 
31.05909834054834 0.02427425773841136 124.3688076985677 
32.74603701298702 0.014925976021585437 139.4772148030599 
31.714739754689752 0.015146121864929155 157.1809229329427 
30.842981457431456 0.023998803293943362 130.10774068196613 
33.34547525252525 0.01142564197182656 225.87020153808592 
29.573257431457428 0.020541591790113417 170.26029610188803 
32.62105216450217 0.013232240063974823 175.96865905761717 
30.024299639249634 0.024512348637580835 150.35502644856768 
30.570481457431455 0.025417125829412964 131.34025520833333 
32.16389848484849 0.01562684970571759 140.19204187011718 
30.839342929292926 0.017028056346609588 146.3938254394531 
32.543124891774895 0.01567378846862079 129.87433846028645 
30.550456565656564 0.01455656247272731 198.35276123046876 
32.18981176046176 0.01651168123231886 124.97440128580728 
32.55208239538239 0.011836503392603417 234.58402229817708 
30.53918167388167 0.01692329140476228 157.75135579427084 
30.691098340548336 0.02190038057632683 135.6775173746745 
29.63139812409812 0.020344469088554376 178.8268057047526 
31.45432561327561 0.022402910802624264 127.70501009114584 
30.359805050505045 0.016337976007928825 167.8760546061198 
31.00436024531024 0.019136206744089147 136.81406062825522 
30.86926717171717 0.020321112125799647 140.33990010579427 
30.624893290043293 0.01499384008264782 193.14660864257812 
30.38493167388167 0.021460492058918465 144.09225642903647 
31.562649206349207 0.014163226354696785 179.3363779703776 
31.196265007215 0.017430086823675618 134.37686653645835 
32.03384509379509 0.016858481453297137 130.61664982096354 
31.01284076479076 0.017310531481802505 140.48973189290365 
29.982559740259735 0.015881963474771985 219.90654069010418 
31.315847979797976 0.01599609102025984 143.35765767415364 
33.61374942279942 0.009322455081942085 377.37779606119796 
31.30568629148629 0.011188033881666665 339.75307397460944 
31.284760245310245 0.011406597367296217 283.4435029296875 
31.051202164502165 0.012196921488389977 282.61920068359376 
31.873573376623373 0.010826426173076624 343.79470369466145 
33.80303152958153 0.011267161288499819 214.81796240234377 
30.79917655122655 0.012372050315132149 289.5210547281901 
33.38207770562771 0.01086616108757258 256.31734301757814 
30.39845432900433 0.012949976319506179 292.1197026774089 
33.21609357864358 0.010287802430632107 300.1561317138672 
32.73700627705628 0.0100429939577198 330.9572496337891 
34.06472200577201 0.011211958870115273 224.8132861328125 
31.738252308802306 0.011676906735727789 262.34826269531254 
30.617449134199134 0.013314656582965847 249.07185009765624 
30.55567655122655 0.013001530658721916 270.072795694987 
32.24451024531025 0.010815518874206544 313.3658941650391 
33.914031529581536 0.010824874430773243 245.63788244628904 
31.370269624819624 0.01171531676062585 269.65052197265624 
32.865698196248196 0.01158662811565398 235.4574473876953 
33.80622994227995 0.010405604883670816 287.53427380371096 
33.364309307359306 0.011463086913385396 219.15794982910157 
31.220813275613274 0.011809081512556076 315.9457565917969 
30.563168614718617 0.01313607587791444 268.58073600260417 
32.28797453102453 0.011090012958946217 281.7360078125 
30.877229942279943 0.013009802300033553 244.25713382975258 
32.43345216450217 0.011333548580169679 237.57648315429688 
31.648815800865805 0.011957610527727598 251.13958605957032 
30.283615656565654 0.015825338806924837 176.25026790364583 
33.37120432900433 0.012353762482881532 188.60757271321614 
29.99678686868687 0.013878182560369963 265.4331221923828 
29.49084747474747 0.016452906259729883 243.17125569661457 
31.124928066378065 0.01572782208985331 160.275645711263 
30.972151298701302 0.014257994783582669 186.94604585774738 
30.85750577200577 0.014300803463087083 202.7083778889974 
29.397503030303028 0.015851320676555657 246.17709749348958 
30.03414098124098 0.0143778309901333 240.51364375813802 
30.327479581529577 0.013890869224264633 253.09816353352866 
30.834527489177486 0.012364201625463967 275.0153783365885 
30.739326262626264 0.013495834752559641 210.0092021077474 
33.24647503607503 0.01288511625198362 172.06692423502602 
29.754709379509382 0.01591636692495587 210.37341121419269 
30.993139393939394 0.013671382118418196 199.21166109212237 
30.388726551226547 0.012498299436018474 337.0588790283203 
29.537910894660897 0.021428227653589225 191.79660811360677 
29.753640187590186 0.01528801428770068 243.37383736165364 
30.472579581529576 0.012668698805093758 284.51608186848966 
30.496095743145737 0.013464344151117788 220.23896834309897 
31.761460894660896 0.01514353101395607 154.209250773112 
32.253454834054835 0.01179519602450369 241.8822834065755 
32.67098059163059 0.01425509039135216 155.20980411783856 
30.35929747474747 0.014955812390956884 214.16156624348957 
29.690237157287157 0.01865589390922544 210.2717569173177 
30.581316955266956 0.016689909669516077 163.474657430013 
29.338445743145744 0.019747857084751137 263.50746236165367 
30.225254329004326 0.013017496375372408 280.1532364095052 
31.808465945165945 0.011299821853544714 309.69430977376305 
29.39617748917749 0.029232897632799206 193.65107881673177 
30.488845743145745 0.014115529014275058 209.20826839192705 
29.379153823953825 0.019463875971853756 237.3682987874349 
32.86436544011544 0.01258448312435391 182.22804044596353 
30.694903030303024 0.013235181741714477 255.46884639485677 
31.45409473304473 0.015482947048876296 149.90176456705728 
30.736345815295813 0.01546598304680827 185.91792586263023 
30.351948989898993 0.015574261008224496 187.04389082845051 
31.655554834054836 0.012144396583976735 249.14777815755207 
29.84988766233766 0.014681181422233599 219.9605625813802 
30.280083838383835 0.014333239147970668 235.11606160481773 
30.209054329004324 0.01588705164692164 195.9567998860677 
31.456661399711397 0.014711050436077122 166.64321455891928 
30.838873593073593 0.015283651722516998 174.63403365071613 
29.764733044733042 0.014254158514699949 295.7522055257162 
31.322534632034632 0.012141025307188035 263.539257039388 
29.62694271284271 0.0164843744764924 216.06474934895834 
30.693717965367963 0.01213035892263411 307.5888309326172 
32.623519480519484 0.011785719737586964 210.04214766438804 
29.98817756132756 0.01638511714184046 195.89949271647134 
29.627383838383835 0.019384878626406157 204.02702498372395 
32.27553160173159 0.011949369495401372 221.61085628255208 
30.68111565656565 0.015174925700426077 188.22565315755207 
31.820562409812407 0.013267332165300873 187.50020015462238 
31.330250505050504 0.01373489409834145 192.204301961263 
31.07617828282828 0.012815573077239987 238.99340034993492 
31.449439177489175 0.015551430712881066 152.7738378092448 
30.125973520923516 0.016661809517230987 194.39909834798175 
31.03176313131313 0.015044668762407329 181.08912349446612 
29.60951414141414 0.016159315574464813 226.20398665364584 
30.364084632034633 0.015023131474316116 203.81087056477864 
34.20939357864358 0.010141115898237227 274.4224124348958 
31.856789898989895 0.010876704494752878 334.9770029703776 
32.01567323232323 0.01100901672744989 301.8413577067057 
32.575640115440116 0.01034127349377632 324.2761404215495 
32.7917292929293 0.010998195273485176 258.0416447347005 
33.39015786435787 0.010207534088668826 310.71901452636723 
35.759606782106786 0.009045508227465152 361.30622135416667 
33.137982972582975 0.009650635682106012 389.3951427815755 
31.770973448773454 0.009919560100879668 403.79232621256506 
34.75495158730159 0.009650264063367851 310.6354314778646 
33.95067344877345 0.008764142639646534 412.76473836263017 
31.91229466089466 0.010400183224108215 392.7659173177084 
35.03584725829726 0.010736929758217339 238.48486934407552 
34.24574357864358 0.009398039049863822 349.0784255371094 
32.308957864357865 0.009944514501724242 366.3244086507161 
34.76055072150072 0.010335978508434283 263.13099251302083 
35.076601515151516 0.009682766770124423 291.6020105794271 
34.26286024531024 0.0106958627741909 247.6554861653646 
33.52616132756133 0.009789447171642781 352.1876560465495 
32.91097929292929 0.010879307625629896 277.1481917317708 
33.94935072150072 0.009970211669836056 294.80514603678387 
31.586622366522366 0.01073260377485513 363.7759875895182 
31.253204617604617 0.011737119133589262 295.7594692789713 
29.46694004329004 0.024538048007061514 230.10132661946614 
33.628396753246754 0.01085610481958629 271.70723380533855 
29.030605050505052 0.02409587697763683 270.3970429280599 
29.901155988455994 0.01408761430341004 308.69723156738286 
29.33943917748918 0.015456722641232016 341.04058642578127 
29.62254805194805 0.014253518349256509 329.3485596923828 
30.88571277056277 0.014736304102728364 182.43005786132812 
32.14343816738817 0.013236576406958087 172.46783186848955 
31.75652258297259 0.010720440838263028 348.4884304199219 
33.25216991341992 0.013718811831238291 156.11281306966146 
32.35602662337662 0.009708013707897672 380.0660914306641 
30.776021572871574 0.01176114840398073 322.32927160644533 
31.947104834054834 0.01322730709869621 182.13451643880208 
31.08307554112554 0.012469657487669 233.8194131266276 
30.374961255411257 0.015005640977106079 207.10311698404948 
31.963746103896106 0.015165753817274592 151.2388670247396 
30.6947841991342 0.015508738114967351 182.48841088867186 
31.53072388167388 0.014493549355983711 157.6780419514974 
31.933675541125538 0.01132089724880218 245.01124682617188 
32.708842135642136 0.014142885464489439 149.44814217122394 
31.439997763347765 0.011979682464859497 249.35961861165362 
32.22043773448774 0.010662181022465222 328.6579783935547 
30.27759372294372 0.014848709826052164 215.49494685872395 
32.014104112554115 0.012620652453720576 199.50193208821614 
31.53654134199134 0.014286704487695687 170.89476578776043 
33.04514379509379 0.01147561700920106 206.34000130208332 
30.721271500721503 0.014214891827821732 206.84829772949217 
32.9608841991342 0.011951545753910555 192.67727974446615 
32.26479935064935 0.012427672218420522 184.88271175130208 
33.03497106782107 0.010879839626476777 252.17769087727862 
34.25066991341991 0.01340531948659185 162.74727445475258 
31.233331385281385 0.012010789395036699 271.55202673339846 
32.18280324675325 0.014360245032968504 150.86468037923174 
31.524882611832613 0.01329944389153478 179.65547493489584 
34.59863961038961 0.012802336764872042 162.43065568033853 
33.73502705627706 0.012263793228924251 181.75559163411458 
31.288453318903315 0.012756490313663485 204.37359814453123 
33.98523268398269 0.011753853451549995 187.83998921712242 
32.7580841991342 0.012617167690048217 179.50352791341146 
31.227612770562768 0.015346274592885978 164.0039607747396 
31.47619776334777 0.012895648923456652 193.56682564290367 
32.95379848484849 0.013036696176052071 166.93311482747396 
30.796549278499278 0.014720916575243461 193.34670434570313 
31.1433968975469 0.011725528153154863 322.9386659342448 
31.043719985569982 0.012849140693304537 219.1412029622396 
34.84605043290044 0.009768642474756247 304.597208211263 
32.32088823953824 0.011446643373224737 243.73795434570312 
32.49378694083694 0.009833914102032177 336.96273010253907 
31.58392705627705 0.011564315752420416 263.01755187988283 
33.68546197691198 0.011598811290695676 205.60880350748698 
32.15726832611833 0.013620365818023696 164.02341646321617 
31.264434992784995 0.014416197427198869 170.7822127278646 
31.74792157287158 0.014033285969355123 162.78415462239582 
33.785984199134205 0.012516752251682296 173.76217903645835 
33.34429646464647 0.011048425645170206 236.41637093098956 
30.96231594516595 0.014096589659426199 195.822765625 
30.790219985569983 0.013121978447618478 241.27916149902342 
31.404648845598846 0.012300408479824063 228.5524571533203 
32.00034220779221 0.011987075841188424 219.49479829915362 
30.413719985569983 0.014167281133129596 219.42628324381508 
30.187521861471854 0.015471076949033718 207.13437731933595 
31.652427056277062 0.012428170768976217 213.8017060139974 
30.903100865800862 0.015244516298294075 171.86069335937498 
31.19801594516595 0.013183965537109361 196.34831347656248 
32.290516810966814 0.011892609114036558 207.8462564290365 
31.169632683982687 0.014139265029821421 179.64103918457033 
30.137217821067825 0.016299797376444315 196.4473680013021 
30.728958080808088 0.012838192186758532 256.6169326171875 
32.75023773448773 0.010725217777004237 282.9770523274739 
31.792461976911977 0.013603144691994178 171.2148494059245 
32.822932683982685 0.011303001443579206 240.0445252278646 
31.96599776334777 0.011839538952102657 236.07826802571614 
33.766737012987015 0.011408134374544606 220.17796166992187 
32.62179761904762 0.011246954349555962 268.6655402018229 
34.19940800865801 0.010125565945208068 288.79683186848956 
32.34556948051948 0.010477753401670464 340.7488953857422 
35.14481450216451 0.010521501702823639 254.2276204020182 
32.71664523809523 0.010289777519390576 333.81356176757816 
29.56952049062049 0.014690902438089857 314.3037957356771 
32.26918759018759 0.01067118796181678 294.6412888997396 
31.33513261183261 0.011987323221263882 266.34525236002605 
30.24665223665223 0.016163228607237318 185.93661405436197 
29.39395079365079 0.02064876746308565 237.34285803222653 
30.68363564213564 0.012325799418451775 304.33060953776044 
29.754641702741704 0.014334179090633413 311.49674267578126 
31.400183261183262 0.014828081888973714 167.59423791503906 
32.84139531024531 0.011770857701005923 218.0376857096354 
31.717520057720062 0.010893433865835666 347.27237353515625 
30.62072352092352 0.012827541474878796 266.1427792154948 
31.300949711399717 0.010937579481699478 356.8943532714844 
31.70538477633478 0.01411381156393048 164.28780334472657 
31.475535209235208 0.012158506978571414 246.06531595865886 
30.78084473304473 0.012553669316532621 257.2659900309245 
32.67434033189033 0.013143643584311027 176.11268745930988 
30.149364935064938 0.013801156314394469 272.4893363850912 
30.570931313131315 0.015699727251589315 185.46188134765623 
32.019072005772 0.01100368137274027 317.7670721028646 
30.648525468975468 0.011527018923339833 377.38045007324223 
30.092260317460315 0.015299129433431648 214.03819189453125 
29.89633362193362 0.014589573151721958 264.1796532389323 
29.572465945165945 0.017442818352565774 232.55193497721353 
31.253004473304472 0.01524386435386895 158.05631978352864 
30.301083261183262 0.014045445791730863 259.0370142008464 
31.012559018759017 0.013189789813814148 225.4512599283854 
31.85150382395382 0.012170533095285898 225.5893927408854 
30.94807417027417 0.01591034983970881 164.52360400390626 
33.01060591630592 0.011212731613578785 252.49582596842444 
30.134778066378068 0.013620215024509457 300.52335245768234 
30.46633463203463 0.012681944318141932 295.68498457845055 
29.68712655122655 0.01483429636006594 271.42741414388024 
31.92536507936508 0.01491440361711737 156.04445027669271 
29.396617460317458 0.018850588547191616 261.75201859537765 
30.523453823953822 0.015148702812883868 198.05042789713542 
32.688702886002886 0.012415936316683305 197.86568497721353 
30.983528282828285 0.015804628473148362 158.69319258626302 
30.388758297258295 0.01344477443152664 276.5868476155599 
29.94649018759019 0.01377210745811463 333.66810302734376 
29.946602308802312 0.014235951423027502 293.0713862711589 
32.195978210678206 0.012348762478888027 212.7179464111328 
31.028896681096686 0.010760800226449969 382.68113582356773 
30.52044069264069 0.01221606096803905 325.724744140625 
30.34656226551226 0.012469789118490228 373.5280807291667 
31.0773468975469 0.01500241041398052 165.54231302897136 
31.016768975468977 0.013883655331156222 195.70140897623696 
32.53104494949495 0.011085552546312806 270.3518397623698 
30.796474603174605 0.013315607221815606 232.29695568847657 
31.993692135642142 0.010358388724508276 354.4242432047526 
30.03629062049062 0.013104041608514772 350.11183056640624 
30.502844733044732 0.0133149900439167 257.2478201090495 
30.539018759018763 0.014283333879384973 207.96851053873695 
30.78723737373737 0.014777632394526008 187.8687687988281 
29.626930014430013 0.019677220963716522 204.4567244873047 
31.073435642135642 0.014516870308306189 181.36879296875 
30.91439018759019 0.012176787174723145 285.36643375651045 
