30.682362337662333 0.02014527651013376 184.96781396484374 
31.139129004329003 0.013542066435930747 228.48275146484377 
30.444029004329003 0.02271713235018018 186.82839331054686 
32.37478455988456 0.019555971758425238 145.15994986979166 
30.907103751803746 0.01567092043962716 190.24176416015627 
33.89338535353535 0.011830931422255043 211.25450069173175 
31.787340115440117 0.017743308994293192 166.04414998372397 
31.407559307359307 0.020893854938468924 160.69284733072917 
31.53666233766234 0.020761987869920718 152.04279069010417 
30.839495670995667 0.022549508513689025 174.8649111328125 
34.9746297979798 0.010609325870821487 234.41471317545572 
31.928940115440113 0.023508477978172265 141.45766984049482 
32.98789567099567 0.010857729284658429 297.41780712890625 
31.389840115440116 0.012373426359674922 318.8351776123047 
31.111440115440114 0.024716955003938713 161.12395540364582 
32.77671313131313 0.01948776133775946 145.83579386393228 
31.078392640692638 0.01648421040233612 176.3505908203125 
34.53587424242424 0.01036560784240007 258.4771026204427 
30.815992640692638 0.015912539790153498 190.2952607421875 
31.01807445887445 0.015465800905153737 197.94128637695312 
31.001929004329 0.025311965724051044 169.00061539713542 
31.030162337662336 0.015616764780998207 181.07427001953124 
31.182529004329 0.021983477476730347 158.56512736002605 
31.766173448773447 0.013858045203170792 175.75180859375 
31.305325974025973 0.015841922298059488 171.15320068359375 
31.86160678210678 0.015797760224401946 166.4513965657552 
31.158962337662334 0.015806261975481527 176.75596630859374 
30.500892640692637 0.02093577299329996 186.670962890625 
31.765662337662334 0.024676733177187393 142.46448697916668 
31.083473448773443 0.014632970863733281 217.97574462890623 
30.98759567099567 0.02045491135617256 170.30223592122397 
33.3738797979798 0.01906375030338522 151.43697998046875 
31.559406782106777 0.015131875613441488 169.36323193359374 
32.44295122655123 0.023075093130590876 140.9822167154948 
30.899729004329 0.025349866227683985 161.18503499348958 
31.261529004329006 0.021228614434263725 164.32239925130207 
31.378029004329 0.020391901298799545 165.6727150065104 
31.68877344877345 0.012223033242132655 273.7579774169922 
32.41957344877345 0.012592835086832068 204.5649150390625 
32.466958297258294 0.01858485909634592 155.62050313313802 
33.39797344877345 0.012323006420671932 181.2837858479818 
31.862526984126983 0.019374109163620444 159.16375215657553 
32.22539769119769 0.018144616243002457 158.7135789388021 
30.605195670995673 0.020890824723780173 178.04756640624998 
31.619773448773444 0.014093719748153669 180.81946484374998 
33.15439567099567 0.011001393259325025 279.87389550781245 
31.430273448773445 0.01540101494160653 177.7473896484375 
30.938662337662336 0.016477437901690026 181.81900830078126 
31.336890115440113 0.014200357576086549 196.93290771484374 
31.204273448773453 0.013425031349012859 221.21290917968753 
32.88375678210678 0.013312806480467298 165.91257983398438 
30.943529004329 0.027593123005304383 151.00477750651044 
32.17088455988456 0.019893854434492573 150.94408072916667 
32.02224011544011 0.012885736120262161 187.5774486083984 
32.22890678210678 0.013224978478431721 181.97221223958334 
31.070073448773442 0.015051818761110322 188.23427636718748 
32.311756782106784 0.013660113533213161 167.84611865234373 
31.650884559884556 0.0205806881768799 157.84049088541667 
31.199862337662335 0.014915208872118028 182.62198681640623 
30.486662337662338 0.021544486515045133 178.85880712890622 
31.42161233766233 0.01282494749747276 277.8776295166016 
31.304040115440117 0.025547762474403313 152.39250870768228 
31.486140115440115 0.013615300350401413 216.754814453125 
31.030862337662338 0.02593397630191799 153.26445930989584 
35.055129797979795 0.01099819442182779 219.28777201334634 
31.85797344877345 0.013023520267784585 194.2540994873047 
32.275562337662336 0.012472527427902218 225.05937288411457 
31.090106782106783 0.014126735781977165 249.27141699218748 
31.207329004329004 0.02605065011223797 145.41841056315104 
32.803223448773444 0.012379873501398568 200.82770642089844 
31.59594011544011 0.019298208653986473 163.2208517659505 
31.51588455988456 0.026122846486628108 144.08980729166666 
31.414773448773445 0.014149714469108555 186.95972644042968 
30.77872597402597 0.016294350546655657 190.80865771484375 
30.374279004329 0.021134912707672128 192.0407763671875 
31.996062337662334 0.014510360495283607 164.7749639485677 
30.811695670995668 0.020098829267313517 177.4246298828125 
31.79236789321789 0.013496534256289 208.71550244140622 
30.896329004329 0.01930523660984276 186.57848388671874 
32.224229004329004 0.011524611781120296 287.21401928710935 
31.766162337662337 0.020414699337663666 150.71819108072918 
31.155529004329 0.01450116442882778 207.83512207031248 
31.523023448773444 0.02498665355168346 148.48956526692712 
32.99744141414142 0.011897886859655385 218.30332491048176 
33.49097243867244 0.011959272613451486 204.05294673665364 
32.48725743145744 0.011348462326917661 254.39146333821614 
32.84537243867244 0.011912315539095409 232.63857954915363 
31.16147611832612 0.012650282506227484 313.0097638346354 
33.759024963924965 0.01003529407121898 311.45277307128913 
31.89699920634921 0.01185938170367241 304.8935676676432 
31.142915512265514 0.013269044636011132 278.3294900716146 
31.479315512265515 0.013878800789740091 216.90486092122396 
31.938188239538245 0.011902150679025645 280.12534220377603 
33.949007070707076 0.013032711340048292 176.70678255208333 
32.53397647907648 0.010893695256471627 285.10624430338544 
33.496058297258294 0.01116236790056466 212.08491975911457 
31.93399920634921 0.011653396170911792 320.5038867594401 
32.0397740981241 0.011664256422605525 302.35819498697913 
32.3230544011544 0.011943437635860437 234.42803194173177 
32.416844733044734 0.012848661257669926 213.9007509358724 
33.5745582972583 0.010972335510790354 232.92914632161455 
30.82295836940837 0.01417437304168941 261.4902510579427 
32.851872438672444 0.012449313683435898 193.87547249348955 
32.29276868686869 0.012582966172208769 224.49202974446615 
29.904609523809526 0.02609568053617717 198.42803352864587 
29.64021991341992 0.02687579946527721 208.7846969401042 
29.483432756132757 0.02253390941103936 327.8817061360677 
29.86321356421356 0.0202786464155221 234.79417268880206 
30.491289321789324 0.015333340868494489 207.58065291341148 
29.928299422799423 0.015626460826025017 283.5995609944662 
30.478408369408367 0.019815576624300456 194.94888753255208 
30.42277503607503 0.018551052248957166 201.51291658528646 
29.351299422799425 0.02180510860553742 330.2850393066406 
30.29989841269841 0.019434443002226333 202.58585384114582 
29.8712215007215 0.021181672067394228 208.87608907063805 
29.98923174603174 0.023009117413732995 199.89234212239583 
30.78488932178932 0.014580717387258994 224.8542146809896 
30.975389321789322 0.014715632250835891 217.01989400227865 
30.385078499278492 0.026404586042330234 183.57267354329426 
30.34647113997114 0.015566401917324049 235.42449837239587 
29.945531746031744 0.02825456167334553 197.21124674479165 
29.693808802308798 0.017403913608267294 290.47993253580734 
30.09147113997114 0.01521269733911752 260.25715657552087 
30.472471139971134 0.014674504062280642 275.3208904622396 
30.293917460317456 0.019449342825472348 213.70365157063802 
30.136581096681095 0.015874239796171176 241.93723864746093 
29.475809523809527 0.031859332494268394 205.60087369791665 
29.923198412698415 0.01822714622792246 248.19783133951825 
29.49552799422799 0.025446838943481473 249.46041752115883 
30.030420634920635 0.016567717126379004 215.2718710530599 
31.210373015873014 0.014558549055614442 206.13602888997397 
29.541228715728717 0.02093940008184674 264.4521548665365 
30.681204473304476 0.018588349595606325 194.28345703125 
30.49038455988456 0.01501798525911568 253.71595491536456 
31.62569062049062 0.013090770706341275 213.72637154134117 
30.46971789321789 0.015656554288771173 219.55807747395835 
30.31698672438672 0.030120245342066268 178.9753349202474 
29.475608369408363 0.029060660347521302 252.4136869303385 
30.924463924963923 0.015106061273291092 207.44659114583334 
30.714344877344878 0.014615095346186149 249.75182771809895 
30.144550505050503 0.015040375331344592 286.3483470865886 
29.729180375180373 0.017078966294291002 299.41180769856777 
30.096031746031745 0.023782350566122528 196.4780291341146 
29.471165945165943 0.0231419379923725 262.00704003906253 
30.40189971139971 0.016106631957743173 209.58484993489586 
30.114817460317457 0.020301108940222284 201.50620247395835 
29.692642135642135 0.022375566486361 208.4746953938802 
31.51367604617604 0.013415476437091829 230.73157307942708 
29.66579134199134 0.0250828601594567 224.6080437825521 
30.812905772005767 0.026431339009592554 174.20095284016926 
30.430293362193357 0.016312166304073346 201.34208076985675 
31.08241240981241 0.01301021208400964 286.2049639485677 
29.185432756132755 0.02549963846871612 284.15545357259117 
29.945637806637805 0.020068076770994675 219.1182732747396 
30.60938932178932 0.013474120097219959 311.9404886067708 
29.67836002886003 0.024148227342846388 253.00679951985677 
31.570275613275616 0.012762519421377185 276.8824340413412 
33.68162316017316 0.017435935954973694 156.85401521809894 
32.19437561327562 0.011564107435598383 302.34995442708333 
32.787937518037516 0.012373140004370196 225.33307991536458 
31.829944444444447 0.012158794868948452 244.71717744954427 
31.282247619047617 0.020024058739588253 174.6920792236328 
31.017881746031744 0.01414534323807002 282.0585149739583 
33.03243888888889 0.011229745014574542 254.70590897623697 
31.697655555555556 0.012914424974145872 231.0031697184245 
31.332087301587297 0.013091030700590612 254.53825801595053 
32.69186984126984 0.01250075557995795 219.12218505859374 
31.64927777777778 0.013944191786501392 209.55961372884113 
32.36114444444444 0.012302039541342256 228.5855799153646 
33.491369841269844 0.011673673642635331 229.69972595214844 
31.048277777777777 0.014294140850315105 244.70443111165366 
31.31859126984127 0.012638268315448746 291.7286814778646 
31.901944444444442 0.012239418179037585 231.64815450032552 
32.00434126984127 0.0119369495595193 241.01262569173178 
31.787020634920633 0.012398201071360098 264.6978249104818 
31.309930158730158 0.013294117788257589 241.96721012369792 
31.483405555555557 0.012987849307606214 237.40728243001303 
32.30425555555556 0.011891587531223309 241.29359582519533 
31.528325396825394 0.012345368946859841 296.82455310058594 
33.57224444444444 0.010942006347010126 249.71227600097654 
33.6543284992785 0.010216759247169494 381.45006363932293 
32.72956976911977 0.010619231242249007 380.4161921386719 
33.247114357864355 0.01082032915287972 375.66712662760415 
31.629869769119765 0.011648808984861375 389.8977282307943 
33.255647691197694 0.010405239242792136 394.6070661621094 
34.33756435786436 0.00954695782081842 397.2905912679037 
35.81704155844156 0.009637160465917591 368.38029182942705 
33.94838181818182 0.010549645544109355 298.67247863769535 
35.07794877344878 0.011786077425720697 210.23961983235677 
34.4953367965368 0.009832821948251724 351.17798234049474 
34.30951933621934 0.010700016643772117 281.3953415120443 
