30.577777056277053 0.012754181119976029 233.8116591389974 
30.79008816738817 0.012305948258295072 248.28271537272133 
33.154010750360754 0.013308269977858096 149.84746679687498 
31.461929004329004 0.011274920970497135 260.3689239501953 
32.51438564213564 0.014940365776739163 133.88114131673177 
34.147240187590185 0.00985349749405145 265.13563252766926 
31.620625324675323 0.015426371766433727 145.9857607421875 
33.92862272727273 0.011397816645622245 205.29699462890625 
31.4892082972583 0.01690934047275545 133.97872330729166 
30.783117965367964 0.012648899710807803 230.77801892089843 
33.12174018759019 0.010247077036917214 263.71349353027347 
32.05883369408369 0.01596517868423458 126.80369921875 
33.03383138528139 0.012792305408439604 166.5268947347005 
34.13720757575757 0.011573402479562771 194.4206824544271 
32.47462373737374 0.015441373176298177 126.21102657063801 
33.217738023088025 0.012206320010604876 179.14133072916667 
31.337870346320347 0.01918226456505061 138.04673575846354 
34.23970447330447 0.01043628059421539 242.18609444173177 
30.618423376623383 0.017434282210054414 153.48038362630209 
31.332787662337665 0.015829522347202342 146.87276086425783 
31.99298484848485 0.02335302503024098 122.80406701660156 
32.16577987012987 0.010360466975212106 315.312314819336 
32.047152741702746 0.01991170692167521 123.70811771647136 
31.235128932178938 0.022687884362230345 128.96588444010416 
32.613216378066376 0.010192655725250245 285.535140991211 
31.680040043290045 0.01609787583957671 138.5484963378906 
32.02302893217893 0.015312187344458076 133.2522255045573 
31.824022943722937 0.011339943808138376 224.04341902669273 
32.20809545454546 0.013075652784118668 167.694337890625 
29.537578787878783 0.01604214115175249 204.08237361653647 
32.269606277056276 0.012433130289163588 185.2164366455078 
30.298523593073586 0.014641310857355577 193.268046468099 
31.77193059163059 0.011949489595613481 207.191400390625 
30.849129004329008 0.012773237774429326 204.4859960530599 
32.90560844155844 0.012946207175912872 173.48333585611977 
32.25966688311688 0.013206576294574753 159.96396451822915 
30.08045454545455 0.014707857030394081 200.44635213216145 
31.69289227994228 0.012970962544918046 178.38193147786458 
31.29390266955267 0.02498775722905157 121.41203153483072 
29.29555505050505 0.024919319400808798 173.51767513020832 
29.84951616161616 0.01942380345184567 165.5927694498698 
30.542757431457424 0.025584086818602053 137.05597900390626 
31.12398571428571 0.01400335989408732 172.2477920328776 
31.185402669552673 0.02049514371615411 139.82049886067708 
30.681875396825394 0.017057225805342226 151.21325944010417 
29.55752727272727 0.026528308819830478 157.74918001302083 
30.17121414141414 0.0168388991317177 166.0001759033203 
31.767213780663784 0.021230065994474887 125.51722330729166 
30.338324891774892 0.030820801163434917 127.18917272949218 
31.32427489177489 0.014892099361314753 152.7156671549479 
30.8059746031746 0.023085401122150434 132.21091467285157 
29.746971717171714 0.017709088984034057 170.37308032226565 
30.85885505050505 0.01777299877180097 143.25574092610677 
30.020868542568543 0.016709878542635455 173.90405053710936 
29.604067676767674 0.018842117578814065 172.17462935384114 
30.134602164502162 0.021775492997286306 150.8822625325521 
30.925230952380947 0.021047731669008737 132.51083341471355 
29.875729653679656 0.02352152865734336 148.1967648111979 
30.957713780663777 0.026631847327253825 120.79136775716145 
29.663709090909087 0.01771520691728832 182.46920552571612 
30.988319336219337 0.013695736099853495 189.31844592285157 
31.326736002886 0.02175717825411799 126.35518631998697 
30.371663275613276 0.02846880160274742 131.56749080403645 
31.727382467532465 0.014414147923746077 151.011623819987 
30.078805050505046 0.0273235904072785 141.73246931966145 
31.63089761904762 0.015613617988195433 144.91436063639324 
29.823436363636365 0.028545795182933834 141.83149743652342 
31.219680447330443 0.016646825128755587 141.13781726074217 
29.953882828282826 0.015765046689748777 181.3085703531901 
29.98248362193362 0.028723255411932543 136.78732014973957 
29.840393434343426 0.016027331257650865 190.1552596842448 
31.056095310245304 0.012310573117103596 229.05458752441405 
30.099865656565658 0.019575109961986525 157.25109354654947 
30.437860966810966 0.02335808809572463 138.78680692545572 
29.08018636363636 0.024174515878221958 176.15930139160156 
30.76241248196248 0.027951611226797096 120.9868954671224 
29.587498989898986 0.02186460358747485 166.7410744222005 
29.985093939393938 0.01748070599757195 164.44412341308595 
32.0790753968254 0.013958413803312758 142.1207978515625 
29.46396695526695 0.02320063433051108 164.90074344889322 
31.429591341991337 0.012126910434665674 221.4840479329427 
29.541693939393937 0.026201995350840092 162.96521248372395 
30.41990137085137 0.018865378560314165 150.95017045084634 
30.38561854256854 0.016822520116388802 155.60637377929686 
29.842105050505047 0.016435680619738085 180.18612931315104 
29.436105555555557 0.018539445802316673 196.91829361979165 
29.600424098124094 0.022929730894682376 155.86048990885416 
30.165086291486286 0.014644288141002625 197.91065661621093 
34.033656349206346 0.013138442961130137 156.35104349772135 
29.376555050505043 0.019048447781145575 181.0186005859375 
30.200651370851368 0.02005157947401045 151.43442484537758 
30.666249494949497 0.015966637929270253 156.69731722005207 
29.280964141414138 0.02298324330854416 177.97099133300782 
30.2857715007215 0.02363709754087683 140.11470100911458 
30.97780238095238 0.016051223980960875 151.4238846435547 
31.247036507936503 0.020598812986431122 131.27607613118488 
30.248646320346325 0.01810642071306464 155.64078637695314 
30.663547113997115 0.02165066922313925 139.85464192708332 
33.9990575036075 0.012089291764757634 185.50308357747394 
32.835468326118324 0.010047389933302411 309.70521586100256 
34.23999646464647 0.011264717816412449 205.77442561848957 
32.219844949494956 0.010343951661922934 300.5525362141927 
30.651040620490623 0.020936088354895133 149.3373127034505 
33.94988650793651 0.01069782369194984 238.99977193196617 
31.94977352092352 0.010210412621977315 330.6290204264323 
33.41965014430015 0.009979376808168882 287.6963599446615 
31.505300505050503 0.010558699409077173 373.9367845052084 
31.98682431457431 0.014404057496130487 146.84581302897135 
32.211055627705626 0.015168434149458431 139.26302799479168 
32.65543225108226 0.013831459519157435 148.64914717610674 
33.43480800865801 0.013273539644215106 152.35788936360677 
31.552952453102456 0.01224300513820887 220.41630537923177 
31.8912461038961 0.011078400617716321 262.45701029459633 
33.08179054834055 0.010399359349117279 278.2611201578776 
29.747675829725836 0.017179047071561843 182.64660420735675 
31.551200072150074 0.016325454590806997 142.27769942220053 
33.13408578643578 0.014184511408386263 141.90892972819012 
33.152365584415584 0.01239271366888283 178.3051437988281 
34.086774675324676 0.013658847182610047 141.9250216878255 
31.16148795093795 0.013956782677195086 173.09681424967448 
31.733166738816738 0.0147581812118745 147.6860897623698 
30.95975764790765 0.015571753969106645 155.176883992513 
34.16415245310245 0.012712477719774223 160.4078963216146 
30.908550072150074 0.017380304005815993 150.8093566080729 
32.44097669552669 0.013064497986545546 169.91244209798177 
31.753590981240983 0.01542273702229498 136.865464070638 
32.7227215007215 0.01204927756318093 190.28430541992185 
31.25334098124098 0.014880991692438091 154.06765470377604 
33.89096911976912 0.012556784680483359 167.3365402018229 
31.360424314574317 0.015502319387247554 146.89627075195312 
32.52444653679654 0.014430082042732243 140.89782682291667 
32.56302113997114 0.011117704168512814 218.25578450520834 
30.865624314574315 0.016229307182607674 155.1715780029297 
34.32391002886003 0.011925630318644034 182.30093416341145 
33.0239715007215 0.011655598178386694 204.29429125976563 
33.3404766955267 0.01184601609506847 195.12088916015625 
32.15304271284271 0.012141359637796887 192.70424959309895 
30.67508556998557 0.01291368063612938 230.06354349772135 
30.334297258297262 0.012132383119490144 293.415809366862 
32.10755295815296 0.014605659027578847 141.9727432454427 
30.775019769119773 0.01977534491764067 143.5797693684896 
32.91243217893218 0.009896002803967005 311.38206201171874 
31.41729509379509 0.012684685993731007 182.10064811197918 
32.7274797979798 0.010157175963041774 340.2047602945963 
30.701888167388166 0.013269550997018797 199.55394803873696 
31.107985425685424 0.010881272239496713 283.4111146647135 
35.17280274170274 0.01080417083759546 232.10690592447915 
31.5953961038961 0.01196349360642672 194.55621846516925 
31.509930880230876 0.013594585942945471 169.4433984781901 
30.601915873015873 0.015025567822039088 164.99041674804687 
33.4008746031746 0.010029122504713528 287.1967632242838 
31.768604617604616 0.011354580389330389 236.51725931803384 
31.447646608946606 0.015115895535459516 147.8293389485677 
31.042668326118324 0.012689795414209384 201.11594681803385 
30.957684126984123 0.013786108636019234 178.75748242187498 
31.209357864357862 0.013507503589067433 180.82136588541667 
31.84826984126984 0.013311235817253601 164.48332531738282 
32.22328152958153 0.012792005759117604 175.17498234049478 
33.58221096681096 0.011384345322313295 215.37723815917968 
31.350416883116885 0.01132328352553607 240.0752392985026 
31.152425974025974 0.011199626615037928 262.18098502604164 
30.97788816738817 0.012508594968404787 218.0385967203776 
30.391908369408366 0.012260999610998649 272.71867899576824 
31.819321356421355 0.014431129317400489 148.19256669108074 
31.173876911976908 0.015567621562540535 148.4672823486328 
31.360113275613273 0.012632410923280728 190.08306681315105 
31.3846823953824 0.012035041844484793 224.7732578125 
31.845464213564213 0.020288686201820404 132.32946219889322 
30.96261486291486 0.012145219386539443 231.98895939127604 
30.93759321789322 0.013234940484449847 189.98735522460936 
31.22015873015873 0.01391741676925659 166.15528837076823 
32.60112222222222 0.013287437139549236 153.201782430013 
30.09830028860029 0.020644862292766582 162.61067618815105 
30.707658297258295 0.014305521032810202 177.00576033528645 
29.467583838383838 0.014158486460993292 238.3508059488932 
30.823052092352096 0.012112904904689782 235.0708290201823 
30.034720346320356 0.012859850246489044 242.30779170735678 
32.25874256854257 0.010969506224920758 238.83423567708337 
29.3621126984127 0.015307568443300744 231.5778683268229 
32.22954494949495 0.011704665398836136 199.05880863444008 
30.342664790764793 0.012816635503122793 232.03437040201825 
32.52636875901876 0.010920246117630006 225.305882039388 
29.295779365079365 0.01395355121120452 272.0125643310547 
31.311612698412702 0.013788376127245438 155.9403690592448 
29.755522510822516 0.017017393041231656 183.39269580078127 
31.394877777777776 0.013345346788885602 172.07915201822917 
29.834346031746037 0.014311957575514329 203.05323754882812 
31.207477777777775 0.013799481805934887 170.79882832845053 
30.1728012987013 0.014208649029943943 194.71473303222655 
30.36000158730159 0.014315689516201045 180.8761797281901 
29.96230764790765 0.011665192982635502 313.8274983723959 
30.180541269841274 0.014870928712520581 179.18011934407554 
31.847346031746028 0.011591888095102304 216.83407287597657 
29.423668253968252 0.013427622940816864 306.4876594238281 
33.73831370851371 0.010852569177649015 222.24202099609374 
31.484968253968255 0.012258656799509531 187.0912625325521 
34.280433044733044 0.009722769380807881 302.930439453125 
30.02755028860029 0.016660858544371104 166.74658886718748 
29.32039047619048 0.015826103920469296 214.7986775309245 
30.005975901875903 0.013319181513597955 228.31485673014322 
29.978017460317464 0.015550349541304114 176.14965771484376 
30.21370764790765 0.010965675081834795 365.11621284993487 
31.256957864357865 0.020393159835968025 140.44567606608072 
30.584452886002886 0.010946072364237303 350.34632507324216 
31.25202857142857 0.013082534650232814 186.91863289388021 
30.311957647907647 0.011590527788927546 309.47551590983073 
29.132645238095236 0.013917172519741061 292.6612446289063 
29.57975367965368 0.013436703328325734 250.41197001139324 
30.72364444444445 0.01431901761713263 167.4531065266927 
28.97066796536797 0.019701211367845566 240.2246340332031 
29.80912510822511 0.012970414283754839 258.73995886230466 
29.56498888888889 0.015475828776075845 204.67180387369794 
29.48578542568543 0.012865053947508342 323.5197595621745 
33.27197294372294 0.009483302255716326 334.8868830566406 
29.831195238095237 0.021637274864103793 157.92917138671874 
30.434422222222224 0.013508352118339555 189.52974621582032 
31.24368744588745 0.010794396824362278 347.4869847412109 
29.90068412698413 0.014845116155729305 192.1403243408203 
30.02212777777778 0.020839455555477157 157.5497833251953 
30.66040057720058 0.014963027540266521 157.31771004231769 
29.586845238095243 0.02233298300029996 176.1037693684896 
31.020944444444446 0.011792887039422984 234.70085078938806 
30.917133044733045 0.01233176840620996 222.23592744954428 
29.67566796536796 0.012155807565405357 309.77520231119786 
30.24793463203463 0.013339803275415875 205.0962908121745 
29.59102063492064 0.013294291213274008 274.0360865478516 
32.34694148629149 0.013158643558084935 158.87726334635417 
29.043421428571428 0.01532924873543738 243.55223913574218 
30.4192012987013 0.01245976590162516 253.65202148437498 
31.301346536796537 0.010126126866743558 380.19270556640623 
31.398320346320343 0.012450961871948257 203.2232589518229 
29.68143174603175 0.020577823449633107 171.47896240234377 
29.67882698412699 0.015537034199354665 192.33459765625 
30.166620346320347 0.012333959677639 261.26893123372395 
33.071357647907654 0.009775417527971281 293.1936815592448 
30.086156349206348 0.015485131227114188 167.00978027343749 
30.476395526695526 0.01614801543361904 157.87997501627603 
31.872422727272724 0.010604419514122006 299.14656888834634 
29.371606349206353 0.021284428620913006 192.378060546875 
32.60878333333333 0.012168556377336975 185.1608008219401 
29.647523520923524 0.014481255138704798 206.8339283447266 
30.463807647907647 0.013007969849929822 212.97179109700522 
30.654457864357866 0.020804387950003146 141.66435172526042 
29.502763492063494 0.01471953837108613 212.45006774902345 
30.853001587301588 0.012878100386545663 196.19972045898436 
29.11721587301587 0.015559392904672602 234.33868802897135 
30.646856854256857 0.013798307602510473 181.5939503580729 
32.58447987012987 0.009550546385049825 360.9176431884766 
29.73851240981241 0.013972788544180367 216.79002478027343 
30.515845743145746 0.011833753352394092 271.71255981445313 
30.921525396825402 0.014559250247576223 157.34548852539064 
31.689488888888892 0.013410594877634074 155.32333353678388 
31.943585425685423 0.012589213244094836 176.7437527669271 
30.304517460317467 0.01486212344389201 165.78856982421877 
28.9211492063492 0.02112434237408638 277.05177941894533 
29.296051298701304 0.014501962155878526 248.4925604248047 
30.031696536796535 0.012172463703272327 299.2450831705729 
33.177622438672444 0.012228298799812812 182.59324694824218 
31.197119769119762 0.013731416005935698 178.94884220377605 
31.853133910533906 0.013912661654233898 153.15197428385417 
32.350096031746034 0.01271489220911265 174.07588834635416 
31.652131385281383 0.014380638674318814 155.8654630533854 
31.029177344877343 0.014263917519524116 178.26888741048174 
31.02370562770563 0.013068062429487715 191.82599763997396 
30.490293073593076 0.012513300635585794 236.41796240234373 
33.0523961038961 0.010526867244958882 242.85493819173178 
31.33663975468975 0.013082483603594324 184.10673014322919 
33.35612251082251 0.010854910652389528 229.7766932779948 
28.945254978354978 0.02045539561511037 262.3811629231771 
30.33952178932179 0.013356648901929861 201.12927661132812 
30.591365945165943 0.01431154669399497 178.49811568196617 
30.07244083694083 0.01537636784530638 189.848388671875 
30.220656926406928 0.022995496238794298 148.55157096354168 
29.751721645021643 0.01561261317161561 191.5851774495443 
31.08441515151515 0.01227683967687844 207.59960721842447 
30.26726825396825 0.012348349214851848 255.24071093749998 
32.18798896103896 0.012451399264671792 175.42408854166666 
32.38945064935065 0.010503539366915227 261.36784232584637 
29.698272655122654 0.02145751477036712 164.38325158691407 
30.329312554112548 0.014274767174217717 189.8707275797526 
30.890520995670997 0.01506977392578124 156.84631770833334 
30.759755772005775 0.01436468038796427 166.21382356770835 
29.49830497835498 0.016566222819566698 190.8146980794271 
30.030188455988455 0.01357405529154776 208.68631958007813 
29.539583694083696 0.01344918432406427 278.5181305745443 
32.59911774891774 0.010201239138069163 286.73280183919275 
31.704979076479077 0.011616022313215749 213.9818809000651 
29.773191125541125 0.016853077551662918 179.17923795572915 
29.796204184704184 0.013557718682434555 228.87227087402343 
31.94291926406926 0.015005601628992551 145.4883564860026 
32.96305461760462 0.012739410377349833 167.09350052897136 
30.731323376623376 0.012926719501497765 207.37090014648436 
30.445708658008652 0.011722185194215768 279.82287125651044 
29.38166226551227 0.021506764985535144 177.1036521402995 
29.05978116883117 0.017727767291650754 200.7828809000651 
29.251171861471857 0.015479840315189366 230.953376180013 
30.56844372294372 0.011601554385557173 255.9178407796224 
31.8489658008658 0.010832425280478016 263.21888240559895 
31.37537958152958 0.015824776287386436 142.85117728678384 
32.60969307359307 0.013922013134405614 151.69919209798178 
30.687677489177485 0.013336613315639519 192.06863720703126 
31.24671291486291 0.014413904124364824 155.8568378499349 
29.780703246753248 0.014938891116371176 198.57970996093752 
30.14706031746032 0.01301373902825358 227.50654130045572 
29.31630339105339 0.016731347115585788 199.30132393391926 
30.97855238095238 0.011718239347717761 242.97277034505206 
30.878348629148633 0.012406136490938646 220.6065674235026 
32.03598398268397 0.010572533956243985 297.55894319661456 
30.50529343434343 0.022048818824768106 147.91390218098957 
30.706071212121216 0.01636045532724616 156.18131982421875 
29.864680519480515 0.013055531437933462 244.48948986816407 
29.31305916305916 0.014297095344307443 270.38255977376303 
29.525950360750358 0.013981081145498763 246.69781172688803 
30.37775952380952 0.017270153922500645 157.90111730957028 
28.9309670995671 0.02108599574998855 207.3844266357422 
28.989743073593072 0.022108887851116685 191.28969071451823 
32.15000519480519 0.011666585904982096 203.86176607259114 
31.81291529581529 0.01333785785573961 173.7373790690104 
29.25020086580087 0.020697152765419488 193.46014347330728 
31.364096969696966 0.011596867269327632 226.28957153320312 
29.362039105339107 0.013499732930061825 297.43769624837245 
29.939343578643573 0.012502192822525515 266.39376342773437 
31.075217243867236 0.015898971835444017 143.04926920572916 
30.292954329004324 0.014788618877460951 175.86162707519532 
29.749210678210673 0.012746436009750372 301.33963696289067 
30.394769913419914 0.012999283488705136 217.57880114746092 
29.232417532467526 0.016536724075605864 220.40099637858071 
30.05486118326118 0.014202703043339262 203.04512833658853 
29.75239408369408 0.014303776484310617 207.78416414388022 
30.563008658008656 0.011108270505905153 312.77012329101564 
31.469507142857136 0.01237672732500075 193.13526053873696 
29.477368109668106 0.01626600422649619 206.6448710123698 
29.57057662337662 0.014049065886614314 217.5035243733724 
30.31947813852814 0.01568617726793524 165.23229817708335 
