33.391325396825394 56.21144375 
33.39197420634921 53.43113352864583 
33.837936507936504 52.433765234375 
33.08882539682539 56.435207226562504 
32.90397420634921 56.9176794921875 
32.77647420634921 60.947672460937504 
32.808974206349205 57.328363020833336 
32.56532837301587 61.13763792317709 
31.561395833333336 69.39385867513022 
32.80445833333333 58.448251595052085 
31.30916369047619 77.27255486653647 
32.16545833333333 61.97656525065104 
31.82763095238095 62.67730729166667 
31.99758333333333 62.281800227864586 
31.706068452380954 66.23354142252605 
31.917880952380948 62.387008040364584 
32.17945833333333 61.896688118489585 
