28.926630952380947 43.16614694552952 
25.992113095238096 72.69177385525174 
28.222934523809528 47.48978060980903 
27.78669246031746 49.320684537760414 
28.045129960317457 48.333910579427084 
29.161309523809525 43.10035499674479 
26.002684523809524 71.94723749457467 
25.93614384920635 73.28312240125868 
25.50677976190476 89.12509587673611 
25.82815773809524 73.53703464084202 
29.4216746031746 39.60911057942708 
26.40091964285714 62.2048556749132 
26.333895833333326 63.6874842719184 
27.87287301587302 48.503805387369795 
26.046333333333337 68.29004044053819 
29.864128968253972 38.744969618055556 
29.926733134920635 38.70682014973959 
29.991712301587302 38.49932985026042 
31.236435515873012 33.47644373372396 
30.922060515873017 33.68428369140625 
29.654114087301586 39.43881176757813 
30.695908730158727 34.233922840711806 
30.257587301587296 37.550031754557295 
31.876596230158732 33.29951349283854 
30.53562301587301 37.23825262044271 
30.8255873015873 33.78769957682292 
31.017114087301593 33.60077553710938 
29.941301587301588 38.563157682291674 
30.00337896825397 38.16580256076389 
29.21506646825397 40.58192635091146 
31.789468253968256 33.33270994466146 
31.749780753968253 33.362737141927084 
30.56873313492063 37.118738216145836 
30.343975198412693 37.242643570963544 
30.0136378968254 37.77872963867188 
30.785768849206345 34.00504069010417 
30.137893849206353 37.67491396484375 
29.715995039682536 39.2193881998698 
29.691914682539682 39.37870724283854 
30.277219246031745 37.34645924479167 
29.752655753968252 38.76911164279514 
31.925762896825393 33.01606863606771 
28.884956349206345 44.304074153645836 
28.510634920634914 45.26380594075521 
28.577727182539682 44.73222293294271 
31.315206349206345 33.39047954101562 
30.6426378968254 37.10315159505208 
27.061105158730157 56.0130171061198 
27.447765873015875 54.60429171549479 
27.450676587301587 51.440735823567714 
26.179234126984124 65.35490789388021 
26.54426587301587 56.69741931966146 
27.069179563492064 54.97934554036459 
25.686069444444446 77.3610430013021 
27.775608134920635 50.93456416015625 
26.537173611111108 61.101004020182295 
25.826884920634917 76.96827316080729 
27.3135248015873 54.73010509440104 
