31.7096626984127 38.392281271701385 
30.986001984126982 47.13174337022569 
31.480956349206348 41.74145360243055 
31.2401626984127 45.49762443576388 
31.876940476190477 37.70062384982639 
30.354591269841272 62.06631526150174 
30.161376984126985 66.60479374457465 
31.5241626984127 38.47070345052084 
31.384341269841265 42.88779903971354 
31.317242063492063 43.09895966796876 
31.49376984126984 38.501386859809024 
31.8922876984127 36.99284079318576 
31.32212301587301 43.04822463107639 
30.31743849206349 65.67492486436632 
31.886926587301588 37.419593180338545 
30.748646825396825 54.18616764865452 
30.63409126984127 54.58344605577257 
31.7565376984127 37.85269565972222 
30.850353174603175 50.71148617621528 
30.535234126984125 57.84324203559028 
30.998448412698405 46.923535601128464 
30.769301587301584 53.901046430121525 
31.39295634920635 42.04194204644097 
31.444234126984128 41.79740734592014 
30.479914682539686 61.82502994791667 
30.09476587301587 69.33584287109375 
31.16324603174603 46.239606434461805 
30.54994345238095 56.97103299696181 
31.313800595238092 45.26239166124132 
34.889316468253966 32.587460709635415 
33.23375099206349 33.55041450195313 
33.076965277777774 33.61736521809895 
32.63896924603175 34.13836687825521 
34.03928670634921 32.82097713216146 
33.16363194444445 33.60349475911458 
33.39821527777777 32.91463881835938 
32.92574503968254 33.64108706054688 
32.517719246031746 34.17900481770833 
