28.79741765873016 32.85248977864583 
28.594667658730156 36.33451969401042 
28.67866765873016 32.9573125 
28.80700099206349 32.7962646484375 
30.207233134920635 31.568153271484377 
28.85758432539683 32.76529261067708 
30.354750992063494 31.490568343098957 
28.46200099206349 36.4397646484375 
28.557875992063494 36.35405942382812 
28.482375992063492 36.43166201171875 
29.4776498015873 31.944242854817706 
30.064191468253966 31.569686800130206 
28.927417658730157 32.6145845703125 
29.84273313492064 31.732775862630206 
28.82737599206349 32.78816201171875 
27.883188492063493 41.05397248263889 
29.882316468253965 31.672659147135416 
30.52860813492064 31.373801302083336 
29.1583998015873 32.27797970377604 
29.04804265873016 32.46131578776042 
29.581649801587297 31.863409147135417 
28.901167658730163 32.70168979492187 
28.761209325396827 32.863951708984374 
28.34204265873016 36.59835965169271 
29.819608134920635 31.752240397135417 
28.974667658730162 32.591543359375 
30.017691468253968 31.64798312174479 
28.98304265873016 32.58909051106771 
29.118858134920636 32.355141487630206 
28.62966765873016 36.235043359375005 
28.500584325396822 36.41444239908854 
29.832691468253973 31.749079573567705 
28.354042658730158 36.58664125976562 
28.86716765873016 32.70906748046875 
28.333667658730157 36.6008125 
29.700649801587304 31.756653678385415 
29.4747748015873 31.990854833984375 
29.660858134920637 31.835748209635415 
29.5966498015873 31.837487386067703 
28.26354265873016 36.69050922851562 
28.37554265873016 36.555012288411454 
28.59766765873016 36.27496489257812 
29.3873998015873 32.03976585286458 
28.393834325396824 36.50754672851562 
28.71845932539683 32.87821796875 
29.446233134920636 32.020884537760416 
30.38910813492064 31.459112320963545 
29.8593998015873 31.673145865885417 
28.633146825396828 33.09544936523437 
27.96439682539683 40.828080712890625 
28.999858134920636 32.46189695638021 
29.34760813492063 32.11886038411458 
28.68704265873016 32.95485965169271 
28.50179265873016 36.3606701171875 
28.4098998015873 36.46223266601562 
28.72683432539683 32.87576512044271 
28.772834325396826 32.85666904296875 
27.967855158730163 37.19282029622396 
29.556858134920635 31.916581917317703 
29.581149801587298 31.914884440104167 
28.101042658730158 36.787751350911456 
28.61779265873016 36.268118017578125 
28.4703759920635 36.43731180013021 
29.95981646825397 31.648781331380206 
27.943855158730155 41.04318898111979 
30.02556646825397 31.646079199218754 
29.352899801587302 32.09969025065104 
29.07756646825397 32.35577882486979 
28.63200099206349 33.13448826497396 
29.265524801587297 32.14860126953125 
29.237024801587303 32.15790099283854 
28.287000992063497 36.636965608723955 
29.197233134920634 32.23699552408854 
29.3842748015873 32.04377854817708 
28.642542658730157 33.04570014648437 
28.578000992063494 36.347212548828125 
31.5190873015873 30.31269381510417 
31.712837301587296 30.235429947916664 
31.193399801587304 30.36227088216146 
30.538399801587303 30.625059814453124 
31.9978373015873 30.066461979166668 
31.022316468253972 30.4438298828125 
30.889489087301587 30.46507495117188 
27.87165873015873 57.007108631727434 
30.8525248015873 30.492748535156252 
30.796108134920633 30.61148341471354 
