30.24747023809524 45.33629779188368 
31.429236111111113 31.96751515842014 
31.889249999999997 31.74083319227431 
30.317095238095238 41.198459174262155 
30.417178571428572 36.55232580295139 
30.327976190476193 41.03445717230903 
30.952720238095242 32.164328103298615 
30.39563095238095 36.59073765733507 
30.472297619047616 36.320919330512154 
30.64185119047619 35.99588952907986 
30.33563492063492 36.99260202907986 
31.697214285714285 31.775864181857642 
31.25476785714286 32.14961830512153 
31.31404761904762 31.9925967827691 
30.70738095238095 35.97392805447049 
30.150684523809524 45.89923997938368 
30.742309523809524 32.7991558702257 
